4,19958069,-1,8,-1,19950914
4,19950421,-1,8,-1,19944837
4,19940421,-1,8,-1,19939833
4,19930376,-1,8,-1,19929478
4,19941044,-1,8,-1,19940806
4,19930415,-1,8,-1,19927587
4,19930399,-1,8,-1,19929678
4,19949538,-1,8,-1,19940925
4,19940328,-1,8,-1,19938526
4,19974369,-1,8,-1,19970974
4,19970282,-1,8,-1,19961191
4,19948320,-1,8,-1,19941001
4,19950394,-1,8,-1,19948765
4,19960411,-1,8,-1,19954727
4,19927316,-1,8,-1,19921004
4,19980875,-1,8,-1,19980564
4,19960372,-1,8,-1,19952555
4,19980334,-1,8,-1,19972787
4,19959573,-1,8,-1,19951007
4,19939782,-1,8,-1,19930956
