0,-1,24,2,3,7,4,19940101,19950101
0,-1,24,2,4,7,4,19940101,19950101
0,-1,24,2,5,9,4,19940101,19950101
0,-1,24,2,5,7,4,19940101,19950101
0,-1,39,2,5,7,4,19940101,19950101
0,-1,19,2,5,7,4,19940101,19950101
0,-1,12,2,5,7,4,19940101,19950101
0,-1,24,2,5,6,4,19940101,19950101
0,-1,24,2,5,7,4,19943347,19950101
0,-1,24,2,5,8,4,19940101,19950101
0,-1,24,2,3,7,4,19940101,19950101
0,-1,24,2,5,7,4,19946667,19950101
0,-1,24,2,5,7,4,19941617,19950101
0,-1,24,2,5,7,4,19949069,19950101
0,-1,24,2,5,7,4,19942948,19950101
0,-1,24,2,5,7,4,19949699,19950101
0,-1,24,2,5,7,4,19943745,19950101
0,-1,3,2,5,7,4,19940101,19950101
0,-1,24,2,5,7,4,19945520,19950101
0,-1,24,2,5,7,4,19947958,19950101
0,-1,24,2,5,7,4,19946944,19950101
0,-1,1,2,5,7,4,19940101,19950101
0,-1,24,2,5,7,4,19945791,19950101
0,-1,24,2,5,7,4,19945199,19950101
0,-1,24,2,5,7,4,19942949,19950101
0,-1,24,2,5,7,4,19949423,19950101
0,-1,24,2,5,7,4,19948112,19950101
0,-1,24,2,5,7,4,19942008,19950101
0,-1,24,2,5,7,4,19946353,19950101
0,-1,4,2,5,7,4,19940101,19950101
0,-1,24,2,5,7,4,19944294,19950101
0,-1,24,2,5,7,4,19946464,19950101
0,-1,24,2,5,7,4,19944406,19950101
0,-1,24,2,5,7,4,19945445,19950101
0,-1,24,2,5,7,4,19947725,19950101
0,-1,24,2,5,7,4,19945243,19950101
0,-1,24,2,5,7,4,19943532,19950101
0,-1,24,2,5,7,4,19942553,19950101
0,-1,24,2,5,7,4,19949791,19950101
0,-1,24,2,5,7,4,19944976,19950101
0,-1,1,2,5,7,4,19940101,19950101
0,-1,24,2,5,7,4,19942326,19950101
0,-1,24,2,5,7,4,19942214,19950101
0,-1,24,2,5,7,4,19945999,19950101
0,-1,24,2,5,7,4,19943967,19950101
0,-1,3,2,5,7,4,19940101,19950101
0,-1,24,2,5,7,4,19942811,19950101
0,-1,24,2,5,7,4,19941690,19950101
0,-1,24,2,5,7,4,19942020,19950101
0,-1,24,2,5,7,4,19941981,19950101
0,-1,1,2,5,7,4,19940101,19950101
0,-1,24,2,5,7,4,19947664,19950101
0,-1,1,2,5,7,4,19940101,19950101
0,-1,24,2,5,7,4,19949809,19950101
0,-1,24,2,5,7,4,19949412,19950101
0,-1,24,2,5,7,4,19947220,19950101
0,-1,2,2,5,7,4,19940101,19950101
0,-1,24,2,5,7,4,19948233,19950101
0,-1,4,2,5,7,4,19940101,19950101
0,-1,24,2,5,7,4,19942366,19950101
0,-1,24,2,5,7,4,19943030,19950101
0,-1,3,2,5,7,4,19940101,19950101
0,-1,4,2,5,7,4,19940101,19950101
0,-1,24,2,5,7,4,19942662,19950101
0,-1,24,2,5,7,4,19949374,19950101
0,-1,24,2,5,7,4,19947077,19950101
0,-1,4,2,5,7,4,19940101,19950101
0,-1,24,2,5,7,4,19942287,19950101
0,-1,2,2,5,7,4,19940101,19950101
0,-1,24,2,5,7,4,19941512,19950101
0,-1,2,2,5,7,4,19940101,19950101
0,-1,24,2,5,7,4,19942916,19950101
0,-1,24,2,5,7,4,19944436,19950101
0,-1,24,2,5,7,4,19942232,19950101
0,-1,24,2,5,7,4,19941547,19950101
0,-1,24,2,5,7,4,19948966,19950101
0,-1,24,2,5,7,4,19944275,19950101
0,-1,4,2,5,7,4,19940101,19950101
0,-1,1,2,5,7,4,19940101,19950101
0,-1,24,2,5,7,4,19941742,19950101
0,-1,24,2,5,7,4,19945735,19950101
0,-1,24,2,5,7,4,19947906,19950101
0,-1,24,2,5,7,4,19942696,19950101
0,-1,24,2,5,7,4,19948929,19950101
0,-1,24,2,5,7,4,19949452,19950101
0,-1,24,2,5,7,4,19948961,19950101
0,-1,3,2,5,7,4,19940101,19950101
0,-1,24,2,5,7,4,19948835,19950101
0,-1,24,2,5,7,4,19946538,19950101
0,-1,24,2,5,7,4,19947443,19950101
0,-1,24,2,5,7,4,19944497,19950101
0,-1,24,2,5,7,4,19949381,19950101
0,-1,1,2,5,7,4,19940101,19950101
0,-1,24,2,5,7,4,19943711,19950101
0,-1,24,2,5,7,4,19942510,19950101
0,-1,24,2,5,7,4,19948188,19950101
0,-1,24,2,5,7,4,19941494,19950101
0,-1,4,2,5,7,4,19940101,19950101
0,-1,24,2,5,7,4,19948721,19950101
0,-1,24,2,5,7,4,19945319,19950101
0,-1,24,2,5,7,4,19942994,19950101
0,-1,24,2,5,7,4,19947115,19950101
0,-1,24,2,5,7,4,19944001,19950101
0,-1,24,2,5,7,4,19949289,19950101
0,-1,3,2,5,7,4,19940101,19950101
0,-1,24,2,5,6,4,19940101,19950101
0,-1,24,2,7,7,4,19940101,19950101
0,-1,17,2,5,7,4,19940101,19950101
0,-1,24,2,6,7,4,19940101,19950101
0,-1,24,2,7,7,4,19940101,19950101
0,-1,11,2,5,7,4,19940101,19950101
0,-1,24,2,7,7,4,19940101,19950101
0,-1,24,2,5,7,4,19942770,19950101
0,-1,24,2,5,7,4,19941822,19950101
0,-1,24,2,5,6,4,19940101,19950101
0,-1,24,2,5,6,4,19940101,19950101
0,-1,24,2,5,7,4,19940101,19940850
0,-1,24,2,7,7,4,19940101,19950101
0,-1,24,2,5,7,4,19947703,19950101
0,-1,4,2,5,7,4,19940101,19950101
0,-1,24,2,6,7,4,19940101,19950101
0,-1,24,2,5,7,4,19944769,19950101
0,-1,12,2,5,7,4,19940101,19950101
0,-1,24,2,5,6,4,19940101,19950101
0,-1,16,2,5,7,4,19940101,19950101
0,-1,6,2,5,7,4,19940101,19950101
0,-1,24,2,5,7,4,19944455,19950101
0,-1,12,2,5,7,4,19940101,19950101
0,-1,24,2,7,7,4,19940101,19950101
0,-1,24,2,7,7,4,19940101,19950101
0,-1,24,2,5,7,4,19948312,19950101
0,-1,24,2,5,7,4,19949415,19950101
0,-1,24,2,5,6,4,19940101,19950101
0,-1,24,2,5,6,4,19940101,19950101
0,-1,11,2,5,7,4,19940101,19950101
0,-1,24,2,5,6,4,19940101,19950101
0,-1,24,2,5,7,4,19949274,19950101
0,-1,24,2,5,7,4,19946012,19950101
0,-1,24,2,5,7,4,19948296,19950101
0,-1,24,2,5,6,4,19940101,19950101
0,-1,24,2,7,7,4,19940101,19950101
0,-1,20,2,5,7,4,19940101,19950101
0,-1,19,2,5,7,4,19940101,19950101
0,-1,24,2,5,7,4,19945505,19950101
0,-1,24,2,5,7,4,19943797,19950101
0,-1,8,2,5,7,4,19940101,19950101
0,-1,24,2,5,6,4,19940101,19950101
0,-1,24,2,5,6,4,19940101,19950101
0,-1,13,2,5,7,4,19940101,19950101
0,-1,24,2,6,7,4,19940101,19950101
0,-1,24,2,6,7,4,19940101,19950101
0,-1,24,2,5,7,4,19949283,19950101
0,-1,24,2,5,7,4,19940577,19950101
0,-1,17,2,5,7,4,19940101,19950101
0,-1,24,2,5,6,4,19940101,19950101
0,-1,9,2,5,7,4,19940101,19950101
0,-1,24,2,5,7,4,19946850,19950101
0,-1,1,2,5,7,4,19940101,19950101
0,-1,24,2,5,7,4,19943386,19950101
0,-1,24,2,5,6,4,19940101,19950101
0,-1,24,2,5,6,4,19940101,19950101
0,-1,4,2,5,7,4,19940101,19950101
0,-1,6,2,5,7,4,19940101,19950101
0,-1,24,2,5,7,4,19945206,19950101
0,-1,24,2,5,7,4,19943512,19950101
0,-1,6,2,5,7,4,19940101,19950101
0,-1,12,2,5,7,4,19940101,19950101
0,-1,24,2,5,6,4,19940101,19950101
0,-1,5,2,5,7,4,19940101,19950101
0,-1,11,2,5,7,4,19940101,19950101
0,-1,10,2,5,7,4,19940101,19950101
0,-1,24,2,5,6,4,19940101,19950101
0,-1,24,2,5,7,4,19947007,19950101
0,-1,24,2,5,7,4,19948998,19950101
0,-1,3,2,5,7,4,19940101,19950101
0,-1,24,2,5,7,4,19942692,19950101
0,-1,24,2,5,6,4,19940101,19950101
0,-1,17,2,5,7,4,19940101,19950101
0,-1,24,2,5,7,4,19949433,19950101
0,-1,24,2,5,7,4,19943478,19950101
0,-1,16,2,5,7,4,19940101,19950101
0,-1,24,2,5,6,4,19940101,19950101
0,-1,24,2,6,7,4,19940101,19950101
0,-1,24,2,5,7,4,19941406,19950101
0,-1,24,2,7,7,4,19940101,19950101
0,-1,24,2,5,7,4,19941455,19950101
0,-1,16,2,5,7,4,19940101,19950101
0,-1,18,2,5,7,4,19940101,19950101
0,-1,24,2,5,7,4,19945060,19950101
0,-1,24,2,6,7,4,19940101,19950101
0,-1,24,2,5,7,4,19942422,19950101
0,-1,3,2,5,7,4,19940101,19950101
0,-1,24,2,5,7,4,19948886,19950101
0,-1,24,2,5,7,4,19944586,19950101
0,-1,20,2,5,7,4,19940101,19950101
0,-1,9,2,5,7,4,19940101,19950101
0,-1,7,2,5,7,4,19940101,19950101
0,-1,24,2,6,7,4,19940101,19950101
0,-1,24,2,5,6,4,19940101,19950101
0,-1,20,2,5,7,4,19940101,19950101
0,-1,14,2,5,7,4,19940101,19950101
0,-1,24,2,5,6,4,19940101,19950101
0,-1,24,2,5,6,4,19940101,19950101
0,-1,24,2,6,7,4,19940101,19950101
0,-1,16,2,5,7,4,19940101,19950101
0,-1,24,2,6,7,4,19940101,19950101
0,-1,24,2,5,6,4,19940101,19950101
0,-1,24,2,7,7,4,19940101,19950101
0,-1,24,2,5,7,4,19942365,19950101
0,-1,24,2,5,7,4,19940779,19950101
0,-1,24,2,5,7,4,19944370,19950101
0,-1,24,2,5,7,4,19947700,19950101
0,-1,24,2,5,7,4,19947953,19950101
0,-1,24,2,5,6,4,19940101,19950101
0,-1,24,2,5,6,4,19940101,19950101
0,-1,24,2,5,7,4,19940101,19940190
0,-1,20,2,5,7,4,19940101,19950101
0,-1,24,2,5,7,4,19941681,19950101
0,-1,24,2,5,7,4,19948735,19950101
0,-1,24,2,5,6,4,19940101,19950101
0,-1,24,2,7,7,4,19940101,19950101
0,-1,24,2,5,6,4,19940101,19950101
0,-1,10,2,5,7,4,19940101,19950101
0,-1,4,2,5,7,4,19940101,19950101
0,-1,24,2,5,7,4,19949090,19950101
0,-1,24,2,5,7,4,19943293,19950101
0,-1,24,2,5,7,4,19948265,19950101
0,-1,3,2,5,7,4,19940101,19950101
0,-1,13,2,5,7,4,19940101,19950101
0,-1,11,2,5,7,4,19940101,19950101
0,-1,24,2,7,7,4,19940101,19950101
0,-1,24,2,6,7,4,19940101,19950101
0,-1,17,2,5,7,4,19940101,19950101
0,-1,24,2,5,7,4,19947365,19950101
0,-1,24,2,5,7,4,19945061,19950101
0,-1,24,2,5,7,4,19940697,19950101
0,-1,10,2,5,7,4,19940101,19950101
0,-1,24,2,5,7,4,19941569,19950101
0,-1,24,2,7,7,4,19940101,19950101
0,-1,24,2,5,7,4,19946834,19950101
0,-1,24,2,7,7,4,19940101,19950101
0,-1,24,2,5,7,4,19950063,19950101
0,-1,3,2,5,7,4,19940101,19950101
0,-1,24,2,5,7,4,19947311,19950101
0,-1,24,2,6,7,4,19940101,19950101
0,-1,17,2,5,7,4,19940101,19950101
0,-1,4,2,5,7,4,19940101,19950101
0,-1,24,2,7,7,4,19940101,19950101
0,-1,24,2,5,7,4,19942720,19950101
0,-1,4,2,5,7,4,19940101,19950101
0,-1,24,2,7,7,4,19940101,19950101
0,-1,13,2,5,7,4,19940101,19950101
0,-1,24,2,5,7,4,19941647,19950101
0,-1,17,2,5,7,4,19940101,19950101
0,-1,24,2,6,7,4,19940101,19950101
0,-1,24,2,5,7,4,19940101,19940269
0,-1,24,2,5,7,4,19948426,19950101
0,-1,18,2,5,7,4,19940101,19950101
0,-1,24,2,6,7,4,19940101,19950101
0,-1,24,2,6,7,4,19940101,19950101
0,-1,24,2,5,6,4,19940101,19950101
0,-1,3,2,5,7,4,19940101,19950101
0,-1,5,2,5,7,4,19940101,19950101
0,-1,24,2,6,7,4,19940101,19950101
0,-1,20,2,5,7,4,19940101,19950101
0,-1,10,2,5,7,4,19940101,19950101
0,-1,24,2,5,6,4,19940101,19950101
0,-1,24,2,5,7,4,19949738,19950101
0,-1,12,2,5,7,4,19940101,19950101
0,-1,24,2,5,7,4,19941203,19950101
0,-1,24,2,5,6,4,19940101,19950101
0,-1,17,2,5,7,4,19940101,19950101
0,-1,5,2,5,7,4,19940101,19950101
0,-1,24,2,5,6,4,19940101,19950101
0,-1,24,2,5,6,4,19940101,19950101
0,-1,24,2,6,7,4,19940101,19950101
0,-1,16,2,5,7,4,19940101,19950101
0,-1,24,2,5,7,4,19942504,19950101
0,-1,2,2,5,7,4,19940101,19950101
0,-1,24,2,5,7,4,19940101,19940104
0,-1,24,2,6,7,4,19940101,19950101
0,-1,12,2,5,7,4,19940101,19950101
0,-1,24,2,6,7,4,19940101,19950101
0,-1,24,2,7,7,4,19940101,19950101
0,-1,24,2,5,7,4,19940431,19950101
0,-1,24,2,5,6,4,19940101,19950101
0,-1,10,2,5,7,4,19940101,19950101
0,-1,14,2,5,7,4,19940101,19950101
0,-1,24,2,5,6,4,19940101,19950101
0,-1,11,2,5,7,4,19940101,19950101
0,-1,24,2,5,7,4,19940890,19950101
0,-1,24,2,5,7,4,19942558,19950101
0,-1,24,2,5,7,4,19940890,19950101
0,-1,24,2,7,7,4,19940101,19950101
0,-1,24,2,5,7,4,19940835,19950101
0,-1,24,2,5,6,4,19940101,19950101
0,-1,24,2,7,7,4,19940101,19950101
0,-1,24,2,5,7,4,19943654,19950101
0,-1,24,2,5,7,4,19941122,19950101
0,-1,24,2,5,7,4,19947813,19950101
0,-1,24,2,7,7,4,19940101,19950101
0,-1,14,2,5,7,4,19940101,19950101
0,-1,24,2,6,7,4,19940101,19950101
0,-1,8,2,5,7,4,19940101,19950101
0,-1,24,2,5,6,4,19940101,19950101
0,-1,24,2,5,7,4,19945317,19950101
0,-1,17,2,5,7,4,19940101,19950101
0,-1,24,2,5,6,4,19940101,19950101
0,-1,2,2,5,7,4,19940101,19950101
0,-1,20,2,5,7,4,19940101,19950101
0,-1,3,2,5,7,4,19940101,19950101
0,-1,9,2,5,7,4,19940101,19950101
0,-1,24,2,7,7,4,19940101,19950101
0,-1,24,2,5,7,4,19949228,19950101
0,-1,24,2,7,7,4,19940101,19950101
0,-1,24,2,5,6,4,19940101,19950101
0,-1,24,2,5,6,4,19940101,19950101
0,-1,4,2,5,7,4,19940101,19950101
0,-1,3,2,5,7,4,19940101,19950101
0,-1,24,2,5,7,4,19940101,19940940
0,-1,24,2,5,7,4,19947716,19950101
0,-1,24,2,7,7,4,19940101,19950101
0,-1,24,2,5,6,4,19940101,19950101
0,-1,1,2,5,7,4,19940101,19950101
0,-1,24,2,7,7,4,19940101,19950101
0,-1,24,2,7,7,4,19940101,19950101
0,-1,13,2,5,7,4,19940101,19950101
0,-1,9,2,5,7,4,19940101,19950101
0,-1,24,2,5,6,4,19940101,19950101
0,-1,5,2,5,7,4,19940101,19950101
0,-1,5,2,5,7,4,19940101,19950101
0,-1,24,2,6,7,4,19940101,19950101
0,-1,24,2,7,7,4,19940101,19950101
0,-1,24,2,6,7,4,19940101,19950101
0,-1,12,2,5,7,4,19940101,19950101
0,-1,7,2,5,7,4,19940101,19950101
0,-1,16,2,5,7,4,19940101,19950101
0,-1,8,2,5,7,4,19940101,19950101
0,-1,9,2,5,7,4,19940101,19950101
0,-1,24,2,5,6,4,19940101,19950101
0,-1,24,2,7,7,4,19940101,19950101
0,-1,24,2,6,7,4,19940101,19950101
0,-1,24,2,5,7,4,19945746,19950101
0,-1,24,2,5,7,4,19948591,19950101
0,-1,24,2,7,7,4,19940101,19950101
0,-1,24,2,6,7,4,19940101,19950101
0,-1,17,2,5,7,4,19940101,19950101
0,-1,14,2,5,7,4,19940101,19950101
0,-1,24,2,5,6,4,19940101,19950101
0,-1,18,2,5,7,4,19940101,19950101
0,-1,8,2,5,7,4,19940101,19950101
0,-1,24,2,7,7,4,19940101,19950101
0,-1,6,2,5,7,4,19940101,19950101
0,-1,24,2,5,7,4,19944161,19950101
0,-1,19,2,5,7,4,19940101,19950101
0,-1,24,2,7,7,4,19940101,19950101
0,-1,24,2,5,7,4,19948059,19950101
0,-1,24,2,5,7,4,19949508,19950101
0,-1,15,2,5,7,4,19940101,19950101
0,-1,24,2,6,7,4,19940101,19950101
0,-1,24,2,6,7,4,19940101,19950101
0,-1,24,2,5,6,4,19940101,19950101
0,-1,24,2,5,7,4,19943311,19950101
0,-1,24,2,7,7,4,19940101,19950101
0,-1,24,2,5,7,4,19941712,19950101
0,-1,24,2,5,6,4,19940101,19950101
0,-1,24,2,5,7,4,19948357,19950101
0,-1,24,2,5,7,4,19946412,19950101
0,-1,17,2,5,7,4,19940101,19950101
0,-1,20,2,5,7,4,19940101,19950101
0,-1,24,2,6,7,4,19940101,19950101
0,-1,24,2,5,6,4,19940101,19950101
0,-1,4,2,5,7,4,19940101,19950101
0,-1,24,2,5,6,4,19940101,19950101
0,-1,24,2,7,7,4,19940101,19950101
0,-1,12,2,5,7,4,19940101,19950101
0,-1,24,2,5,7,4,19949945,19950101
0,-1,9,2,5,7,4,19940101,19950101
0,-1,17,2,5,7,4,19940101,19950101
0,-1,24,2,7,7,4,19940101,19950101
0,-1,24,2,7,7,4,19940101,19950101
0,-1,3,2,5,7,4,19940101,19950101
0,-1,24,2,7,7,4,19940101,19950101
0,-1,24,2,5,7,4,19946054,19950101
0,-1,24,2,5,6,4,19940101,19950101
0,-1,24,2,6,7,4,19940101,19950101
0,-1,24,2,5,7,4,19947204,19950101
0,-1,24,2,5,7,4,19945561,19950101
0,-1,24,2,5,7,4,19941800,19950101
0,-1,18,2,5,7,4,19940101,19950101
0,-1,16,2,5,7,4,19940101,19950101
0,-1,24,2,5,7,4,19940101,19940903
0,-1,4,2,5,7,4,19940101,19950101
0,-1,24,2,5,7,4,19949709,19950101
0,-1,24,2,6,7,4,19940101,19950101
0,-1,12,2,5,7,4,19940101,19950101
0,-1,4,2,5,7,4,19940101,19950101
0,-1,24,2,7,7,4,19940101,19950101
0,-1,24,2,6,7,4,19940101,19950101
0,-1,24,2,5,6,4,19940101,19950101
0,-1,1,2,5,7,4,19940101,19950101
0,-1,24,2,5,6,4,19940101,19950101
0,-1,24,2,6,7,4,19940101,19950101
0,-1,24,2,5,6,4,19940101,19950101
0,-1,24,2,5,7,4,19940101,19940370
0,-1,24,2,7,7,4,19940101,19950101
0,-1,19,2,5,7,4,19940101,19950101
0,-1,24,2,5,6,4,19940101,19950101
0,-1,14,2,5,7,4,19940101,19950101
0,-1,24,2,7,7,4,19940101,19950101
0,-1,24,2,7,7,4,19940101,19950101
0,-1,24,2,5,7,4,19946866,19950101
0,-1,24,2,5,7,4,19943858,19950101
0,-1,24,2,5,7,4,19944895,19950101
0,-1,24,2,5,6,4,19940101,19950101
0,-1,24,2,5,6,4,19940101,19950101
0,-1,24,2,6,7,4,19940101,19950101
0,-1,24,2,7,7,4,19940101,19950101
0,-1,24,2,5,6,4,19940101,19950101
0,-1,24,2,5,7,4,19942382,19950101
0,-1,24,2,5,7,4,19948216,19950101
0,-1,5,2,5,7,4,19940101,19950101
0,-1,24,2,7,7,4,19940101,19950101
0,-1,24,2,5,6,4,19940101,19950101
0,-1,24,2,5,7,4,19940101,19940901
0,-1,2,2,5,7,4,19940101,19950101
0,-1,24,2,7,7,4,19940101,19950101
0,-1,24,2,6,7,4,19940101,19950101
0,-1,24,2,5,7,4,19947106,19950101
0,-1,12,2,5,7,4,19940101,19950101
0,-1,10,2,5,7,4,19940101,19950101
0,-1,24,2,6,7,4,19940101,19950101
0,-1,24,2,6,7,4,19940101,19950101
0,-1,24,2,5,7,4,19943585,19950101
0,-1,24,2,5,7,4,19947483,19950101
0,-1,24,2,5,6,4,19940101,19950101
0,-1,24,2,5,6,4,19940101,19950101
0,-1,24,2,6,7,4,19940101,19950101
0,-1,24,2,5,7,4,19947575,19950101
0,-1,24,2,7,7,4,19940101,19950101
0,-1,24,2,6,7,4,19940101,19950101
0,-1,24,2,5,6,4,19940101,19950101
0,-1,9,2,5,7,4,19940101,19950101
0,-1,24,2,5,7,4,19945525,19950101
0,-1,24,2,5,7,4,19943855,19950101
0,-1,2,2,5,7,4,19940101,19950101
0,-1,24,2,7,7,4,19940101,19950101
0,-1,24,2,6,7,4,19940101,19950101
0,-1,4,2,5,7,4,19940101,19950101
0,-1,10,2,5,7,4,19940101,19950101
0,-1,24,2,5,7,4,19946956,19950101
0,-1,24,2,5,6,4,19940101,19950101
0,-1,24,2,6,7,4,19940101,19950101
0,-1,24,2,5,7,4,19942777,19950101
0,-1,24,2,6,7,4,19940101,19950101
0,-1,24,2,6,7,4,19940101,19950101
0,-1,5,2,5,7,4,19940101,19950101
0,-1,24,2,7,7,4,19940101,19950101
0,-1,24,2,5,6,4,19940101,19950101
0,-1,14,2,5,7,4,19940101,19950101
0,-1,5,2,5,7,4,19940101,19950101
0,-1,24,2,5,7,4,19940101,19940309
0,-1,24,2,5,7,4,19943387,19950101
0,-1,24,2,6,7,4,19940101,19950101
0,-1,24,2,5,7,4,19942425,19950101
0,-1,9,2,5,7,4,19940101,19950101
0,-1,24,2,7,7,4,19940101,19950101
0,-1,19,2,5,7,4,19940101,19950101
0,-1,24,2,5,7,4,19949821,19950101
0,-1,24,2,5,7,4,19941410,19950101
0,-1,5,2,5,7,4,19940101,19950101
0,-1,24,2,5,7,4,19945628,19950101
0,-1,2,2,5,7,4,19940101,19950101
0,-1,24,2,5,6,4,19940101,19950101
0,-1,11,2,5,7,4,19940101,19950101
0,-1,24,2,5,7,4,19942371,19950101
0,-1,8,2,5,7,4,19940101,19950101
0,-1,24,2,6,7,4,19940101,19950101
0,-1,3,2,5,7,4,19940101,19950101
0,-1,24,2,5,6,4,19940101,19950101
0,-1,24,2,5,7,4,19945099,19950101
0,-1,24,2,5,7,4,19945671,19950101
0,-1,18,2,5,7,4,19940101,19950101
0,-1,18,2,5,7,4,19940101,19950101
0,-1,7,2,5,7,4,19940101,19950101
0,-1,24,2,5,6,4,19940101,19950101
0,-1,4,2,5,7,4,19940101,19950101
0,-1,24,2,6,7,4,19940101,19950101
0,-1,24,2,5,6,4,19940101,19950101
0,-1,24,2,5,6,4,19940101,19950101
0,-1,9,2,5,7,4,19940101,19950101
0,-1,24,2,6,7,4,19940101,19950101
0,-1,24,2,5,7,4,19949539,19950101
0,-1,24,2,5,7,4,19944556,19950101
0,-1,5,2,5,7,4,19940101,19950101
0,-1,24,2,6,7,4,19940101,19950101
0,-1,20,2,5,7,4,19940101,19950101
0,-1,24,2,5,7,4,19940319,19950101
0,-1,24,2,5,7,4,19941005,19950101
0,-1,24,2,5,7,4,19948152,19950101
0,-1,4,2,7,8,4,19968949,19972113
0,-1,8,2,7,10,4,19939694,19942306
0,-1,9,2,2,5,4,19965078,19978706
0,-1,4,2,7,10,4,19961005,19976934
0,-1,2,2,8,10,4,19954247,19977637
0,-1,10,2,3,5,4,19946486,19954536
0,-1,22,2,8,9,4,19968676,19979201
0,-1,14,2,3,4,4,19930426,19942654
0,-1,15,2,9,10,4,19951868,19968382
0,-1,17,2,8,10,4,19962435,19974219
0,-1,1,2,4,7,4,19930322,19934670
0,-1,25,2,9,10,4,19957731,19963661
0,-1,24,2,9,10,4,19968761,19970732
0,-1,24,2,5,7,4,19960929,19968978
0,-1,20,2,6,10,4,19972548,19980536
0,-1,46,2,9,10,4,19980633,19981107
0,-1,35,2,8,10,4,19973277,19980508
0,-1,11,2,2,5,4,19942949,19958498
0,-1,15,2,7,8,4,19959110,19967960
0,-1,25,2,9,10,4,19964487,19974682
0,-1,14,2,8,9,4,19952717,19977192
0,-1,29,2,2,9,4,19936155,19940118
0,-1,31,2,8,9,4,19979712,19980472
0,-1,15,2,3,7,4,19950919,19959559
0,-1,4,2,8,10,4,19945198,19964762
0,-1,13,2,5,6,4,19942546,19969439
0,-1,25,2,8,10,4,19980356,19981199
0,-1,11,2,9,10,4,19962044,19972669
0,-1,4,2,1,2,4,19953501,19973667
0,-1,5,2,8,10,4,19937878,19947444
0,-1,21,2,4,7,4,19980068,19980978
0,-1,4,2,3,10,4,19964152,19971195
0,-1,15,2,2,5,4,19962979,19975393
0,-1,2,2,2,5,4,19962876,19978412
0,-1,7,2,6,8,4,19949628,19962250
0,-1,7,2,9,10,4,19934515,19964883
0,-1,1,2,7,10,4,19964868,19971966
0,-1,1,2,0,3,4,19958928,19966721
0,-1,11,2,6,9,4,19978024,19981061
0,-1,8,2,8,10,4,19960350,19966916
0,-1,6,2,9,10,4,19966192,19979284
0,-1,6,2,5,9,4,19953181,19978631
0,-1,31,2,5,10,4,19920984,19926116
0,-1,1,2,8,9,4,19927696,19958806
0,-1,16,2,9,10,4,19962349,19980456
0,-1,3,2,7,9,4,19939134,19967069
0,-1,13,2,7,10,4,19963180,19976790
0,-1,6,2,2,8,4,19961816,19975019
0,-1,5,2,6,7,4,19949934,19968238
0,-1,15,2,0,1,4,19968350,19978296
0,-1,16,2,9,10,4,19966196,19978804
0,-1,2,2,0,9,4,19932201,19956564
0,-1,10,2,6,10,4,19966188,19974980
0,-1,5,2,6,9,4,19965377,19973681
0,-1,16,2,3,6,4,19951652,19960463
0,-1,40,2,7,10,4,19980961,19981070
0,-1,11,2,0,7,4,19940334,19940765
0,-1,1,2,7,10,4,19927797,19946762
0,-1,5,2,5,9,4,19956769,19964143
0,-1,2,2,5,7,4,19959434,19979645
0,-1,5,2,9,10,4,19948464,19957578
0,-1,20,2,9,10,4,19981189,19981201
0,-1,10,2,6,8,4,19928087,19937990
0,-1,18,2,9,10,4,19955565,19961733
0,-1,47,2,3,6,4,19970921,19979846
0,-1,9,2,3,8,4,19959346,19960884
0,-1,38,2,5,8,4,19933511,19940134
0,-1,7,2,1,7,4,19970441,19973151
0,-1,12,2,4,8,4,19953668,19968695
0,-1,9,2,5,7,4,19946617,19958047
0,-1,13,2,3,4,4,19932589,19955950
0,-1,8,2,0,1,4,19963578,19974171
0,-1,10,2,7,9,4,19967773,19976047
0,-1,7,2,0,1,4,19937188,19943981
0,-1,16,2,9,10,4,19948535,19955706
0,-1,10,2,5,6,4,19950986,19961836
0,-1,7,2,4,9,4,19938730,19943489
0,-1,8,2,9,10,4,19937074,19958171
0,-1,1,2,1,7,4,19969851,19973915
0,-1,6,2,2,10,4,19968467,19976354
0,-1,38,2,6,8,4,19971064,19974760
0,-1,2,2,4,8,4,19939345,19955771
0,-1,30,2,7,10,4,19938548,19940504
0,-1,13,2,5,7,4,19960004,19961711
0,-1,1,2,3,8,4,19964215,19971182
0,-1,41,2,0,3,4,19980892,19981094
0,-1,35,2,9,10,4,19980030,19981136
0,-1,2,2,7,9,4,19957059,19961316
0,-1,9,2,1,5,4,19967656,19973544
0,-1,3,2,7,10,4,19976826,19980743
0,-1,2,2,0,6,4,19949313,19963526
0,-1,1,2,1,7,4,19946408,19968483
0,-1,5,2,1,8,4,19980542,19980729
0,-1,29,2,6,7,4,19969046,19976530
0,-1,3,2,1,2,4,19947041,19954848
0,-1,16,2,9,10,4,19920414,19925313
0,-1,5,2,2,9,4,19922653,19937909
0,-1,9,2,5,9,4,19962610,19978950
0,-1,26,2,4,6,4,19960583,19966775
0,-1,4,2,9,10,4,19925906,19943660
0,-1,2,2,0,8,4,19970456,19972337
0,-1,6,2,3,4,4,19925219,19942872
0,-1,14,2,5,6,4,19968949,19975189
0,-1,19,2,8,10,4,19951606,19964380
0,-1,30,2,6,7,4,19980589,19980729
0,-1,9,2,3,4,4,19932330,19949556
0,-1,10,2,7,10,4,19968379,19975652
0,-1,46,2,0,1,4,19958778,19960192
0,-1,13,2,8,9,4,19934417,19945013
0,-1,18,2,5,6,4,19960644,19978550
0,-1,5,2,1,8,4,19960678,19963729
0,-1,7,2,0,5,4,19930951,19944983
0,-1,3,2,3,6,4,19968072,19979514
0,-1,36,2,3,4,4,19920557,19924534
0,-1,8,2,7,8,4,19954430,19980289
0,-1,5,2,4,7,4,19955679,19975100
0,-1,21,2,9,10,4,19941134,19953898
0,-1,2,2,8,9,4,19952943,19969117
0,-1,5,2,0,2,4,19949437,19960279
0,-1,22,2,9,10,4,19978998,19980749
0,-1,4,2,3,10,4,19960817,19977629
0,-1,10,2,7,8,4,19940744,19962609
0,-1,26,2,4,10,4,19974784,19980278
0,-1,8,2,9,10,4,19957177,19967928
0,-1,20,2,8,10,4,19959714,19960890
0,-1,28,2,2,10,4,19981106,19981179
0,-1,6,2,9,10,4,19944593,19966694
0,-1,25,2,1,9,4,19980114,19980317
0,-1,11,2,6,7,4,19938000,19947938
0,-1,22,2,3,6,4,19971251,19980405
0,-1,7,2,7,9,4,19930171,19934680
0,-1,42,2,1,3,4,19971790,19980420
0,-1,1,2,3,7,4,19945032,19970923
0,-1,13,2,9,10,4,19964789,19978839
0,-1,3,2,9,10,4,19951590,19968023
0,-1,20,2,7,9,4,19968386,19978424
0,-1,10,2,6,7,4,19964810,19970440
0,-1,13,2,3,5,4,19960105,19968417
0,-1,36,2,4,8,4,19981092,19981103
0,-1,5,2,0,2,4,19959104,19967130
0,-1,20,2,5,6,4,19977214,19981198
0,-1,30,2,6,7,4,19969113,19973329
0,-1,18,2,7,9,4,19962764,19970512
0,-1,18,2,9,10,4,19969664,19975737
0,-1,6,2,9,10,4,19956060,19965138
0,-1,28,2,9,10,4,19946303,19956905
0,-1,28,2,5,6,4,19969115,19974584
0,-1,1,2,4,10,4,19950573,19973874
0,-1,3,2,7,8,4,19933405,19978550
0,-1,1,2,2,6,4,19949394,19980588
0,-1,16,2,3,7,4,19953489,19960714
0,-1,5,2,7,9,4,19951489,19979596
0,-1,25,2,4,5,4,19961143,19967313
0,-1,20,2,8,10,4,19926755,19930523
0,-1,6,2,3,10,4,19980683,19981139
0,-1,6,2,7,9,4,19945675,19954307
0,-1,35,2,8,9,4,19971208,19977646
0,-1,1,2,8,9,4,19980417,19981129
0,-1,18,2,2,9,4,19980507,19980600
0,-1,46,2,8,9,4,19978367,19980561
0,-1,29,2,6,9,4,19971212,19978253
0,-1,6,2,2,3,4,19931602,19972885
0,-1,2,2,8,10,4,19970169,19979683
0,-1,15,2,9,10,4,19964015,19976673
0,-1,17,2,6,9,4,19979210,19980788
0,-1,1,2,8,10,4,19959974,19980648
0,-1,2,2,0,3,4,19948045,19974315
0,-1,4,2,7,9,4,19927885,19979124
0,-1,46,2,8,10,4,19960762,19964417
0,-1,2,2,2,3,4,19944248,19953264
0,-1,2,2,0,8,4,19935307,19954979
0,-1,12,2,1,5,4,19942576,19959116
0,-1,25,2,1,3,4,19926695,19930780
0,-1,6,2,5,8,4,19940323,19942645
0,-1,13,2,8,9,4,19938433,19959301
0,-1,45,2,8,9,4,19979717,19980293
0,-1,6,2,8,9,4,19948975,19966551
0,-1,25,2,5,8,4,19968604,19970519
0,-1,9,2,0,9,4,19921167,19927025
0,-1,27,2,9,10,4,19960345,19966396
0,-1,3,2,6,9,4,19935337,19970458
0,-1,2,2,8,10,4,19949389,19974987
0,-1,13,2,6,7,4,19950162,19960584
0,-1,13,2,7,9,4,19965127,19973011
0,-1,18,2,2,5,4,19956404,19960183
0,-1,1,2,2,10,4,19960962,19969520
0,-1,10,2,4,7,4,19964705,19974420
0,-1,15,2,8,9,4,19979494,19981055
0,-1,1,2,5,9,4,19960998,19977769
0,-1,6,2,6,8,4,19980277,19981010
0,-1,22,2,1,10,4,19980756,19980904
0,-1,10,2,9,10,4,19929206,19941960
0,-1,47,2,0,6,4,19980810,19981171
0,-1,25,2,4,5,4,19951588,19960876
0,-1,6,2,9,10,4,19951092,19980520
0,-1,23,2,9,10,4,19956335,19965592
0,-1,16,2,3,5,4,19954981,19962346
0,-1,2,2,1,10,4,19921248,19935561
0,-1,31,2,5,6,4,19926731,19930444
0,-1,18,2,2,5,4,19967929,19970478
0,-1,4,2,5,10,4,19947535,19954737
0,-1,14,2,2,5,4,19951339,19962866
0,-1,3,2,2,5,4,19958204,19965483
0,-1,17,2,2,4,4,19969291,19978544
0,-1,10,2,7,9,4,19970374,19979063
0,-1,44,2,8,9,4,19959559,19960896
0,-1,12,2,1,4,4,19938922,19947535
0,-1,25,2,3,5,4,19960432,19969821
0,-1,9,2,9,10,4,19951942,19977791
0,-1,6,2,2,3,4,19936148,19966580
0,-1,50,2,9,10,4,19981043,19981106
0,-1,19,2,9,10,4,19964657,19972718
0,-1,2,2,8,10,4,19927258,19943648
0,-1,8,2,8,9,4,19953990,19980726
0,-1,12,2,7,8,4,19954141,19975603
0,-1,12,2,3,5,4,19969804,19979833
0,-1,6,2,6,8,4,19944727,19953271
0,-1,6,2,5,6,4,19930020,19952705
0,-1,25,2,0,1,4,19938677,19948716
0,-1,6,2,8,9,4,19937787,19952587
0,-1,10,2,7,10,4,19926175,19940692
0,-1,1,2,7,10,4,19934641,19941399
0,-1,3,2,2,5,4,19947770,19951442
0,-1,26,2,9,10,4,19974650,19981074
0,-1,16,2,5,6,4,19970278,19980734
0,-1,3,2,5,6,4,19956672,19975170
0,-1,5,2,3,5,4,19955678,19973810
0,-1,8,2,6,9,4,19970930,19972182
0,-1,49,2,5,6,4,19950667,19952504
0,-1,6,2,2,4,4,19963708,19970694
0,-1,19,2,7,8,4,19963345,19978251
0,-1,4,2,2,4,4,19946246,19964640
0,-1,11,2,7,8,4,19946613,19965242
0,-1,15,2,9,10,4,19941360,19962373
0,-1,26,2,3,10,4,19932689,19940218
0,-1,29,2,5,9,4,19975951,19980548
0,-1,20,2,7,9,4,19970798,19976617
0,-1,6,2,5,9,4,19969871,19972309
0,-1,10,2,5,10,4,19951074,19951993
0,-1,4,2,9,10,4,19929235,19942806
0,-1,5,2,0,1,4,19924970,19940133
0,-1,1,2,6,10,4,19949015,19978497
0,-1,18,2,8,9,4,19971401,19980262
0,-1,10,2,5,6,4,19980877,19980970
0,-1,19,2,1,6,4,19950668,19950918
0,-1,1,2,9,10,4,19930697,19940179
0,-1,5,2,9,10,4,19928747,19934565
0,-1,1,2,7,9,4,19956809,19961672
0,-1,6,2,1,2,4,19971000,19978712
0,-1,31,2,7,9,4,19980356,19980506
0,-1,29,2,7,10,4,19971293,19980143
0,-1,15,2,7,10,4,19969286,19972821
0,-1,2,2,4,8,4,19937174,19978786
0,-1,40,2,7,10,4,19980878,19980924
0,-1,48,2,6,8,4,19933291,19940495
0,-1,7,2,2,3,4,19935964,19969594
0,-1,39,2,4,5,4,19962311,19970498
0,-1,22,2,0,2,4,19960950,19968754
0,-1,7,2,0,1,4,19939217,19940119
0,-1,2,2,4,9,4,19929745,19947196
0,-1,3,2,1,9,4,19938877,19947304
0,-1,13,2,7,9,4,19972092,19980687
0,-1,1,2,5,10,4,19944710,19971224
0,-1,4,2,7,10,4,19939479,19963162
0,-1,4,2,6,7,4,19932091,19971067
0,-1,35,2,7,10,4,19978258,19980525
0,-1,35,2,1,4,4,19980565,19980645
0,-1,3,2,0,5,4,19969486,19974133
0,-1,4,2,9,10,4,19966606,19979829
0,-1,14,2,9,10,4,19925369,19938171
0,-1,3,2,6,7,4,19936267,19954879
0,-1,6,2,7,8,4,19950846,19955064
0,-1,7,2,2,8,4,19969139,19972508
0,-1,9,2,4,5,4,19970762,19973999
0,-1,5,2,3,7,4,19924281,19948473
0,-1,7,2,7,8,4,19932675,19977896
0,-1,20,2,8,10,4,19955280,19964216
0,-1,20,2,9,10,4,19934012,19950309
0,-1,30,2,9,10,4,19968630,19970678
0,-1,14,2,9,10,4,19945971,19959397
0,-1,9,2,4,8,4,19963401,19973713
0,-1,12,2,0,3,4,19958875,19969637
0,-1,29,2,3,8,4,19980957,19981113
0,-1,28,2,8,9,4,19962717,19976588
0,-1,13,2,1,3,4,19923846,19936990
0,-1,5,2,9,10,4,19965871,19973957
0,-1,8,2,7,8,4,19942404,19965957
0,-1,32,2,7,9,4,19980583,19980919
0,-1,3,2,9,10,4,19951670,19980461
0,-1,35,2,9,10,4,19961014,19967421
0,-1,6,2,1,5,4,19934199,19952352
0,-1,8,2,3,5,4,19955173,19976231
0,-1,12,2,6,7,4,19979133,19980168
0,-1,13,2,4,7,4,19941208,19952858
0,-1,27,2,5,6,4,19969323,19972968
0,-1,12,2,2,9,4,19980491,19980987
0,-1,6,2,5,6,4,19943092,19969476
0,-1,2,2,6,8,4,19926866,19963261
0,-1,2,2,6,8,4,19934906,19952471
0,-1,27,2,1,8,4,19960174,19960374
0,-1,34,2,8,9,4,19979719,19980550
0,-1,24,2,4,5,4,19970789,19980764
0,-1,9,2,3,6,4,19936992,19950590
0,-1,23,2,2,4,4,19972203,19980184
0,-1,26,2,6,8,4,19979441,19981149
0,-1,5,2,1,5,4,19946359,19954362
0,-1,15,2,7,10,4,19981125,19981147
0,-1,3,2,5,9,4,19944646,19955989
0,-1,12,2,8,10,4,19977687,19981046
0,-1,36,2,7,10,4,19971111,19972283
0,-1,7,2,9,10,4,19940918,19978406
0,-1,41,2,6,7,4,19978295,19980378
0,-1,1,2,1,5,4,19936797,19973274
0,-1,28,2,9,10,4,19947885,19951262
0,-1,30,2,1,9,4,19980929,19981011
0,-1,19,2,7,8,4,19976333,19981058
0,-1,5,2,4,6,4,19962396,19974309
0,-1,21,2,9,10,4,19939355,19946251
0,-1,5,2,9,10,4,19952606,19977234
0,-1,22,2,7,9,4,19979899,19981052
0,-1,3,2,5,10,4,19950785,19957192
0,-1,38,2,5,9,4,19980898,19981139
0,-1,2,2,6,8,4,19946196,19955728
0,-1,10,2,3,9,4,19920925,19924327
0,-1,25,2,3,4,4,19962924,19974352
0,-1,5,2,1,4,4,19927917,19955932
0,-1,17,2,3,4,4,19943281,19955681
0,-1,8,2,4,9,4,19976814,19981020
0,-1,19,2,5,6,4,19980178,19980678
0,-1,1,2,1,5,4,19969858,19977795
0,-1,3,2,8,10,4,19940415,19976688
0,-1,6,2,4,8,4,19937367,19946124
0,-1,21,2,2,4,4,19977281,19981079
0,-1,3,2,5,7,4,19954197,19974494
0,-1,42,2,8,10,4,19971139,19972906
0,-1,11,2,2,3,4,19977388,19980817
0,-1,14,2,9,10,4,19964385,19974461
0,-1,8,2,2,3,4,19955452,19972048
0,-1,14,2,9,10,4,19953074,19961555
0,-1,25,2,9,10,4,19941758,19957392
0,-1,22,2,7,8,4,19949850,19955444
0,-1,25,2,5,6,4,19921975,19937001
0,-1,10,2,7,8,4,19924528,19951102
0,-1,17,2,3,6,4,19971046,19975041
0,-1,1,2,5,8,4,19977487,19980936
0,-1,4,2,2,7,4,19925117,19950150
0,-1,5,2,9,10,4,19952801,19964442
0,-1,15,2,7,8,4,19961912,19976332
0,-1,4,2,6,9,4,19933546,19956838
0,-1,1,2,1,7,4,19929504,19950195
0,-1,11,2,7,8,4,19927236,19932460
0,-1,9,2,6,7,4,19955745,19962287
0,-1,5,2,8,9,4,19966829,19978183
0,-1,41,2,4,5,4,19951154,19952061
0,-1,23,2,0,1,4,19980175,19980305
0,-1,7,2,5,8,4,19939281,19955253
0,-1,1,2,3,8,4,19957654,19967420
0,-1,8,2,4,5,4,19941136,19980372
0,-1,44,2,8,9,4,19980959,19981091
0,-1,2,2,3,9,4,19933194,19977204
0,-1,3,2,8,9,4,19922419,19964883
0,-1,3,2,4,9,4,19930287,19939338
0,-1,22,2,8,9,4,19970039,19970144
0,-1,5,2,6,10,4,19950035,19961566
0,-1,4,2,7,8,4,19958242,19961282
0,-1,29,2,7,10,4,19940863,19941880
0,-1,6,2,6,7,4,19980558,19980978
0,-1,16,2,7,9,4,19965692,19974880
0,-1,6,2,4,5,4,19965349,19975256
0,-1,43,2,7,8,4,19980132,19980812
0,-1,13,2,9,10,4,19978191,19980899
0,-1,32,2,3,7,4,19980923,19981022
0,-1,45,2,4,5,4,19921154,19922651
0,-1,9,2,9,10,4,19954612,19964310
0,-1,2,2,7,10,4,19936279,19966427
0,-1,4,2,0,5,4,19929411,19947767
0,-1,28,2,9,10,4,19971056,19974025
0,-1,3,2,8,9,4,19960629,19978195
0,-1,14,2,8,10,4,19964623,19977766
0,-1,4,2,6,8,4,19970116,19976161
0,-1,2,2,6,10,4,19959640,19963365
0,-1,49,2,8,10,4,19980779,19981022
0,-1,33,2,5,7,4,19979989,19980363
0,-1,24,2,6,9,4,19976717,19980201
0,-1,20,2,7,8,4,19942444,19950138
0,-1,9,2,9,10,4,19945517,19976473
0,-1,35,2,9,10,4,19920395,19922132
0,-1,22,2,9,10,4,19967280,19975995
0,-1,3,2,8,9,4,19952838,19972890
0,-1,2,2,2,7,4,19943094,19963137
0,-1,33,2,5,6,4,19970357,19976572
0,-1,25,2,5,6,4,19934755,19948013
0,-1,10,2,9,10,4,19921726,19957566
0,-1,15,2,6,7,4,19955981,19970436
0,-1,6,2,9,10,4,19961074,19966605
0,-1,18,2,7,8,4,19966019,19975585
0,-1,23,2,9,10,4,19923545,19936276
0,-1,21,2,8,9,4,19963093,19976876
0,-1,12,2,7,8,4,19933753,19958673
0,-1,8,2,7,8,4,19929659,19960592
0,-1,24,2,9,10,4,19956084,19961879
0,-1,1,2,5,6,4,19954542,19970198
0,-1,21,2,9,10,4,19933103,19942533
0,-1,14,2,3,7,4,19980947,19981083
0,-1,13,2,3,10,4,19920603,19921402
0,-1,8,2,3,5,4,19921208,19931045
0,-1,4,2,5,7,4,19973066,19980956
0,-1,7,2,4,6,4,19949743,19954731
0,-1,3,2,9,10,4,19944200,19975805
0,-1,29,2,2,4,4,19980378,19980695
0,-1,45,2,2,8,4,19962057,19970136
0,-1,8,2,8,9,4,19933209,19955078
0,-1,2,2,1,5,4,19954641,19972947
0,-1,26,2,6,7,4,19970795,19976544
0,-1,2,2,0,8,4,19936257,19963357
0,-1,6,2,5,6,4,19927093,19943573
0,-1,3,2,2,6,4,19967977,19972657
0,-1,32,2,9,10,4,19978675,19980112
0,-1,2,2,4,9,4,19959148,19962745
0,-1,8,2,9,10,4,19959130,19979109
0,-1,3,2,4,7,4,19941413,19977956
0,-1,22,2,4,7,4,19950759,19957837
0,-1,6,2,5,7,4,19957254,19978482
0,-1,15,2,2,3,4,19941818,19960712
0,-1,1,2,6,9,4,19966654,19980048
0,-1,4,2,9,10,4,19967369,19974406
0,-1,4,2,6,8,4,19959673,19979254
0,-1,8,2,0,1,4,19929254,19943591
0,-1,3,2,3,9,4,19941785,19969662
0,-1,9,2,4,6,4,19950570,19952406
0,-1,10,2,1,4,4,19978505,19980224
0,-1,5,2,1,7,4,19966053,19973575
0,-1,18,2,8,10,4,19942812,19958546
0,-1,13,2,1,2,4,19961942,19979092
0,-1,28,2,8,9,4,19961494,19977326
0,-1,16,2,7,8,4,19959154,19965966
0,-1,10,2,1,2,4,19932664,19962850
0,-1,40,2,6,8,4,19973655,19980506
0,-1,24,2,8,9,4,19957543,19967672
0,-1,45,2,0,3,4,19980521,19980939
0,-1,5,2,5,10,4,19954074,19964476
0,-1,28,2,2,3,4,19962615,19971789
0,-1,12,2,9,10,4,19943612,19953558
0,-1,14,2,8,9,4,19980066,19980150
0,-1,3,2,6,9,4,19937082,19951393
0,-1,4,2,5,10,4,19968413,19971509
0,-1,5,2,9,10,4,19936360,19980366
0,-1,17,2,7,9,4,19962678,19976941
0,-1,16,2,3,4,4,19941184,19957488
0,-1,8,2,8,9,4,19932212,19946080
0,-1,22,2,8,9,4,19938572,19946621
0,-1,9,2,7,8,4,19956025,19974579
0,-1,15,2,4,7,4,19964320,19976033
0,-1,4,2,7,9,4,19941051,19948719
0,-1,9,2,0,2,4,19931437,19959150
0,-1,26,2,2,3,4,19980620,19981030
0,-1,21,2,6,9,4,19951189,19960477
0,-1,38,2,4,6,4,19942066,19950590
0,-1,2,2,0,1,4,19920322,19935059
0,-1,11,2,9,10,4,19965832,19971210
0,-1,6,2,4,5,4,19930713,19960758
0,-1,20,2,0,3,4,19978119,19980312
0,-1,23,2,8,10,4,19970301,19975945
0,-1,9,2,8,9,4,19977083,19980714
0,-1,18,2,5,6,4,19978150,19980156
0,-1,9,2,7,9,4,19968460,19980256
0,-1,2,2,1,6,4,19928314,19944368
0,-1,19,2,9,10,4,19966651,19971392
0,-1,2,2,3,5,4,19942663,19960000
0,-1,4,2,5,7,4,19960423,19973230
0,-1,37,2,3,6,4,19941142,19946460
0,-1,37,2,7,10,4,19941040,19941591
0,-1,13,2,9,10,4,19952705,19975193
0,-1,26,2,5,6,4,19960124,19963307
0,-1,22,2,4,5,4,19968730,19978982
0,-1,3,2,2,9,4,19925088,19938263
0,-1,13,2,9,10,4,19980419,19981141
0,-1,45,2,8,9,4,19940691,19947672
0,-1,6,2,8,10,4,19955970,19978425
0,-1,17,2,3,7,4,19957704,19960131
0,-1,1,2,3,6,4,19945829,19966336
0,-1,9,2,6,8,4,19965334,19972874
0,-1,4,2,8,10,4,19924974,19955928
0,-1,27,2,7,8,4,19966164,19973691
0,-1,14,2,9,10,4,19954064,19965641
0,-1,24,2,6,10,4,19971125,19977990
0,-1,1,2,7,10,4,19924135,19952711
0,-1,27,2,7,8,4,19961805,19970602
0,-1,13,2,4,5,4,19965788,19975860
0,-1,1,2,0,10,4,19938009,19942400
0,-1,3,2,5,10,4,19944664,19959760
0,-1,17,2,0,5,4,19975340,19980193
0,-1,9,2,4,8,4,19935607,19940454
0,-1,10,2,6,9,4,19960548,19966017
0,-1,2,2,5,8,4,19921966,19932632
0,-1,6,2,4,6,4,19924306,19955346
0,-1,28,2,4,5,4,19967657,19976184
0,-1,3,2,5,10,4,19945409,19975231
0,-1,9,2,7,8,4,19950520,19958206
0,-1,17,2,5,6,4,19940624,19953772
4,-1,19950315,8,19943342,-1
4,-1,19950315,8,19945332,-1
4,-1,19950315,8,19946251,-1
4,-1,19950315,8,19948481,-1
4,-1,19950315,8,19943530,-1
4,-1,19950315,8,19945202,-1
4,-1,19950315,8,19945336,-1
4,-1,19950315,8,19942253,-1
4,-1,19950315,8,19942731,-1
4,-1,19950315,8,19943562,-1
4,-1,19950315,8,19948068,-1
4,-1,19950315,8,19945530,-1
4,-1,19950315,8,19948856,-1
4,-1,19950315,8,19950012,-1
4,-1,19950315,8,19950122,-1
4,-1,19950315,8,19949855,-1
4,-1,19950456,8,19950315,-1
4,-1,19950315,8,19949380,-1
4,-1,19950315,8,19944928,-1
4,-1,19950315,8,19944181,-1
4,-1,19950315,8,19947804,-1
4,-1,19950315,8,19945129,-1
4,-1,19950315,8,19947736,-1
4,-1,19950315,8,19949995,-1
4,-1,19950315,8,19946119,-1
4,-1,19950315,8,19947530,-1
4,-1,19950315,8,19947514,-1
4,-1,19950315,8,19949889,-1
4,-1,19950315,8,19944367,-1
4,-1,19950315,8,19947954,-1
4,-1,19950315,8,19941756,-1
4,-1,19950315,8,19941731,-1
4,-1,19950315,8,19949036,-1
4,-1,19950315,8,19947609,-1
4,-1,19950315,8,19943069,-1
4,-1,19950315,8,19944968,-1
4,-1,19950315,8,19946149,-1
4,-1,19950315,8,19946451,-1
4,-1,19950315,8,19946188,-1
4,-1,19950315,8,19944329,-1
4,-1,19950315,8,19947766,-1
4,-1,19950315,8,19944528,-1
4,-1,19950315,8,19943582,-1
4,-1,19950315,8,19947170,-1
4,-1,19950315,8,19942527,-1
4,-1,19950315,8,19941205,-1
4,-1,19950315,8,19943363,-1
4,-1,19950581,8,19950315,-1
4,-1,19950315,8,19942406,-1
4,-1,19950315,8,19943735,-1
4,-1,19950315,8,19948864,-1
4,-1,19950315,8,19941216,-1
4,-1,19950315,8,19942625,-1
4,-1,19950315,8,19949304,-1
4,-1,19950691,8,19950315,-1
4,-1,19950315,8,19947289,-1
4,-1,19950315,8,19945885,-1
4,-1,19950315,8,19945229,-1
4,-1,19950315,8,19948024,-1
4,-1,19950315,8,19948017,-1
4,-1,19950315,8,19944126,-1
4,-1,19950315,8,19945824,-1
4,-1,19950315,8,19949106,-1
4,-1,19950315,8,19944203,-1
4,-1,19950315,8,19941930,-1
4,-1,19950315,8,19947188,-1
4,-1,19950315,8,19941619,-1
4,-1,19950315,8,19949713,-1
4,-1,19950315,8,19950185,-1
4,-1,19950315,8,19947140,-1
4,-1,19950315,8,19941158,-1
4,-1,19950315,8,19942467,-1
4,-1,19950315,8,19948616,-1
4,-1,19950315,8,19948477,-1
4,-1,19950315,8,19946310,-1
4,-1,19950315,8,19944210,-1
4,-1,19950315,8,19950050,-1
4,-1,19950315,8,19946473,-1
4,-1,19950315,8,19950053,-1
4,-1,19950315,8,19945923,-1
4,-1,19950315,8,19947347,-1
4,-1,19950315,8,19944587,-1
4,-1,19950315,8,19945800,-1
4,-1,19950315,8,19944753,-1
4,-1,19950315,8,19950117,-1
4,-1,19950315,8,19948575,-1
4,-1,19950315,8,19943812,-1
4,-1,19950630,8,19950315,-1
4,-1,19950315,8,19943034,-1
4,-1,19950315,8,19949165,-1
4,-1,19950315,8,19947756,-1
4,-1,19950315,8,19948921,-1
4,-1,19950315,8,19944751,-1
4,-1,19950315,8,19950310,-1
4,-1,19950315,8,19945471,-1
4,-1,19950315,8,19945152,-1
4,-1,19950315,8,19944104,-1
4,-1,19950315,8,19945307,-1
4,-1,19950315,8,19949100,-1
4,-1,19950315,8,19945104,-1
4,-1,19950601,8,19950315,-1
4,-1,19950367,8,19950315,-1
4,-1,19950315,8,19941915,-1
4,-1,19950315,8,19944895,-1
4,-1,19950315,8,19944814,-1
4,-1,19950315,8,19949251,-1
4,-1,19950315,8,19948721,-1
4,-1,19950315,8,19943008,-1
4,-1,19950315,8,19944773,-1
4,-1,19950315,8,19948126,-1
4,-1,19950315,8,19949339,-1
4,-1,19950315,8,19944853,-1
4,-1,19950315,8,19949404,-1
4,-1,19950315,8,19941503,-1
4,-1,19950315,8,19942221,-1
4,-1,19950315,8,19946809,-1
4,-1,19950315,8,19950245,-1
4,-1,19950315,8,19947073,-1
4,-1,19950315,8,19943334,-1
4,-1,19950315,8,19944934,-1
4,-1,19950315,8,19949668,-1
4,-1,19950315,8,19950194,-1
4,-1,19950315,8,19941682,-1
4,-1,19950315,8,19945075,-1
4,-1,19950315,8,19945006,-1
4,-1,19950760,8,19950315,-1
4,-1,19950315,8,19945413,-1
4,-1,19950401,8,19950315,-1
4,-1,19950315,8,19941328,-1
4,-1,19950686,8,19950315,-1
4,-1,19950315,8,19946112,-1
4,-1,19950315,8,19945105,-1
4,-1,19950315,8,19947183,-1
4,-1,19950315,8,19948507,-1
4,-1,19950315,8,19950152,-1
4,-1,19950315,8,19944235,-1
4,-1,19950315,8,19947365,-1
4,-1,19950315,8,19945474,-1
4,-1,19950315,8,19942892,-1
4,-1,19950315,8,19944146,-1
4,-1,19950315,8,19948407,-1
4,-1,19950315,8,19943527,-1
4,-1,19950315,8,19949935,-1
4,-1,19950315,8,19946196,-1
4,-1,19950315,8,19941797,-1
4,-1,19950315,8,19941459,-1
4,-1,19950315,8,19944326,-1
4,-1,19950315,8,19947575,-1
4,-1,19950315,8,19948458,-1
4,-1,19950315,8,19949214,-1
4,-1,19950315,8,19947497,-1
4,-1,19950315,8,19944105,-1
4,-1,19950315,8,19942379,-1
4,-1,19950315,8,19943749,-1
4,-1,19950315,8,19950056,-1
4,-1,19950315,8,19946095,-1
4,-1,19950315,8,19947182,-1
4,-1,19950315,8,19944483,-1
4,-1,19950315,8,19941654,-1
4,-1,19950315,8,19942498,-1
4,-1,19950315,8,19941316,-1
4,-1,19950315,8,19942997,-1
4,-1,19950315,8,19943877,-1
4,-1,19950315,8,19946293,-1
4,-1,19950315,8,19943526,-1
4,-1,19950315,8,19945867,-1
4,-1,19950343,8,19950315,-1
4,-1,19950315,8,19947824,-1
4,-1,19950315,8,19943501,-1
4,-1,19950315,8,19945997,-1
4,-1,19950315,8,19948511,-1
4,-1,19950315,8,19941640,-1
4,-1,19950315,8,19948848,-1
4,-1,19950315,8,19949639,-1
4,-1,19950315,8,19943998,-1
4,-1,19950769,8,19950315,-1
4,-1,19950691,8,19950315,-1
4,-1,19950315,8,19941507,-1
4,-1,19950315,8,19949308,-1
4,-1,19950315,8,19941535,-1
4,-1,19950315,8,19947617,-1
4,-1,19950315,8,19948953,-1
4,-1,19950315,8,19945883,-1
4,-1,19950315,8,19945681,-1
4,-1,19950315,8,19944174,-1
4,-1,19950315,8,19943891,-1
4,-1,19950315,8,19942180,-1
4,-1,19950315,8,19942922,-1
4,-1,19950315,8,19944053,-1
4,-1,19950315,8,19947740,-1
4,-1,19950315,8,19942286,-1
4,-1,19950315,8,19948907,-1
4,-1,19950315,8,19941954,-1
4,-1,19950315,8,19944917,-1
4,-1,19950315,8,19943582,-1
4,-1,19950315,8,19946480,-1
4,-1,19950315,8,19946171,-1
4,-1,19950315,8,19941218,-1
4,-1,19950315,8,19949254,-1
4,-1,19950315,8,19946755,-1
4,-1,19950315,8,19949456,-1
4,-1,19950315,8,19947919,-1
4,-1,19950315,8,19943932,-1
4,-1,19950315,8,19942930,-1
4,-1,19950315,8,19945913,-1
4,-1,19950315,8,19946274,-1
4,-1,19950415,8,19950315,-1
4,-1,19950315,8,19945627,-1
4,-1,19950315,8,19942216,-1
4,-1,19950315,8,19946020,-1
4,-1,19950315,8,19948860,-1
4,-1,19950315,8,19942361,-1
4,-1,19950315,8,19944787,-1
4,-1,19950315,8,19949744,-1
4,-1,19950315,8,19944020,-1
4,-1,19950315,8,19941483,-1
4,-1,19950315,8,19946751,-1
4,-1,19950566,8,19950315,-1
4,-1,19950315,8,19942083,-1
4,-1,19950315,8,19949345,-1
4,-1,19950315,8,19949601,-1
4,-1,19950315,8,19949278,-1
4,-1,19950315,8,19946997,-1
4,-1,19950315,8,19946818,-1
4,-1,19950315,8,19944577,-1
4,-1,19950315,8,19947252,-1
4,-1,19950315,8,19946689,-1
4,-1,19950315,8,19948907,-1
4,-1,19950315,8,19945001,-1
4,-1,19950315,8,19941270,-1
4,-1,19950315,8,19949250,-1
4,-1,19950315,8,19946440,-1
4,-1,19950315,8,19944862,-1
4,-1,19950315,8,19949581,-1
4,-1,19950315,8,19947961,-1
4,-1,19950315,8,19944920,-1
4,-1,19950315,8,19942927,-1
4,-1,19950315,8,19949249,-1
4,-1,19950315,8,19949071,-1
4,-1,19950315,8,19946692,-1
4,-1,19950315,8,19945508,-1
4,-1,19950315,8,19946121,-1
4,-1,19950315,8,19946266,-1
4,-1,19950315,8,19948862,-1
4,-1,19950315,8,19948164,-1
4,-1,19950315,8,19945741,-1
4,-1,19950315,8,19945892,-1
4,-1,19950315,8,19943754,-1
4,-1,19950315,8,19946045,-1
4,-1,19950315,8,19947889,-1
4,-1,19950315,8,19947030,-1
4,-1,19950315,8,19948417,-1
4,-1,19950315,8,19949971,-1
4,-1,19950315,8,19943151,-1
4,-1,19950315,8,19948888,-1
4,-1,19950315,8,19948022,-1
4,-1,19950315,8,19944923,-1
4,-1,19950315,8,19941877,-1
4,-1,19950315,8,19949617,-1
4,-1,19950315,8,19944158,-1
4,-1,19950315,8,19949141,-1
4,-1,19950315,8,19942116,-1
4,-1,19950315,8,19948272,-1
4,-1,19950315,8,19944417,-1
4,-1,19950315,8,19941124,-1
4,-1,19950315,8,19941033,-1
4,-1,19950315,8,19946680,-1
4,-1,19950315,8,19945342,-1
4,-1,19950315,8,19945352,-1
4,-1,19950315,8,19947786,-1
4,-1,19950315,8,19946137,-1
4,-1,19950315,8,19947566,-1
4,-1,19950315,8,19945460,-1
4,-1,19950315,8,19949471,-1
4,-1,19950317,8,19950315,-1
4,-1,19950315,8,19942372,-1
4,-1,19950315,8,19947764,-1
4,-1,19950315,8,19943071,-1
4,-1,19950315,8,19946048,-1
4,-1,19950315,8,19947918,-1
4,-1,19950322,8,19950315,-1
4,-1,19950734,8,19950315,-1
4,-1,19950315,8,19947648,-1
4,-1,19950315,8,19946348,-1
4,-1,19950315,8,19946993,-1
4,-1,19950315,8,19949731,-1
4,-1,19950425,8,19950315,-1
4,-1,19950315,8,19942022,-1
4,-1,19950315,8,19944575,-1
4,-1,19950315,8,19944200,-1
4,-1,19950315,8,19949523,-1
4,-1,19950315,8,19943023,-1
4,-1,19950315,8,19941581,-1
4,-1,19950315,8,19948522,-1
4,-1,19950315,8,19947256,-1
4,-1,19950325,8,19950315,-1
4,-1,19950315,8,19943106,-1
4,-1,19950315,8,19943365,-1
4,-1,19950315,8,19944513,-1
4,-1,19950315,8,19941824,-1
4,-1,19950315,8,19949115,-1
4,-1,19950657,8,19950315,-1
4,-1,19950757,8,19950315,-1
4,-1,19950315,8,19943742,-1
4,-1,19950315,8,19944206,-1
4,-1,19950315,8,19948404,-1
4,-1,19950315,8,19942857,-1
4,-1,19950315,8,19950260,-1
4,-1,19950315,8,19941364,-1
4,-1,19950351,8,19950315,-1
4,-1,19950315,8,19946020,-1
4,-1,19950315,8,19947822,-1
4,-1,19950315,8,19943412,-1
4,-1,19950315,8,19942831,-1
4,-1,19950315,8,19949458,-1
4,-1,19950315,8,19946719,-1
4,-1,19950315,8,19948189,-1
4,-1,19950315,8,19944927,-1
4,-1,19950315,8,19944837,-1
4,-1,19950315,8,19941499,-1
4,-1,19950315,8,19946799,-1
4,-1,19950315,8,19943842,-1
4,-1,19950315,8,19944258,-1
4,-1,19950315,8,19947459,-1
4,-1,19950315,8,19948722,-1
4,-1,19950315,8,19945382,-1
4,-1,19950315,8,19943047,-1
4,-1,19950315,8,19945295,-1
4,-1,19950315,8,19944329,-1
4,-1,19950315,8,19942200,-1
4,-1,19950315,8,19941154,-1
4,-1,19950389,8,19950315,-1
4,-1,19950461,8,19950315,-1
4,-1,19950577,8,19950315,-1
4,-1,19950469,8,19950315,-1
4,-1,19950456,8,19950315,-1
4,-1,19950435,8,19950315,-1
4,-1,19950408,8,19950315,-1
4,-1,19950328,8,19950315,-1
4,-1,19950428,8,19950315,-1
4,-1,19950589,8,19950315,-1
4,-1,19950424,8,19950315,-1
4,-1,19950447,8,19950315,-1
4,-1,19950599,8,19950315,-1
4,-1,19950604,8,19950315,-1
4,-1,19950620,8,19950315,-1
4,-1,19950451,8,19950315,-1
4,-1,19950335,8,19950315,-1
4,-1,19950569,8,19950315,-1
4,-1,19950410,8,19950315,-1
4,-1,19950331,8,19950315,-1
4,-1,19950386,8,19950315,-1
4,-1,19950565,8,19950315,-1
4,-1,19950365,8,19950315,-1
4,-1,19950423,8,19950315,-1
4,-1,19950345,8,19950315,-1
4,-1,19950618,8,19950315,-1
4,-1,19950326,8,19950315,-1
4,-1,19950560,8,19950315,-1
4,-1,19950369,8,19950315,-1
4,-1,19950493,8,19950315,-1
4,-1,19950576,8,19950315,-1
4,-1,19950530,8,19950315,-1
4,-1,19950478,8,19950315,-1
4,-1,19950349,8,19950315,-1
4,-1,19950577,8,19950315,-1
4,-1,19950480,8,19950315,-1
4,-1,19950507,8,19950315,-1
4,-1,19950505,8,19950315,-1
4,-1,19950552,8,19950315,-1
4,-1,19950547,8,19950315,-1
4,-1,19950326,8,19950315,-1
4,-1,19950348,8,19950315,-1
4,-1,19950501,8,19950315,-1
4,-1,19950588,8,19950315,-1
4,-1,19950613,8,19950315,-1
4,-1,19950613,8,19950315,-1
4,-1,19950556,8,19950315,-1
4,-1,19950539,8,19950315,-1
4,-1,19950443,8,19950315,-1
4,-1,19950335,8,19950315,-1
4,-1,19950426,8,19950315,-1
4,-1,19950495,8,19950315,-1
4,-1,19950338,8,19950315,-1
4,-1,19950571,8,19950315,-1
4,-1,19950422,8,19950315,-1
4,-1,19950541,8,19950315,-1
4,-1,19950322,8,19950315,-1
4,-1,19950609,8,19950315,-1
4,-1,19950398,8,19950315,-1
4,-1,19950352,8,19950315,-1
4,-1,19950478,8,19950315,-1
4,-1,19950505,8,19950315,-1
4,-1,19950523,8,19950315,-1
4,-1,19950411,8,19950315,-1
4,-1,19950478,8,19950315,-1
4,-1,19950481,8,19950315,-1
4,-1,19950345,8,19950315,-1
4,-1,19950458,8,19950315,-1
4,-1,19950569,8,19950315,-1
4,-1,19950379,8,19950315,-1
4,-1,19950495,8,19950315,-1
4,-1,19950595,8,19950315,-1
4,-1,19950490,8,19950315,-1
4,-1,19950544,8,19950315,-1
4,-1,19950361,8,19950315,-1
4,-1,19950406,8,19950315,-1
4,-1,19950328,8,19950315,-1
4,-1,19950497,8,19950315,-1
4,-1,19950352,8,19950315,-1
4,-1,19950337,8,19950315,-1
4,-1,19950515,8,19950315,-1
4,-1,19950589,8,19950315,-1
4,-1,19950589,8,19950315,-1
4,-1,19950377,8,19950315,-1
4,-1,19950557,8,19950315,-1
4,-1,19950589,8,19950315,-1
4,-1,19950440,8,19950315,-1
4,-1,19950405,8,19950315,-1
4,-1,19950551,8,19950315,-1
4,-1,19950520,8,19950315,-1
4,-1,19950438,8,19950315,-1
4,-1,19950478,8,19950315,-1
4,-1,19950610,8,19950315,-1
4,-1,19950320,8,19950315,-1
4,-1,19950495,8,19950315,-1
4,-1,19950341,8,19950315,-1
4,-1,19950370,8,19950315,-1
4,-1,19950538,8,19950315,-1
4,-1,19950385,8,19950315,-1
4,-1,19950340,8,19950315,-1
4,-1,19950383,8,19950315,-1
4,-1,19950458,8,19950315,-1
4,-1,19950595,8,19950315,-1
4,-1,19950342,8,19950315,-1
4,-1,19950445,8,19950315,-1
4,-1,19950599,8,19950315,-1
4,-1,19950588,8,19950315,-1
4,-1,19950481,8,19950315,-1
4,-1,19950615,8,19950315,-1
4,-1,19950339,8,19950315,-1
4,-1,19950573,8,19950315,-1
4,-1,19950341,8,19950315,-1
4,-1,19950412,8,19950315,-1
4,-1,19950480,8,19950315,-1
4,-1,19950450,8,19950315,-1
4,-1,19950604,8,19950315,-1
4,-1,19950549,8,19950315,-1
4,-1,19950602,8,19950315,-1
4,-1,19950424,8,19950315,-1
4,-1,19950529,8,19950315,-1
4,-1,19950403,8,19950315,-1
4,-1,19950545,8,19950315,-1
4,-1,19950372,8,19950315,-1
4,-1,19950576,8,19950315,-1
4,-1,19950432,8,19950315,-1
4,-1,19950590,8,19950315,-1
4,-1,19950451,8,19950315,-1
4,-1,19950447,8,19950315,-1
4,-1,19950541,8,19950315,-1
4,-1,19950399,8,19950315,-1
4,-1,19950415,8,19950315,-1
4,-1,19950519,8,19950315,-1
4,-1,19950417,8,19950315,-1
4,-1,19950372,8,19950315,-1
4,-1,19950524,8,19950315,-1
4,-1,19950582,8,19950315,-1
4,-1,19950509,8,19950315,-1
4,-1,19950458,8,19950315,-1
4,-1,19950563,8,19950315,-1
4,-1,19950364,8,19950315,-1
4,-1,19950511,8,19950315,-1
4,-1,19950614,8,19950315,-1
4,-1,19950406,8,19950315,-1
4,-1,19950457,8,19950315,-1
4,-1,19950384,8,19950315,-1
4,-1,19950387,8,19950315,-1
4,-1,19950525,8,19950315,-1
4,-1,19950614,8,19950315,-1
4,-1,19950408,8,19950315,-1
4,-1,19950589,8,19950315,-1
4,-1,19950480,8,19950315,-1
4,-1,19950355,8,19950315,-1
4,-1,19950358,8,19950315,-1
4,-1,19950566,8,19950315,-1
4,-1,19950397,8,19950315,-1
4,-1,19950353,8,19950315,-1
4,-1,19950357,8,19950315,-1
4,-1,19950602,8,19950315,-1
4,-1,19950476,8,19950315,-1
4,-1,19950608,8,19950315,-1
4,-1,19950393,8,19950315,-1
4,-1,19950421,8,19950315,-1
4,-1,19950506,8,19950315,-1
4,-1,19950369,8,19950315,-1
4,-1,19950569,8,19950315,-1
4,-1,19950530,8,19950315,-1
4,-1,19950517,8,19950315,-1
4,-1,19950410,8,19950315,-1
4,-1,19950495,8,19950315,-1
4,-1,19970280,8,19968256,-1
4,-1,19980724,8,19980613,-1
4,-1,19980404,8,19979862,-1
4,-1,19970205,8,19961757,-1
4,-1,19973656,8,19970962,-1
4,-1,19980114,8,19979803,-1
4,-1,19970172,8,19966939,-1
4,-1,19974119,8,19971207,-1
4,-1,19950261,8,19942859,-1
4,-1,19980278,8,19971714,-1
4,-1,19967967,8,19961127,-1
4,-1,19981078,8,19980741,-1
4,-1,19980124,8,19979382,-1
4,-1,19980311,8,19972491,-1
4,-1,19940145,8,19935014,-1
4,-1,19980125,8,19979040,-1
4,-1,19980999,8,19980791,-1
4,-1,19980545,8,19980474,-1
4,-1,19980160,8,19975921,-1
4,-1,19952633,8,19951107,-1
4,-1,19981087,8,19980659,-1
4,-1,19962802,8,19961121,-1
4,-1,19930164,8,19924682,-1
4,-1,19960160,8,19953483,-1
4,-1,19971710,8,19971083,-1
4,-1,19978091,8,19970992,-1
4,-1,19980360,8,19980140,-1
4,-1,19970380,8,19966745,-1
4,-1,19980364,8,19979827,-1
4,-1,19980182,8,19977251,-1
4,-1,19980133,8,19980002,-1
4,-1,19981034,8,19980722,-1
4,-1,19966685,8,19961186,-1
4,-1,19978138,8,19971101,-1
4,-1,19930382,8,19930191,-1
4,-1,19974144,8,19971043,-1
4,-1,19980666,8,19980618,-1
4,-1,19980156,8,19977951,-1
4,-1,19980241,8,19979954,-1
4,-1,19980182,8,19977835,-1
4,-1,19980538,8,19980388,-1
4,-1,19980168,8,19978884,-1
4,-1,19974382,8,19971177,-1
4,-1,19950160,8,19941171,-1
4,-1,19923728,8,19921168,-1
4,-1,19981195,8,19980799,-1
4,-1,19956702,8,19951021,-1
4,-1,19980253,8,19979862,-1
4,-1,19980315,8,19973678,-1
4,-1,19980887,8,19980652,-1
4,-1,19960313,8,19957373,-1
4,-1,19960241,8,19951460,-1
4,-1,19980224,8,19977619,-1
4,-1,19924710,8,19921058,-1
4,-1,19957078,8,19951228,-1
4,-1,19980166,8,19976348,-1
4,-1,19976001,8,19971142,-1
4,-1,19946432,8,19941114,-1
4,-1,19951545,8,19951098,-1
4,-1,19932929,8,19931135,-1
4,-1,19980187,8,19979346,-1
4,-1,19980168,8,19979217,-1
4,-1,19942345,8,19941098,-1
4,-1,19950292,8,19946498,-1
4,-1,19971191,8,19971083,-1
4,-1,19930209,8,19928462,-1
4,-1,19981075,8,19980793,-1
4,-1,19965695,8,19961180,-1
4,-1,19966626,8,19961193,-1
4,-1,19960696,8,19960584,-1
4,-1,19974710,8,19971021,-1
4,-1,19980212,8,19972285,-1
4,-1,19954627,8,19951041,-1
4,-1,19967125,8,19961036,-1
4,-1,19922775,8,19921202,-1
4,-1,19950257,8,19949082,-1
4,-1,19980309,8,19975953,-1
4,-1,19950233,8,19950200,-1
4,-1,19980270,8,19974514,-1
4,-1,19980156,8,19975923,-1
4,-1,19962765,8,19961150,-1
4,-1,19980177,8,19978476,-1
4,-1,19960269,8,19955611,-1
4,-1,19960251,8,19952264,-1
4,-1,19931781,8,19931147,-1
4,-1,19980504,8,19980367,-1
4,-1,19940205,8,19939553,-1
4,-1,19980149,8,19971955,-1
4,-1,19934324,8,19931108,-1
4,-1,19971677,8,19971227,-1
4,-1,19980817,8,19980647,-1
4,-1,19980419,8,19980324,-1
4,-1,19980008,8,19971147,-1
4,-1,19981112,8,19980735,-1
4,-1,19980239,8,19977955,-1
4,-1,19980198,8,19973251,-1
4,-1,19980191,8,19972512,-1
4,-1,19950145,8,19948850,-1
4,-1,19980202,8,19976769,-1
4,-1,19981050,8,19980715,-1
4,-1,19972773,8,19971116,-1
4,-1,19970119,8,19968762,-1
4,-1,19930548,8,19930497,-1
4,-1,19940119,8,19932417,-1
4,-1,19970275,8,19964479,-1
4,-1,19946110,8,19941183,-1
4,-1,19980222,8,19977950,-1
4,-1,19980157,8,19979396,-1
4,-1,19980133,8,19979671,-1
4,-1,19970226,8,19966972,-1
4,-1,19977570,8,19971037,-1
4,-1,19980115,8,19979844,-1
4,-1,19935343,8,19931193,-1
4,-1,19980758,8,19980675,-1
4,-1,19970229,8,19967037,-1
4,-1,19980240,8,19978759,-1
4,-1,19935851,8,19931197,-1
4,-1,19980177,8,19972799,-1
4,-1,19980147,8,19979685,-1
4,-1,19970147,8,19969971,-1
4,-1,19970929,8,19970904,-1
4,-1,19974241,8,19971025,-1
4,-1,19962761,8,19961209,-1
4,-1,19930239,8,19927977,-1
4,-1,19940145,8,19938919,-1
4,-1,19978674,8,19971195,-1
4,-1,19966340,8,19961201,-1
4,-1,19970219,8,19967841,-1
4,-1,19981057,8,19980801,-1
4,-1,19940191,8,19935043,-1
4,-1,19960316,8,19960207,-1
4,-1,19960365,8,19960193,-1
4,-1,19980230,8,19972016,-1
4,-1,19981147,8,19980773,-1
4,-1,19938237,8,19931112,-1
4,-1,19980262,8,19979138,-1
4,-1,19926798,8,19921122,-1
4,-1,19965115,8,19961190,-1
4,-1,19940298,8,19934598,-1
4,-1,19980198,8,19977976,-1
4,-1,19980340,8,19980147,-1
4,-1,19950222,8,19949391,-1
4,-1,19980700,8,19980451,-1
4,-1,19980794,8,19980606,-1
4,-1,19980923,8,19980697,-1
4,-1,19980179,8,19973135,-1
4,-1,19970213,8,19966458,-1
4,-1,19970245,8,19969935,-1
4,-1,19960254,8,19957625,-1
4,-1,19980880,8,19980768,-1
4,-1,19970365,8,19970247,-1
4,-1,19970206,8,19969818,-1
4,-1,19980389,8,19980252,-1
4,-1,19973954,8,19971053,-1
4,-1,19970123,8,19966054,-1
4,-1,19980120,8,19974412,-1
4,-1,19958419,8,19951062,-1
4,-1,19980275,8,19975246,-1
4,-1,19980103,8,19979986,-1
4,-1,19980686,8,19980496,-1
4,-1,19980217,8,19977114,-1
4,-1,19981024,8,19980742,-1
4,-1,19935356,8,19931169,-1
4,-1,19970313,8,19965010,-1
4,-1,19930140,8,19923862,-1
4,-1,19960422,8,19960311,-1
4,-1,19974538,8,19971085,-1
4,-1,19975956,8,19971049,-1
4,-1,19980131,8,19976163,-1
4,-1,19973788,8,19971117,-1
4,-1,19980298,8,19974724,-1
4,-1,19973324,8,19971187,-1
4,-1,19980245,8,19979327,-1
4,-1,19946483,8,19941218,-1
4,-1,19951728,8,19951134,-1
4,-1,19976296,8,19971062,-1
4,-1,19964888,8,19961048,-1
4,-1,19980475,8,19980265,-1
4,-1,19970134,8,19966431,-1
4,-1,19980272,8,19980110,-1
4,-1,19980314,8,19979944,-1
4,-1,19977533,8,19971116,-1
4,-1,19940311,8,19931543,-1
4,-1,19980317,8,19978120,-1
4,-1,19950115,8,19947970,-1
4,-1,19980644,8,19980576,-1
4,-1,19970181,8,19968608,-1
4,-1,19966543,8,19961067,-1
4,-1,19959691,8,19951133,-1
4,-1,19981096,8,19980787,-1
4,-1,19980553,8,19980519,-1
4,-1,19940270,8,19938037,-1
4,-1,19978367,8,19971115,-1
4,-1,19975169,8,19971020,-1
4,-1,19971661,8,19971052,-1
4,-1,19980380,8,19980219,-1
4,-1,19980195,8,19978148,-1
4,-1,19980307,8,19979402,-1
4,-1,19964425,8,19961183,-1
4,-1,19940147,8,19932320,-1
4,-1,19980281,8,19979839,-1
4,-1,19950183,8,19941625,-1
4,-1,19970261,8,19969741,-1
4,-1,19980300,8,19980026,-1
4,-1,19959913,8,19951173,-1
4,-1,19968139,8,19961178,-1
4,-1,19927363,8,19921095,-1
4,-1,19980170,8,19978029,-1
4,-1,19980301,8,19975418,-1
4,-1,19970948,8,19970850,-1
4,-1,19980117,8,19972278,-1
4,-1,19974154,8,19971045,-1
4,-1,19970204,8,19965727,-1
4,-1,19980181,8,19977087,-1
4,-1,19980130,8,19979650,-1
4,-1,19980239,8,19979651,-1
4,-1,19980149,8,19974969,-1
4,-1,19930237,8,19927436,-1
4,-1,19943701,8,19941168,-1
4,-1,19957068,8,19951099,-1
4,-1,19934988,8,19931072,-1
4,-1,19950302,8,19948850,-1
4,-1,19980404,8,19980239,-1
4,-1,19960241,8,19956211,-1
4,-1,19978709,8,19971032,-1
4,-1,19975506,8,19971019,-1
4,-1,19974769,8,19971129,-1
4,-1,19945001,8,19941184,-1
4,-1,19971376,8,19971033,-1
4,-1,19970119,8,19968604,-1
4,-1,19981122,8,19980742,-1
4,-1,19980241,8,19976656,-1
4,-1,19981084,8,19980786,-1
4,-1,19940159,8,19932108,-1
4,-1,19950234,8,19949422,-1
4,-1,19950300,8,19944603,-1
4,-1,19940239,8,19934902,-1
4,-1,19940650,8,19940613,-1
4,-1,19980254,8,19976674,-1
4,-1,19939311,8,19931029,-1
4,-1,19959880,8,19951091,-1
4,-1,19970292,8,19961893,-1
4,-1,19981176,8,19980782,-1
4,-1,19980264,8,19971775,-1
4,-1,19980311,8,19977231,-1
4,-1,19970116,8,19968294,-1
4,-1,19978789,8,19971038,-1
4,-1,19980859,8,19980619,-1
4,-1,19976247,8,19971181,-1
4,-1,19978220,8,19971199,-1
4,-1,19980284,8,19975010,-1
4,-1,19980565,8,19980381,-1
4,-1,19940268,8,19936833,-1
4,-1,19980242,8,19979668,-1
4,-1,19963980,8,19961094,-1
4,-1,19975416,8,19971150,-1
4,-1,19971070,8,19970984,-1
4,-1,19964750,8,19961186,-1
4,-1,19971444,8,19971104,-1
4,-1,19980259,8,19975695,-1
4,-1,19956774,8,19951206,-1
4,-1,19980151,8,19977316,-1
4,-1,19980131,8,19977728,-1
4,-1,19932115,8,19931154,-1
4,-1,19965058,8,19961190,-1
4,-1,19980308,8,19975847,-1
4,-1,19950267,8,19941357,-1
4,-1,19951933,8,19951160,-1
4,-1,19971034,8,19970927,-1
4,-1,19943419,8,19941031,-1
4,-1,19975486,8,19971102,-1
4,-1,19980153,8,19978183,-1
4,-1,19952876,8,19951172,-1
4,-1,19980777,8,19980629,-1
4,-1,19980286,8,19975943,-1
4,-1,19967589,8,19961093,-1
4,-1,19980942,8,19980711,-1
4,-1,19980252,8,19978788,-1
4,-1,19980443,8,19980328,-1
4,-1,19981044,8,19980789,-1
4,-1,19970234,8,19968085,-1
4,-1,19950285,8,19949155,-1
4,-1,19980887,8,19980765,-1
4,-1,19981149,8,19980778,-1
4,-1,19962259,8,19961090,-1
4,-1,19960292,8,19953512,-1
4,-1,19970710,8,19970439,-1
4,-1,19970264,8,19961978,-1
4,-1,19977824,8,19971127,-1
4,-1,19945957,8,19941064,-1
4,-1,19925425,8,19921149,-1
4,-1,19980260,8,19979571,-1
4,-1,19980115,8,19978915,-1
4,-1,19963119,8,19961067,-1
4,-1,19981115,8,19980758,-1
4,-1,19980116,8,19974905,-1
4,-1,19970269,8,19963454,-1
4,-1,19980272,8,19979368,-1
4,-1,19960253,8,19956736,-1
4,-1,19972914,8,19971191,-1
4,-1,19980175,8,19979962,-1
4,-1,19957990,8,19951095,-1
4,-1,19980174,8,19972416,-1
4,-1,19960148,8,19954396,-1
4,-1,19956967,8,19951158,-1
4,-1,19980245,8,19973016,-1
4,-1,19948676,8,19941165,-1
4,-1,19941277,8,19941152,-1
4,-1,19980225,8,19979177,-1
4,-1,19966424,8,19961069,-1
4,-1,19940160,8,19932608,-1
4,-1,19980144,8,19971769,-1
4,-1,19980607,8,19980554,-1
4,-1,19981162,8,19980723,-1
4,-1,19980146,8,19974711,-1
4,-1,19970119,8,19963389,-1
4,-1,19980210,8,19978560,-1
4,-1,19975566,8,19971177,-1
4,-1,19980225,8,19980025,-1
4,-1,19971015,8,19970871,-1
4,-1,19976469,8,19971074,-1
4,-1,19942856,8,19941207,-1
4,-1,19980136,8,19979604,-1
4,-1,19981007,8,19980729,-1
4,-1,19970119,8,19967569,-1
4,-1,19970175,8,19964747,-1
4,-1,19960535,8,19960417,-1
4,-1,19940243,8,19936749,-1
4,-1,19980143,8,19979675,-1
4,-1,19980331,8,19980179,-1
4,-1,19980227,8,19978646,-1
4,-1,19976302,8,19971063,-1
4,-1,19960546,8,19960503,-1
4,-1,19970490,8,19970355,-1
4,-1,19980149,8,19977688,-1
4,-1,19940289,8,19933022,-1
4,-1,19940103,8,19938117,-1
4,-1,19940276,8,19938508,-1
4,-1,19950121,8,19944669,-1
4,-1,19977784,8,19971072,-1
4,-1,19964854,8,19961037,-1
4,-1,19980990,8,19980748,-1
4,-1,19975211,8,19971211,-1
4,-1,19980251,8,19979796,-1
4,-1,19950188,8,19947004,-1
4,-1,19949333,8,19941197,-1
4,-1,19950142,8,19945270,-1
4,-1,19980168,8,19972264,-1
4,-1,19980107,8,19979882,-1
4,-1,19980993,8,19980695,-1
4,-1,19932541,8,19931138,-1
4,-1,19980182,8,19979933,-1
4,-1,19935017,8,19931102,-1
4,-1,19980270,8,19974826,-1
4,-1,19980666,8,19980598,-1
4,-1,19926128,8,19921159,-1
4,-1,19980724,8,19980593,-1
4,-1,19981003,8,19980784,-1
4,-1,19980108,8,19979239,-1
4,-1,19960103,8,19953971,-1
4,-1,19980168,8,19978531,-1
4,-1,19980793,8,19980605,-1
4,-1,19930250,8,19924386,-1
4,-1,19980199,8,19975820,-1
4,-1,19931808,8,19931193,-1
4,-1,19960173,8,19953757,-1
4,-1,19980107,8,19978566,-1
4,-1,19977324,8,19971043,-1
4,-1,19955846,8,19951228,-1
4,-1,19980595,8,19980386,-1
4,-1,19926021,8,19921212,-1
4,-1,19921809,8,19921174,-1
4,-1,19962545,8,19961042,-1
4,-1,19940313,8,19934990,-1
4,-1,19980301,8,19979348,-1
4,-1,19972081,8,19971125,-1
4,-1,19971892,8,19971206,-1
4,-1,19950300,8,19948136,-1
4,-1,19942101,8,19941049,-1
4,-1,19970296,8,19969889,-1
4,-1,19980162,8,19976775,-1
4,-1,19969995,8,19961072,-1
4,-1,19980585,8,19980331,-1
4,-1,19980444,8,19980287,-1
4,-1,19970135,8,19961795,-1
4,-1,19980226,8,19979638,-1
4,-1,19950163,8,19943489,-1
4,-1,19980277,8,19977388,-1
4,-1,19946961,8,19941174,-1
4,-1,19980276,8,19979594,-1
4,-1,19980215,8,19972548,-1
4,-1,19980103,8,19979358,-1
4,-1,19940228,8,19936817,-1
4,-1,19980713,8,19980643,-1
4,-1,19922837,8,19921103,-1
4,-1,19959597,8,19951053,-1
4,-1,19952107,8,19951088,-1
4,-1,19979093,8,19971088,-1
4,-1,19980689,8,19980442,-1
4,-1,19970275,8,19962834,-1
4,-1,19980242,8,19975138,-1
4,-1,19970819,8,19970648,-1
4,-1,19979447,8,19971074,-1
4,-1,19970167,8,19966361,-1
4,-1,19970260,8,19966865,-1
4,-1,19971431,8,19971087,-1
4,-1,19980218,8,19976825,-1
4,-1,19960173,8,19954902,-1
4,-1,19964748,8,19961172,-1
4,-1,19960210,8,19952643,-1
4,-1,19980113,8,19975986,-1
4,-1,19970182,8,19969543,-1
4,-1,19980167,8,19979495,-1
4,-1,19963151,8,19961146,-1
4,-1,19940108,8,19936867,-1
4,-1,19980245,8,19979364,-1
4,-1,19960124,8,19953123,-1
4,-1,19980304,8,19978356,-1
4,-1,19970228,8,19965819,-1
4,-1,19960257,8,19953822,-1
4,-1,19945826,8,19941077,-1
4,-1,19954501,8,19951077,-1
4,-1,19980158,8,19980114,-1
4,-1,19980250,8,19972146,-1
4,-1,19970134,8,19962555,-1
4,-1,19980887,8,19980717,-1
4,-1,19974978,8,19971038,-1
4,-1,19980225,8,19979718,-1
4,-1,19941959,8,19941124,-1
4,-1,19970225,8,19968616,-1
4,-1,19946227,8,19941132,-1
4,-1,19972321,8,19971129,-1
4,-1,19966738,8,19961107,-1
4,-1,19960119,8,19952274,-1
4,-1,19980859,8,19980677,-1
4,-1,19960117,8,19958061,-1
4,-1,19970302,8,19967356,-1
4,-1,19980195,8,19979191,-1
4,-1,19980120,8,19979074,-1
4,-1,19980258,8,19979667,-1
4,-1,19980235,8,19973151,-1
4,-1,19960305,8,19951373,-1
4,-1,19980167,8,19979025,-1
4,-1,19980110,8,19975982,-1
4,-1,19977266,8,19971069,-1
4,-1,19979858,8,19971032,-1
4,-1,19943774,8,19941108,-1
4,-1,19960249,8,19957556,-1
4,-1,19980175,8,19976012,-1
4,-1,19980315,8,19979156,-1
4,-1,19950139,8,19948108,-1
4,-1,19980106,8,19978130,-1
4,-1,19960308,8,19958924,-1
4,-1,19980122,8,19978321,-1
4,-1,19975386,8,19971203,-1
4,-1,19940307,8,19932762,-1
4,-1,19980279,8,19978146,-1
4,-1,19980289,8,19972139,-1
4,-1,19944725,8,19941069,-1
4,-1,19971333,8,19971154,-1
4,-1,19970260,8,19961899,-1
4,-1,19980462,8,19980366,-1
4,-1,19980290,8,19976337,-1
4,-1,19980369,8,19980241,-1
4,-1,19980155,8,19977991,-1
4,-1,19980511,8,19980237,-1
4,-1,19980891,8,19980619,-1
4,-1,19980634,8,19980465,-1
4,-1,19974951,8,19971185,-1
4,-1,19980241,8,19979315,-1
4,-1,19980237,8,19979262,-1
4,-1,19980172,8,19978313,-1
4,-1,19980234,8,19975457,-1
4,-1,19981009,8,19980698,-1
4,-1,19930137,8,19928963,-1
4,-1,19948989,8,19941217,-1
4,-1,19949387,8,19941022,-1
4,-1,19980832,8,19980722,-1
4,-1,19970238,8,19967629,-1
4,-1,19980307,8,19977867,-1
4,-1,19980792,8,19980571,-1
4,-1,19980309,8,19977155,-1
4,-1,19980267,8,19979004,-1
4,-1,19980248,8,19976009,-1
4,-1,19921852,8,19921110,-1
4,-1,19961538,8,19961140,-1
4,-1,19970274,8,19965939,-1
4,-1,19980524,8,19980454,-1
4,-1,19924145,8,19921155,-1
4,-1,19980102,8,19978602,-1
4,-1,19980208,8,19972845,-1
4,-1,19960283,8,19958319,-1
4,-1,19981017,8,19980750,-1
4,-1,19977482,8,19971115,-1
4,-1,19980177,8,19973670,-1
4,-1,19981148,8,19980788,-1
4,-1,19980643,8,19980581,-1
4,-1,19920610,8,19920510,-1
4,-1,19981122,8,19980743,-1
4,-1,19960250,8,19954142,-1
