19
17
24
31
27
21
10
18
29
24
21
25
36
19
34
24
13
20
20
23
20
21
31
14
17
22
27
34
25
21
11
31
22
17
23
17
23
24
29
47
26
23
25
22
22
31
14
15
28
31
28
20
21
21
13
28
23
15
26
21
17
45
26
20
23
21
23
23
26
25
28
18
26
32
14
47
24
38
12
19
24
28
17
18
27
18
25
26
49
21
15
24
31
21
19
16
25
24
21
25
11
22
24
21
19
18
27
23
24
17
20
25
20
12
16
23
23
20
19
19
19
23
32
23
23
21
22
21
29
23
18
21
20
24
36
32
25
23
18
20
25
34
19
18
21
22
20
21
25
24
38
27
24
24
34
21
17
20
35
28
28
21
21
24
28
23
43
15
23
21
35
26
19
23
23
20
18
21
21
28
20
24
24
27
20
31
25
33
23
21
17
15
27
21
25
19
11
23
33
33
20
32
18
28
33
25
19
23
20
22
29
27
52
20
26
17
19
28
38
27
32
41
33
25
17
15
40
15
25
21
25
22
29
23
31
20
34
25
23
21
23
19
22
19
19
23
25
24
24
32
22
24
38
17
19
23
16
27
28
13
24
19
23
13
25
20
22
24
24
21
23
18
26
18
21
21
22
21
28
22
22
16
10
32
22
31
33
17
21
24
27
23
24
37
21
18
33
16
23
41
14
17
14
26
32
37
18
18
25
36
23
23
24
27
14
24
42
31
22
25
29
20
19
19
38
29
23
24
19
27
25
17
13
18
22
27
26
20
21
20
23
24
22
16
25
23
17
28
23
12
25
26
28
23
30
13
23
18
32
20
36
27
45
26
24
38
43
18
27
29
21
18
47
20
14
23
23
17
30
29
25
15
38
21
22
22
28
26
25
21
26
24
27
20
23
23
16
19
25
30
22
23
20
14
23
38
25
26
24
28
23
25
22
34
35
22
16
34
18
22
15
23
26
32
29
20
33
28
20
22
27
25
19
14
26
19
22
22
51
25
35
17
31
17
20
23
41
1932
24
17
20
23
16
20
25
20
19
23
21
24
29
10
23
30
23
20
29
22
21
19
20
26
26
26
20
27
28
23
39
22
17
25
20
19
28
24
22
16
20
19
20
20
18
26
23
31
15
26
18
22
20
21
20
26
15
21
23
23
18
37
22
25
13
25
21
16
27
23
32
17
28
23
24
24
25
25
26
14
41
30
22
29
15
29
11
13
14
37
17
26
21
28
26
27
36
21
24
23
26
39
338
25
18
17
23
29
22
16
23
44
22
33
17
38
30
33
28
18
28
20
22
38
22
22
30
26
24
23
24
25
25
20
13
20
26
22
23
18
27
13
23
19
27
26
21
17
24
28
22
27
20
21
40
33
26
36
21
21
14
28
26
20
15
26
23
35
17
28
55
22
20
14
14
29
27
18
20
42
21
251
29
50
31
29
31
28
24
55
31
18
20
34
24
28
26
36
16
35
32
29
37
19
30
27
30
22
31
41
40
24
22
31
32
40
22
24
25
20
34
26
36
30
33
22
23
19
27
15
21
20
28
20
23
21
24
21
10
24
38
22
28
24
19
17
27
24
25
18
21
20
23
26
19
22
27
22
21
20
27
22
20
23
24
23
25
23
14
22
27
16
24
23
18
34
29
22
26
35
29
22
26
20
25
22
24
16
34
22
35
18
22
34
21
27
11
24
28
21
32
26
31
22
30
21
32
23
22
23
27
27
23
22
21
310
21
16
34
20
16
17
31
15
18
20
28
29
21
20
24
43
21
42
24
21
23
2992
23
30
29
31
20
21
28
22
25
21
25
23
23
24
17
25
29
27
22
27
25
22
18
22
18
21
26
32
30
37
29
43
22
21
21
34
16
23
23
19
23
17
21
44
12
20
35
31
22
25
22
15
21
25
23
24
26
23
16
29
33
28
17
23
28
17
34
16
41
24
14
24
33
23
24
20
19
19
19
24
22
25
25
21
30
24
26
13
43
19
27
22
13
33
13
32
19
29
26
22
17
27
23
18
27
25
23
38
24
27
11
26
23
27
27
41
40
25
16
24
24
20
28
20
21
28
33
20
16
35
16
23
58
23
19
22
17
12
44
17
27
38
18
31
26
36
30
29
16
46
25
20
19
18
27
18
31
30
23
25
26
21
19
25
22
22
14
23
38
27
35
23
25
18
20
16
17
34
27
23
18
18
32
28
16
33
22
27
28
32
30
38
20
21
30
22
25
28
32
32
25
19
36
24
24
18
19
27
26
22
22
21
21
27
