61
53
216
57
31
62
43
25
196
50
173
65
78
204
37
33
256
60
50
31
72
36
28
19
36
139
61
214
31
174
167
23
26
27
212
40
28
69
33
143
178
125
36
22
45
30
32
44
31
110
43
170
30
34
38
15
56
160
268
57
259
44
39
27
24
253
28
241
53
28
47
264
254
143
135
251
25
126
42
143
18
181
19
34
122
282
18
98
34
211
27
26
38
26
132
133
54
204
134
43
24
42
154
31
25
22
36
234
203
32
16
131
44
33
282
33
29
36
30
48
168
23
32
21
144
224
57
41
203
131
183
206
223
171
182
147
104
20
40
32
27
101
38
74
143
137
18
48
36
188
129
63
21
248
21
282
199
35
27
24
26
137
23
219
71
151
221
33
120
22
229
19
28
194
43
49
25
48
23
141
25
151
32
42
43
114
39
40
202
111
22
43
136
37
50
172
29
44
244
210
122
17
26
23
232
29
165
45
179
53
210
42
49
277
143
25
135
25
107
43
252
218
187
32
170
150
20
25
176
44
47
255
39
148
14
262
30
45
229
36
49
35
146
18
242
54
42
35
34
43
158
138
47
117
27
43
33
37
123
88
24
21
138
37
20
25
40
240
36
41
34
226
25
25
181
130
21
22
187
173
52
40
129
20
43
109
25
24
218
191
57
19
28
14
24
29
191
41
25
39
207
47
14
146
182
287
36
192
28
40
80
183
28
47
45
28
48
131
31
50
35
75
46
247
19
30
29
38
169
33
43
155
42
154
19
120
168
120
26
87
106
61
71
77
187
95
108
23
211
17
216
46
28
143
142
26
31
161
142
204
137
158
36
22
206
51
220
217
54
103
175
30
208
45
159
211
55
298
45
26
37
25
131
150
41
101
38
119
228
204
27
34
53
26
55
24
252
55
65
37
34
26
171
26
28
17
17
24
54
177
19
142
224
220
30
18
59
30
224
47
34
211
112
139
59
18
23
38
28
121
150
90
40
252
49
134
15
159
27
41
82
40
18
153
186
21
179
33
125
51
21
17
161
128
32
212
40
169
37
272
42
54
145
45
32
152
173
88
110
24
29
21
106
50
146
165
59
35
132
195
202
83
25
27
16
14
89
35
65
140
28
111
18
30
23
48
54
52
63
205
25
274
101
28
41
223
207
109
27
55
44
162
54
27
27
217
33
116
196
182
93
88
21
17
74
26
93
210
27
57
146
174
24
41
38
130
33
32
175
35
40
244
197
37
30
217
172
27
19
37
104
190
268
23
30
138
107
23
246
36
46
166
18
189
36
16
27
22
25
98
275
29
162
231
191
51
17
35
101
24
79
59
27
154
174
162
204
163
18
34
26
41
145
32
220
48
29
145
229
122
32
71
275
42
166
34
193
96
27
32
57
47
16
16
34
15
39
125
199
20
32
49
48
226
125
167
45
265
128
51
54
196
97
34
36
30
39
171
119
40
44
35
158
14
44
25
19
149
161
292
143
29
51
163
86
28
27
48
219
171
24
27
89
188
42
224
56
34
142
22
34
24
268
147
147
26
21
117
25
25
56
184
32
135
37
21
99
32
33
35
214
157
29
39
22
28
59
123
25
23
171
147
26
25
37
172
29
47
19
226
157
29
29
177
25
136
45
115
17
24
82
240
155
49
177
165
203
254
23
217
27
21
264
208
159
179
265
225
26
229
17
23
22
183
30
114
38
46
25
209
36
18
48
23
192
53
181
18
211
176
187
230
76
183
151
29
171
73
36
22
171
32
37
183
166
23
33
21
26
198
32
31
32
27
188
230
29
122
181
171
130
29
46
33
35
56
93
161
45
33
76
215
78
250
71
115
182
145
28
98
50
20
17
218
153
43
207
191
32
22
83
220
26
24
210
172
24
22
30
93
276
16
101
82
185
263
67
26
28
76
40
45
28
234
123
21
38
164
41
22
20
28
197
25
129
33
42
119
24
24
33
23
26
29
85
166
47
40
45
55
93
24
35
26
20
193
43
197
25
19
55
136
46
21
41
114
36
52
206
32
29
27
106
17
35
250
199
162
95
53
172
163
17
114
50
192
27
20
22
126
174
246
81
111
45
233
102
145
29
25
185
228
190
38
48
91
227
62
96
199
144
64
27
29
32
231
189
54
26
27
23
26
134
29
184
24
68
136
50
186
29
38
17
108
30
174
14
45
35
31
51
29
19
193
50
37
49
37
44
164
248
197
23
45
23
33
53
159
96
163
103
26
144
99
231
153
218
200
27
194
44
148
199
24
96
70
27
48
166
66
