1406
1037
934
917
989
861
966
936
863
892
1134
914
1075
851
877
1051
874
1009
850
1216
927
1094
835
1140
800
792
1313
1198
956
979
1029
1012
937
753
924
987
760
897
980
920
895
995
918
896
942
929
772
892
1001
928
913
981
1006
752
852
873
917
1025
986
946
925
756
872
887
894
947
725
1055
943
722
945
1370
1102
1028
898
846
919
945
942
774
852
759
1111
1145
857
720
1011
1064
1182
835
743
1008
1113
727
727
910
758
963
831
1085
858
768
929
1213
915
1036
907
1073
833
1188
880
910
779
794
1069
1309
930
1006
1033
835
842
683
772
1347
1001
939
907
1004
907
871
859
888
998
1127
918
980
923
1124
934
1206
937
929
729
911
929
859
959
993
835
941
835
857
788
1077
1021
735
883
1093
994
820
1021
1102
791
761
845
739
1076
884
703
854
825
852
1123
911
761
918
757
862
539
926
1143
924
786
1023
1144
878
866
1011
754
750
758
869
1026
1040
1078
872
965
1125
875
1208
839
1018
1105
940
868
1180
903
1244
864
1009
895
834
837
857
885
883
851
912
937
1027
853
764
996
1141
799
842
1060
1114
918
858
993
940
1069
930
1155
1029
1066
839
838
957
852
1015
930
951
942
902
944
1155
1016
1325
1071
892
903
859
868
669
1035
923
725
1029
1072
1068
883
1203
897
835
912
1040
925
868
901
938
918
1001
1258
885
891
834
834
916
1032
898
788
956
981
959
861
896
869
759
897
834
690
850
967
1016
705
757
841
990
906
984
654
632
757
1105
1010
925
915
575
1096
918
1256
936
922
1025
1000
858
852
1115
1072
758
986
757
1078
658
899
1018
835
1190
766
967
999
656
847
1020
778
778
928
758
786
930
923
1089
1020
1016
939
1031
1125
1032
853
882
1018
1073
756
1030
1239
749
940
859
938
909
1053
941
612
955
545
984
1042
818
759
658
890
908
990
845
924
777
697
900
914
832
871
902
849
661
1394
775
858
1078
800
896
849
842
1172
1105
837
835
898
945
914
679
762
915
941
1206
1071
950
838
1046
983
861
815
871
869
851
980
941
972
758
748
992
1089
1276
721
850
927
858
762
913
898
861
1027
957
925
1204
898
861
861
1109
599
1034
872
914
1045
1067
899
939
921
842
1020
836
831
834
994
832
856
849
924
1148
897
861
963
1020
732
769
989
537
1133
864
1068
1147
937
864
1068
962
995
1158
1119
869
862
726
898
931
750
966
1003
718
767
957
874
1008
931
867
915
896
820
831
1117
1137
892
856
864
862
678
758
1024
850
838
1069
898
894
1010
902
680
1147
1071
1029
833
1033
851
933
1164
1051
758
888
852
1039
936
855
850
1046
858
908
869
919
848
1150
905
968
851
861
898
838
807
860
830
901
911
980
809
694
1207
944
1025
968
821
1098
751
1053
778
729
662
937
758
902
758
883
1053
921
983
870
758
876
1075
937
949
754
1156
1003
1069
818
1102
836
844
1101
899
1034
932
832
915
1119
686
1094
921
762
992
978
964
629
1328
889
866
926
868
1015
774
643
898
924
1145
925
851
1053
1032
987
1004
896
1124
1002
852
843
929
1088
1101
856
898
953
848
1069
1237
832
771
734
1024
1076
945
1019
1091
786
954
734
908
1017
906
981
943
742
921
840
896
953
1002
1018
897
850
958
1128
928
858
1091
651
1065
801
1063
769
1123
835
663
972
851
550
1036
999
883
864
988
1264
922
1231
907
986
759
905
1114
985
759
785
1118
867
1068
867
881
1039
858
831
1123
931
826
774
848
970
1012
1032
785
749
1228
950
1021
836
879
957
869
856
762
1032
877
765
932
900
871
924
868
934
885
987
731
762
838
848
824
1078
1131
1012
872
776
858
711
1039
1129
866
1091
942
961
849
769
1070
940
1041
899
1115
1047
1014
1012
1049
1020
798
910
771
799
1027
793
900
855
990
778
898
920
1023
841
907
838
662
967
663
899
843
865
785
970
887
747
914
851
871
1101
919
848
777
999
857
1028
655
1156
1482
901
749
872
759
704
838
861
919
968
1001
952
862
869
940
877
1208
860
777
835
950
849
730
693
768
841
895
813
1044
899
845
855
1022
1243
748
1148
835
932
850
902
881
1037
1028
1336
897
929
1083
1021
1078
835
780
967
853
1218
1039
740
727
986
758
695
988
934
810
932
1202
759
1024
759
850
756
1069
901
1033
1061
1115
849
874
1168
1065
838
1041
1010
872
765
917
858
744
852
672
896
850
845
861
1128
1083
922
861
897
835
852
1160
921
1028
832
859
873
925
865
920
938
1065
904
832
926
1232
1104
1006
1055
861
917
856
836
853
819
857
914
1133
1024
921
858
1020
762
907
832
852
1282
917
702
919
1027
806
629
829
1016
915
897
906
1025
758
966
842
752
928
1158
1087
781
1021
986
928
1083
1001
872
831
921
744
857
991
897
719
919
1362
896
1018
873
723
949
911
912
1195
837
852
852
728
935
851
883
898
767
902
763
710
897
1093
737
652
893
899
1005
869
873
918
837
906
872
746
944
