85
89
103
95
72
95
101
95
116
82
75
79
101
87
51
62
66
93
72
50
74
91
79
107
70
98
100
63
88
46
76
52
75
67
86
74
85
82
60
89
87
86
80
85
90
74
68
78
67
72
52
42
54
59
55
50
71
75
82
59
82
62
54
82
81
87
60
49
81
66
74
87
73
72
84
71
84
57
115
66
71
83
119
40
84
74
54
60
83
60
45
49
41
40
64
78
76
76
82
79
58
70
58
90
55
67
78
61
70
62
56
74
74
73
61
83
73
52
51
66
69
61
55
55
48
84
62
66
88
74
75
76
48
54
60
79
112
90
41
76
122
96
61
73
89
55
85
48
62
59
60
101
99
68
80
49
72
95
88
34
75
88
94
59
70
52
62
67
52
55
72
61
78
62
59
70
58
93
44
86
63
60
86
73
91
106
85
55
63
71
55
60
101
71
83
122
91
53
83
41
64
73
77
57
72
82
95
74
55
39
79
65
64
73
77
99
74
79
101
82
54
56
74
54
60
70
73
47
87
61
57
61
63
37
49
46
62
71
75
77
59
64
79
76
59
63
72
91
72
68
70
96
94
119
76
55
55
83
45
74
75
62
77
80
78
61
34
72
81
56
72
75
82
52
61
71
53
64
62
92
57
77
84
94
80
44
72
77
86
59
70
59
52
63
88
98
66
60
78
60
72
104
79
54
61
87
76
73
55
42
125
81
56
82
81
73
47
57
73
82
65
61
67
61
101
69
80
60
65
81
69
70
50
71
54
72
72
44
75
58
80
62
72
58
73
74
72
66
37
53
66
72
72
60
60
64
43
58
48
74
80
78
69
82
53
63
57
61
62
111
89
49
59
72
55
69
65
41
63
62
53
69
80
82
53
56
70
71
54
49
51
53
53
58
60
79
74
60
75
66
47
56
58
76
48
36
58
75
61
45
49
69
81
80
80
60
42
82
33
57
59
63
48
52
61
70
80
53
80
93
71
84
120
65
67
38
71
44
75
33
42
55
71
79
52
63
71
44
83
69
72
58
67
60
70
66
55
66
74
70
84
79
48
70
82
42
47
35
77
70
61
60
43
50
59
80
70
58
57
74
49
60
74
76
57
32
75
60
66
67
68
96
81
94
103
73
56
58
56
74
80
74
68
70
54
57
78
55
57
50
83
69
87
74
55
50
73
71
68
65
55
79
73
54
56
75
55
65
46
55
55
81
46
76
77
71
52
79
74
75
53
69
71
61
46
68
57
75
74
46
61
80
92
72
109
99
53
58
57
77
52
65
39
71
57
75
54
60
65
71
41
80
57
83
75
69
54
60
58
66
62
66
70
60
68
89
77
55
70
58
47
57
59
77
76
55
49
44
48
69
57
75
79
71
68
74
52
51
72
83
52
106
67
63
62
118
57
73
38
58
57
67
78
56
56
55
74
75
70
63
60
53
41
60
75
65
75
87
55
92
76
62
77
69
71
55
71
42
68
78
74
78
63
72
75
77
58
62
80
56
55
71
63
59
55
53
69
62
68
66
83
49
78
86
63
89
77
35
51
72
74
87
73
57
87
81
57
56
32
68
44
53
83
61
56
52
64
82
82
57
52
73
80
68
59
51
36
59
73
59
82
69
74
73
58
50
63
57
90
83
67
77
95
42
77
75
45
57
67
47
72
105
84
69
81
103
72
65
59
59
78
40
80
70
59
35
68
76
49
71
71
76
95
67
83
70
52
77
44
64
70
58
76
54
63
73
56
86
48
60
68
67
69
78
71
73
54
69
60
50
72
61
75
57
47
86
75
54
73
77
102
81
57
116
94
55
60
53
55
85
59
71
72
54
68
46
78
58
47
57
47
69
42
60
56
67
42
50
65
58
75
68
44
73
78
62
59
70
59
51
59
80
52
81
54
66
54
52
67
34
84
70
64
61
70
86
42
46
55
65
56
42
57
39
80
82
57
48
46
87
72
55
67
64
60
71
54
79
56
62
80
34
74
61
61
66
46
61
70
68
59
57
51
76
53
52
70
76
43
83
81
74
62
59
44
57
71
67
67
52
78
42
57
82
47
76
69
69
41
81
67
52
54
57
54
56
58
65
78
88
87
109
65
54
72
57
69
69
62
71
47
72
71
71
65
68
78
63
84
77
81
54
55
74
59
55
71
47
77
88
71
50
54
75
58
72
76
70
59
76
83
74
49
76
59
75
71
69
59
78
83
77
51
58
59
55
75
79
61
96
117
41
62
58
58
72
77
45
40
73
78
67
69
80
77
53
56
62
49
57
