28
28
29
24
34
56
40
17
32
23
30
27
24
26
21
31
66
19
55
14
24
28
21
33
28
26
26
25
21
18
53
25
15
22
11
30
23
18
22
28
60
32
24
33
15
16
31
18
59
20
23
20
26
22
49
22
14
33
33
19
15
14
42
25
24
32
67
45
52
23
21
31
37
19
23
27
57
17
13
34
25
26
22
11
16
67
21
17
19
17
21
36
33
21
19
21
18
77
19
30
51
36
20
76
49
33
29
23
27
32
24
37
39
42
41
24
19
26
22
29
18
15
17
31
53
15
24
21
63
32
17
28
25
30
17
15
8
10
21
29
67
28
53
23
25
14
15
43
30
18
23
19
31
24
28
24
52
33
35
29
19
16
17
22
53
25
26
31
20
32
56
32
33
17
31
18
20
26
25
18
53
20
12
17
56
21
19
21
29
18
15
24
28
33
18
18
19
14
60
10
14
10
31
20
15
58
16
21
21
23
28
24
20
21
10
21
17
20
10
25
27
19
26
49
21
13
12
21
31
337
32
24
45
47
27
35
34
37
39
24
47
58
26
30
18
21
19
11
30
24
25
55
33
26
24
35
35
26
28
49
56
28
31
13
16
31
25
50
52
20
66
48
28
18
24
35
20
34
17
26
40
52
26
17
28
43
25
16
30
15
24
34
28
18
18
24
28
32
37
28
21
31
40
35
30
43
20
34
26
25
19
19
30
9
12
13
30
19
25
20
16
21
10
21
57
26
30
17
17
16
51
43
14
48
20
18
30
21
10
34
26
26
24
16
18
33
26
23
31
44
15
18
33
54
51
31
27
29
58
16
34
56
24
22
53
26
26
17
25
20
26
18
22
26
44
20
15
22
28
15
30
17
19
26
18
13
45
17
24
34
28
57
19
28
14
27
26
62
14
25
24
16
12
12
23
21
25
19
21
33
10
29
13
64
72
22
28
31
27
32
12
15
13
22
16
27
23
19
15
21
24
22
16
15
22
55
30
55
23
29
23
30
22
25
19
12
27
24
25
23
14
30
23
46
18
32
33
24
62
17
15
57
14
29
29
20
16
33
17
22
20
16
27
33
28
40
23
25
16
17
31
40
64
41
40
32
13
30
20
29
10
22
33
55
15
32
16
17
52
12
22
20
22
26
20
22
15
15
29
17
35
21
65
32
48
49
33
21
18
20
13
29
31
41
28
20
26
17
15
16
26
13
31
18
40
29
24
21
32
38
18
16
31
25
22
23
18
24
26
19
17
16
56
28
28
17
25
66
23
21
26
29
30
23
25
26
17
16
23
23
17
33
12
70
22
56
31
24
50
27
13
16
25
14
28
32
16
24
44
19
21
16
26
26
23
58
27
18
25
18
20
25
31
15
55
29
32
65
24
38
29
20
38
30
20
31
34
14
16
41
12
28
14
50
22
24
13
26
68
17
50
21
24
28
20
30
30
30
24
31
37
24
17
31
26
18
54
39
18
22
22
45
19
22
34
28
18
21
55
33
24
28
22
23
22
58
23
22
33
19
24
22
34
62
25
24
33
25
16
12
24
15
16
12
21
18
17
23
44
18
37
26
26
20
57
30
27
25
19
19
29
15
10
22
63
25
20
29
32
36
33
25
18
33
21
24
14
11
22
20
31
17
11
65
26
23
24
20
36
34
56
30
34
30
43
16
28
14
20
23
60
20
32
54
26
13
25
20
34
22
41
15
44
28
17
21
16
65
25
19
12
28
19
36
18
16
24
39
24
28
40
57
12
19
13
31
30
21
38
52
50
32
24
20
64
31
24
28
51
28
14
21
18
31
15
48
15
12
14
14
19
34
31
40
25
53
26
14
27
20
24
54
34
30
25
22
16
11
27
33
19
17
16
22
57
30
21
15
49
41
29
23
24
25
70
58
22
13
18
18
17
24
27
31
25
24
27
23
70
35
13
17
25
41
24
14
15
28
30
28
33
33
59
27
71
25
26
17
22
36
25
39
15
20
22
21
13
49
15
31
16
84
42
22
21
21
31
25
63
25
69
60
15
29
21
22
21
21
20
26
22
23
21
19
18
28
12
27
19
31
11
43
33
30
29
60
13
23
18
27
22
19
19
19
22
27
17
30
57
30
53
19
24
17
21
53
28
52
32
10
16
30
21
35
20
20
45
30
26
58
19
25
19
23
28
24
23
20
33
27
20
35
25
29
19
31
32
16
17
25
28
19
15
50
28
33
67
34
24
15
25
19
41
28
22
21
51
27
53
28
19
22
23
16
18
17
31
41
17
31
