56
42
68
81
37
14
51
69
52
48
16
32
64
52
28
65
36
63
63
61
34
13
43
30
81
52
56
57
63
112
20
57
41
49
37
27
43
47
15
33
34
28
27
39
80
56
41
41
45
56
55
33
29
65
35
46
31
43
29
38
50
42
41
40
33
23
40
39
44
40
28
51
67
60
44
48
34
25
60
36
16
52
11
29
37
24
26
43
62
40
68
46
48
24
16
15
36
40
11
18
49
17
47
48
41
26
53
50
52
33
25
40
34
17
21
31
54
42
67
63
44
52
53
39
26
46
22
57
50
55
46
37
39
53
48
52
62
58
55
39
39
37
29
24
66
55
46
44
65
54
50
30
31
56
32
35
30
38
35
35
46
42
61
52
28
38
33
33
52
27
35
33
41
28
34
40
44
47
29
32
36
31
24
35
21
66
42
34
38
48
19
54
46
48
41
54
55
22
50
58
29
38
12
34
33
33
47
44
46
35
42
11
17
17
52
30
60
32
24
37
81
55
65
88
44
87
62
38
28
43
33
37
23
50
41
71
27
30
41
22
46
26
27
52
36
26
23
37
42
29
29
9
16
45
24
13
15
32
16
15
48
41
31
63
20
49
46
37
43
25
52
35
32
29
35
32
26
47
47
54
37
21
22
22
32
37
39
32
25
67
54
43
52
32
38
28
47
41
16
52
21
58
31
20
26
25
42
23
34
23
42
52
45
43
48
27
17
38
15
43
51
33
61
42
30
49
78
25
54
32
34
35
47
54
46
25
32
59
38
28
22
33
26
39
18
28
33
45
23
15
23
35
52
30
20
56
30
55
36
37
39
51
47
34
51
45
35
17
18
43
37
31
22
49
57
23
30
50
44
34
29
58
45
34
24
45
52
29
71
46
59
46
37
45
50
35
37
63
54
59
36
43
64
40
28
37
24
41
20
23
28
31
19
34
30
50
34
32
42
30
42
40
43
36
21
22
43
58
27
33
62
59
39
21
23
71
59
98
50
56
48
56
41
43
46
47
30
28
25
44
18
24
29
22
42
53
35
39
10
50
44
49
20
23
20
32
13
16
48
54
57
56
58
44
66
31
42
49
45
38
51
21
29
34
39
37
8
33
20
28
27
46
31
30
39
27
29
32
32
34
34
19
31
38
51
14
15
36
43
29
50
36
38
65
65
44
65
41
46
38
28
31
27
42
53
32
29
29
35
54
34
66
19
25
72
66
46
39
45
35
24
84
35
72
22
61
26
25
26
18
31
26
38
29
53
23
17
27
26
37
29
61
37
19
51
22
33
37
25
43
40
31
45
32
49
58
40
33
32
54
44
49
32
31
30
32
49
18
47
67
48
58
43
42
33
63
38
31
48
34
44
35
41
31
59
13
11
44
51
48
24
25
36
23
26
31
76
13
52
17
40
26
44
64
28
61
50
55
43
34
35
20
29
27
28
39
27
34
96
12
33
41
47
17
37
48
90
28
34
32
43
34
13
33
20
31
58
23
48
35
35
39
40
28
44
31
43
41
37
46
25
41
43
31
36
41
40
38
37
30
31
46
23
57
35
19
11
32
29
35
30
40
24
38
28
25
37
86
38
50
46
55
39
49
51
46
26
51
39
36
10
37
58
45
38
34
45
67
38
29
35
21
30
36
36
42
21
58
33
49
35
70
60
39
23
43
36
59
13
11
26
12
15
42
88
55
46
52
67
78
75
41
33
30
55
37
32
37
61
19
22
43
47
79
34
71
59
56
63
49
30
57
28
29
34
41
44
37
34
23
34
27
41
34
23
48
50
46
33
47
37
29
30
23
21
23
33
14
24
64
35
39
22
25
29
15
36
66
74
59
25
47
23
35
31
32
53
42
24
32
19
26
27
28
24
38
35
22
44
52
42
26
41
52
52
21
40
24
22
31
34
43
18
57
40
19
63
34
48
27
38
44
22
30
42
77
43
52
13
32
29
23
24
47
36
41
64
45
50
47
27
18
13
40
48
38
57
43
36
38
42
39
33
37
46
24
23
23
43
60
44
47
56
30
21
39
47
16
49
42
27
13
29
38
45
33
34
33
32
41
43
32
40
42
36
27
21
25
28
54
41
38
53
50
31
61
40
53
49
51
30
26
26
38
30
46
21
11
35
41
27
37
41
41
25
23
27
25
46
46
39
36
27
39
50
25
33
64
43
42
28
29
43
53
33
22
31
35
32
32
26
70
53
19
47
44
62
25
40
30
44
42
18
40
41
41
22
57
35
30
51
29
14
32
32
43
19
19
34
39
