3562
2928
3704
1041
4832
3518
5025
8332
5311
8288
1410
7693
5481
5977
1490
4153
8442
2600
2463
5976
8878
7532
2762
1038
4517
9633
4064
4679
3228
8879
3696
8473
9225
4156
8047
5887
7731
8388
4385
6107
1913
5399
2359
3824
8987
8334
5169
6887
1869
9550
7859
8122
6495
6657
6389
2386
3678
6326
5959
5267
7154
8301
6306
1181
7151
2697
3954
8273
9779
5995
7645
5580
1579
7450
7559
7324
2474
8838
1255
6326
6087
4392
6067
3781
3487
4829
4522
7008
2455
9135
1032
5987
2314
7684
9161
7010
5438
2361
9657
5469
5101
7841
1563
3220
6851
7999
3160
7892
7113
1191
8533
9157
4775
7191
6661
3287
9804
9638
6237
1421
3316
4967
6985
9133
8120
2516
5693
8867
9417
8276
7227
6908
3621
8206
2793
9992
6099
8791
7580
6201
1222
7895
9935
5113
3380
9380
6172
8891
8065
5230
9457
3952
7025
8604
8441
8274
8005
3541
8510
5477
5345
6682
2084
7819
7540
9048
5913
5040
6707
2207
4779
3642
6280
2042
4616
6168
9289
3732
5551
7732
1365
7352
9341
6741
3550
1742
7405
8217
1850
5894
4644
3833
5768
3444
7352
4233
8769
4548
3786
6094
1610
5665
8380
1823
6387
1163
1870
4005
3024
2154
3937
2918
8135
5104
8525
3332
5857
4569
4454
2333
4976
4289
5106
4024
6312
3920
8454
1884
9209
6538
9089
9905
2685
2865
3274
6174
4018
6828
2270
9327
8782
3504
9361
6057
5765
3208
3811
1703
3784
2571
9522
3954
4157
4771
4499
9999
1202
2245
5983
1465
6211
1318
9089
1497
3908
5542
1740
9941
4619
3732
7528
9702
1059
7867
9645
4267
1847
7374
2814
1609
8393
4516
3245
4021
2679
6439
6181
7695
3269
9596
7300
9332
8020
2112
6384
7618
8190
9032
7870
9384
8185
8337
4262
1191
5984
2720
2516
7758
9507
6115
1549
2740
7076
3208
6731
9591
6276
4546
9033
7417
7764
1640
2599
2676
6694
3994
4381
6512
9990
1010
6072
3825
5377
3156
8942
2260
2723
7049
9764
5770
1195
9835
4800
8621
9990
7677
4917
5993
7808
1988
5985
8204
9083
8281
9559
2056
8356
7059
9146
2937
3733
6735
8618
6917
4969
1926
1064
2888
8292
2595
8021
1849
3920
7503
3811
2751
6597
8700
6156
6723
6347
5404
3682
3426
2472
8772
7662
5679
9596
9941
2848
2382
7162
8217
4297
5326
5739
8981
4670
9148
5675
7575
5676
9877
2719
4732
8933
5395
9065
9298
3855
3927
3287
6952
6873
1170
1836
6583
7012
8395
9984
5022
3758
3421
8613
5809
8657
7429
4461
9814
6043
6891
4696
5025
7920
8947
2341
7144
8343
6333
5259
2776
2516
4174
6521
5089
3407
9085
4199
8998
8295
8269
8939
2016
6978
6485
1327
8533
9746
5827
2401
1176
5446
3081
9488
4237
9094
4989
9091
9207
8266
7532
8510
9308
9602
6020
5005
5474
9899
5433
2885
3079
2633
8955
4846
5350
9700
6952
4452
4154
7572
9538
8987
2720
4850
3179
9172
9513
8850
8367
7018
6907
9774
5186
2352
8337
4979
7249
5211
3693
2793
5893
3566
7560
6914
1842
5103
7737
2242
4015
2386
7415
2718
9140
6739
2751
7864
8551
5837
5442
5770
1335
7839
3715
8527
2706
7487
1237
1842
9634
8632
2877
7177
5968
6379
6313
7072
5744
3585
9070
4015
4956
3432
8507
3789
5699
7153
4826
1846
9622
9164
6481
3198
7078
1997
5950
5066
4177
9762
4717
3664
6913
2120
1864
5270
4236
3919
7650
9991
2626
3868
4373
7316
9262
2572
1110
9114
1718
2207
4769
6843
1352
5771
2274
6868
9861
4575
2037
8944
3949
4897
8792
5210
7419
3850
9505
6702
9064
7229
4531
8522
5908
2555
6920
9488
4893
8877
4316
2329
7598
6885
9047
8214
6300
7396
3093
2241
1592
5385
7028
4160
5347
8777
8028
6405
5691
9868
5447
2676
4330
3229
3648
3573
8305
5685
7914
6740
3407
3286
4397
4203
5029
3482
3024
5951
3670
8000
4465
9888
2107
6012
9144
9713
4496
7711
3241
1857
2733
3707
8639
7140
5792
3082
6680
9459
2545
1834
1302
4348
7226
4090
6520
7002
7962
5994
6606
8795
7748
4439
1135
5776
7142
6644
8288
5859
2511
5757
8042
4318
5488
9156
9927
3525
9953
9727
9836
7024
7997
9630
1763
1033
6949
1451
6847
6094
7130
9092
3706
8119
5177
9772
7246
3723
1250
9477
7496
6622
1224
4292
4966
7485
9304
7766
9512
9166
3973
1648
9710
6556
9284
9406
9445
9163
1065
4570
4844
3363
7698
6597
1305
9263
5222
1488
8868
4555
8051
5314
8377
7479
1592
6770
7988
3590
1097
3633
6559
9382
6550
1705
2111
2902
4035
4847
6871
7992
1928
9327
2170
3015
5799
1416
9942
6392
1924
5556
3782
4301
2454
2138
7107
7220
8844
2547
2266
7529
5860
3508
1249
6166
7583
2216
6262
8253
8367
9076
7710
7892
8930
7200
6050
7446
1226
8173
9238
1502
3286
8567
5528
3073
5414
5526
2514
4089
8532
6742
2327
5288
3849
9450
2614
5535
7379
9659
9153
5535
1909
5838
6498
1946
4094
9797
3491
6959
9783
9005
4168
6197
8545
6625
8245
7122
8384
6588
1681
7686
2915
5294
7902
4379
3369
9361
1391
5720
8914
3652
9824
2614
9997
5767
2478
6664
2831
3215
1770
2784
9875
3024
4007
1313
2483
3654
1820
6710
6196
8894
4442
3867
9520
1108
1370
3015
3904
3152
9693
3566
4800
4696
9747
6306
2699
5381
4612
6295
9491
1275
1138
3352
5337
2407
8454
4936
9947
3831
2673
5445
5995
5680
7343
8207
6624
5204
7478
7944
4319
6363
1043
9457
9513
8007
2941
4632
9917
3216
3524
4721
5941
5046
4801
3515
3269
2619
8870
2309
3446
7401
2866
7183
6828
5355
1384
9522
8151
7019
1131
5763
6275
3032
5832
5739
3016
2778
8781
6918
2884
8062
4562
8388
2571
6704
2104
9302
1184
6334
8743
2889
2580
3806
5868
8403
2528
3719
6515
8852
1023
6676
7701
3788
5924
4369
4774
7226
8559
4594
5243
5842
7279
3356
9121
6754
9327
8327
5505
9408
4604
9191
5962
8806
1866
3103
4801
9125
3027
3659
7076
9835
1856
9971
8050
1914
5836
9220
6871
3177
6649
1754
4429
1112
3995
6023
7465
4759
5909
1753
8798
5611
5054
2355
8650
8593
3211
6247
7519
4000
1134
6564
5872
7664
7223
1942
8242
4423
8719
2333
5610
5489
8110
8394
7783
8140
7986
8030
1150
5992
7122
1604
6070
7154
4764
7732
7470
3616
6137
9671
5419
4881
4967
4896
3609
7841
5399
2231
1262
5512
2780
2798
4008
9271
1087
9669
4455
3203
4059
4366
4881
6637
5149
6879
3244
5979
7910
1201
6892
8762
2275
8265
5717
3225
7510
4579
3638
3953
1204
5784
5692
5734
4126
2206
9057
9646
9061
9035
2801
2511
3660
3838
9281
5974
4545
9332
1506
2813
1625
2355
7660
6808
3050
3907
6727
6558
7783
5661
2754
1164
1553
3306
6170
7511
1650
9604
9468
3225
5586
8956
6866
2699
3572
5860
5571
4036
7098
2180
2065
9487
2857
3348
5781
1720
8795
2795
6625
1382
3263
1559
2671
3631
9804
7895
1971
1457
5973
9411
1773
4339
4287
1703
9932
5434
7086
8531
5016
9147
9372
1608
1120
8760
9234
9899
6061
1588
9013
4574
2571
8840
3518
9502
4223
3669
2558
9711
9064
2494
7094
8604
1849
1314
1530
5407
8334
3601
2602
1696
1213
3086
4574
5835
6303
6870
3337
4183
3300
9766
3979
5827
1506
2419
5477
9438
4379
9607
2927
1601
8219
2110
9921
1080
8200
4005
3517
6043
7778
3811
4871
5711
3378
7641
8292
5435
2135
2941
6358
7630
3766
9289
1776
9561
8659
9374
4895
9230
7768
4142
3233
8230
3856
4211
9479
2286
3947
6197
6778
1530
3038
3234
3307
1186
3611
7277
9687
3323
3153
6630
3279
4185
4390
7880
6216
6130
2981
9000
1397
6090
6212
1745
4747
6721
3740
5527
4931
3144
7698
7489
8306
4230
7144
8143
8935
7755
9594
6750
8426
3439
4377
1528
2748
6593
8859
9835
3787
3329
5097
3477
7894
1993
7249
9205
6223
4980
9588
6767
1270
7818
6281
4540
8754
8824
4423
9104
3599
5046
3362
4139
3213
9041
8782
7660
7601
5801
1407
2433
2357
6647
6405
4999
5729
9008
6553
9672
8124
7778
5812
9878
3281
1496
5817
5188
3432
1560
3721
9613
6276
9084
2046
6170
6781
4126
7351
2958
1018
3088
4119
2376
6055
6598
2403
4278
1363
7406
5258
6084
4493
8777
3771
1393
4149
2838
6936
3997
4553
9141
9808
6684
2321
4447
5369
4269
8582
8689
2623
8481
1346
2527
9239
2558
2712
1476
9355
9469
7372
8760
3055
9934
7645
3574
8022
6274
6111
4329
6772
5076
7992
2109
1805
1578
8018
7600
8481
3072
4819
4186
7649
5054
7266
3997
4363
4470
8269
5535
6561
4906
6164
3816
9331
8783
7703
9102
6702
3149
7450
4240
9416
7603
8841
6546
2887
6798
7127
3364
1118
7732
3323
2288
7509
1195
8712
6375
2859
3969
9893
7883
6936
7238
1725
6148
1351
7275
8478
9908
5186
2467
8319
4009
2305
6396
6429
3783
6104
2161
7614
2910
3061
3660
1085
1328
3537
4013
6854
9941
5788
1724
9609
4088
4753
6009
8155
9528
3562
3100
6720
6028
8681
6756
2022
3025
5642
8349
2999
3495
2900
3046
2930
8517
7844
2079
9372
7142
9116
4305
7445
1952
9543
8153
8587
8252
8198
8895
2366
2262
4828
4541
6876
9967
2948
8803
4266
1399
9516
9740
7853
2728
6164
3538
5471
3376
7931
4448
8956
6644
4086
1827
7549
7483
1403
4921
4233
3959
8429
1056
2096
8722
7220
1649
8847
6143
3016
3805
4140
4200
1687
8960
1947
8025
1724
9735
4204
3687
7351
8663
6664
9365
8856
9172
1416
2114
4284
1001
5363
9801
7565
8651
3088
1345
8647
4788
1954
9734
3598
5590
3475
1760
9134
8971
4329
9046
5964
1603
6538
5049
2257
5797
3239
8083
1512
8943
2317
2996
1041
2782
7801
5117
8698
9203
9425
9748
3030
8390
2523
3064
3560
9277
1482
7946
3374
4240
4910
4222
7825
1242
8542
1662
7639
8594
5637
3333
7195
3213
9631
6696
5318
8288
4673
9510
3460
6582
4764
5567
2415
4138
7408
7223
9956
8534
3740
2220
9328
7388
6101
5283
3984
5305
7757
9746
9349
8867
9400
1775
4871
9074
4596
7274
5009
3039
7663
7207
3961
4450
3622
1173
1469
8549
8492
1405
8371
4668
6264
3208
4119
6241
4805
5225
2845
6382
8181
6041
5979
2830
4485
8328
1623
7447
4873
8446
8266
1755
9757
3026
7725
3903
4171
5533
5514
7634
3049
1986
8367
1272
9573
8355
3681
8522
5217
8184
5859
6692
6408
1105
1557
5390
4467
2642
8036
4099
8310
2803
7394
5106
3972
5972
4246
5755
9034
5486
1258
6963
2875
1945
6238
7674
5228
5739
1480
2333
3241
6081
7518
5911
7789
6809
3713
4498
5512
8579
9182
4388
7376
9798
7811
4656
3517
6398
7036
9010
4612
8584
4811
9636
8381
4384
9709
8739
8489
5843
7507
7846
1024
5585
6079
8294
3862
7870
7480
7638
5315
8029
2538
2960
2668
2196
1576
9674
1988
1379
8080
1025
2127
8140
5978
7703
2395
8626
1028
5618
4326
1313
5912
2544
7573
8986
3758
3108
5581
1657
4541
9883
7449
6943
1077
9674
8834
5329
1970
2366
7456
3827
5414
1750
1743
2675
5733
7635
9762
4443
4161
3852
5403
2847
9981
3332
3715
7339
2023
9997
9829
3782
2763
7531
4755
6213
4292
7414
8454
5201
1236
8871
4025
6299
8790
3414
1005
8444
3135
1550
2121
7542
2665
7700
7374
1696
4717
7077
8461
7194
1303
8872
7132
5996
9022
8354
4848
6883
8076
4138
9337
9363
5827
5556
5715
2899
8982
9557
7229
7470
2865
5798
1210
7179
8319
9647
2249
7161
5635
6171
9279
7255
8960
5765
1162
2519
8962
6996
7553
2527
5971
8670
4964
8484
1381
7559
3445
6218
5395
2210
4076
8941
7988
3472
4058
6092
8400
2756
2177
2618
6660
4885
2386
9893
4168
8182
1259
2889
3770
7542
5198
7903
7305
3857
4910
9158
9244
7706
2989
2230
7376
5941
9236
1216
7298
1819
8525
4114
5181
1084
2191
7460
6609
1383
7977
8884
7008
4854
3248
2225
8265
2278
3693
2897
8338
4943
5438
9547
5017
3460
8494
7846
1576
5571
2833
8496
6217
8870
9736
7296
4867
3403
7113
2498
9898
5240
3994
6165
6629
5977
1630
3659
9662
6180
3933
1330
2852
3479
3098
9169
5874
1495
7925
6725
4623
5260
3969
9843
2372
1585
6078
5435
7874
6575
9150
9072
1075
5671
1628
4471
5677
5904
6564
6286
6503
5105
1727
7172
7052
2886
6005
5290
9759
9239
2242
4067
3460
9065
5096
2581
2621
4274
9149
2188
3232
1808
3547
9121
7604
9264
3520
3568
2648
5695
7412
3810
1970
1405
9309
8987
3343
3866
5302
4324
5110
1014
1390
3786
7858
6209
9963
4450
2990
8970
2190
6781
2360
2095
1652
7390
4453
7308
4264
2668
2428
9854
2062
6942
6163
4641
8398
1862
2007
1653
6397
3918
9583
9232
8542
3528
3349
5126
3154
4383
5732
5232
8694
2320
6538
4924
1083
1648
6902
3207
7979
4747
2665
4129
7826
5416
8366
8482
2496
7646
4588
3015
7439
5585
2037
2419
9381
2050
5502
7296
3212
9018
6840
8443
4723
4980
2215
7582
8154
9624
2683
1247
5212
2190
4604
7938
8269
1482
1551
2532
6874
2337
8118
7281
7097
9651
6691
5912
3711
1935
2345
7732
3073
5575
5271
1690
1792
7918
3739
7829
5251
9027
5502
2993
2800
2418
5969
9856
3394
3795
4635
7303
6636
2870
4446
4247
4663
9119
6455
4264
8051
1669
3682
1561
6105
2967
3541
4898
5690
6818
1621
9922
1282
9694
6047
4576
7304
9877
9665
2649
9743
6231
4999
6273
6174
9848
1108
5078
6918
3257
1494
2868
8993
8662
2944
9603
3051
5227
9450
8458
1799
1640
8684
9104
3540
4312
9849
8198
1111
3160
6521
5150
2280
5202
1462
4176
1159
1869
7180
1912
9566
1743
5073
1859
7718
6734
2786
3660
6266
9451
1892
4229
5177
6164
3652
6290
3936
7524
7373
1297
6540
5732
9971
8829
3501
4999
9151
8317
5214
2458
3295
3972
6733
7822
2637
2674
6963
2574
7472
7855
3671
9967
6056
6764
8370
1767
5317
1480
6675
3459
5782
5207
1035
3295
2403
1911
1830
9386
4094
8541
6948
8829
3809
6119
4402
8235
7952
2315
1375
7429
6477
2741
3893
6427
5907
2030
6836
6548
1305
4635
1089
1404
1974
9968
8121
4314
6630
7067
8875
9814
4451
6118
2009
7805
6831
6381
5583
1943
3721
5642
4706
3818
8538
9364
4111
9269
5369
2998
3004
6265
4031
5362
5382
7964
9919
6476
4993
2115
6214
6691
9621
2095
9903
1463
7593
6743
9602
8615
8318
9490
6792
9253
8977
7806
1965
5351
6764
3890
8884
8366
4719
6975
7605
7949
8629
3139
4589
7576
4101
9890
7257
9679
2491
6463
9012
5294
8738
2110
6581
2951
2738
6121
7588
6782
3446
2057
7517
7853
2273
7210
2336
2177
5787
2073
2553
6935
5855
5841
4029
5124
6030
1174
9163
7105
7902
7696
1492
2319
2738
6888
7102
5947
2103
1167
2049
4520
6917
4013
1840
9620
4487
2662
5803
2069
9944
2849
2951
6782
1524
5297
9752
5687
9033
6140
5000
7238
7563
6889
7252
5365
2028
9790
7890
7104
2207
5389
9986
5287
1214
9686
5645
4897
2916
3262
8733
9436
1189
4250
1842
6238
9755
6731
5568
9590
7374
3299
1056
4013
2405
8402
3270
5724
9724
3032
2072
2058
5279
8404
8549
1258
6444
5515
7901
7461
1439
2275
4475
4601
1660
1925
6286
7181
1794
5908
4863
5462
7684
2876
2557
1682
2942
2655
1570
9710
4115
1789
8396
2694
2707
1563
8614
4482
6447
6744
5354
2072
5976
2297
5964
2585
4961
9149
1650
5518
8380
5729
5341
1976
1835
8580
2055
6282
3443
9220
4226
3285
8729
9713
5050
7154
6579
6926
3794
2623
7058
3674
4226
6640
4094
7580
8510
3758
8372
8004
3927
7435
2021
3736
8989
9987
7001
1844
2948
7712
8243
1429
3585
4430
5975
7001
8813
2685
1541
5597
5902
3315
1894
3533
7123
1121
2288
6291
7196
7468
7584
9171
5919
2174
5454
9814
8290
3538
3762
2689
9230
5606
8460
6452
5950
6787
1717
6003
4319
2366
4511
7814
1858
1553
9153
3253
5975
6476
2581
7636
4000
6722
9096
5160
2187
2315
6916
2192
6640
5339
6828
6369
5179
7401
2624
1205
9274
9383
2492
4918
2024
3577
7664
8266
8197
7547
5152
6383
1874
8739
2917
3059
4934
5147
2363
8007
3904
4882
4055
9915
1552
4022
9976
1733
9015
8521
2640
5267
4629
1629
9463
1841
8819
3947
1233
7109
1596
2026
1183
8505
5422
8788
7853
7878
8310
5163
4700
9543
5749
3023
9288
5812
7881
2148
7942
4759
7730
5600
4592
7660
7600
3569
3867
4980
5550
3915
2809
6847
8457
8122
5620
9167
5915
7139
3649
4883
2050
8416
1402
9170
6351
8337
5190
2929
8235
7357
3093
8961
4016
8990
8773
2686
2276
7561
9566
7168
8394
6725
6276
7812
1657
3863
1006
7362
4366
6227
5830
4179
8928
9482
7906
1827
2414
2084
7337
7611
8682
7020
5899
9959
1834
9527
5704
3143
2644
5236
6588
5570
6566
6030
3682
2121
7020
2302
2524
6877
1100
5509
3107
5487
5469
1135
3968
7946
9041
3871
6278
8839
9003
1318
6005
3458
7835
2918
3590
1898
6375
9577
8924
4470
5461
9614
2058
8345
4328
8612
1063
3080
6067
2396
7736
4692
6018
5905
8467
6440
5388
7432
1116
5716
3928
2248
5966
6630
7782
6569
9301
8811
6174
8383
2035
9833
1549
4981
3772
9498
2365
5980
5133
8434
2721
9272
9891
9199
8455
9878
5328
1068
9366
6674
7568
6239
2437
8694
4939
4220
8780
2565
3336
3046
2028
5415
4347
8515
3575
3770
4091
9656
6659
9067
3500
1810
3928
1507
3914
6873
9999
4089
4171
9891
8023
5052
3988
8778
8436
4651
2078
9456
5644
4153
7537
9566
1499
1859
6473
9737
5836
9052
2232
5424
3835
2766
3022
9676
9671
2624
7774
3389
4679
3793
7407
2383
1031
8423
9264
8808
7981
5619
1338
3199
5975
2321
9396
6633
1551
6206
8177
5452
1529
5705
2823
2396
7826
2669
8675
1024
5807
4004
4173
2858
4004
5512
9089
6836
1671
1389
1528
4586
9663
6064
7204
2701
6023
9149
3780
3140
9466
9479
2962
6551
9606
3893
3570
7181
4032
4550
3392
2906
9460
6123
3987
4962
8689
4533
2442
9454
1903
3627
9282
2951
2913
9565
5889
5248
1274
2882
4547
4959
8559
4971
9047
5936
8113
1666
9088
2359
4778
1794
8644
8132
6462
3866
2247
4401
8603
1458
1363
6828
5416
7176
7718
9913
5424
7087
5729
2249
1373
5912
3414
5705
5746
4399
7819
9550
9780
9658
1229
2591
8365
9167
4808
4217
3281
8141
1524
6273
8905
9551
8146
1623
4914
3248
1078
2541
9366
4736
5435
6696
5507
9445
5223
8850
6775
7344
4366
6195
7132
6455
5453
6545
9838
2669
4873
3712
8302
8130
8949
2000
7882
5024
9332
2299
8379
5601
3812
2127
4073
8275
3708
7814
7686
2124
3052
7284
5193
7677
7941
2308
6712
9588
4991
4704
6932
8663
3397
8870
2399
6364
1982
7602
3341
7902
4440
3196
1787
9632
5980
8894
2993
2012
5426
3121
3935
2926
5929
6748
4065
1807
4699
2980
1509
2357
5327
5091
3630
5841
1211
4176
3657
4982
6111
8906
7497
9548
3614
9063
5652
4519
7573
9068
5485
2199
1327
6720
7260
8761
5115
9844
6764
4597
7715
5712
8631
3122
1867
5630
5877
7287
1004
5449
2209
3295
4209
4707
9423
7368
4123
3728
8867
8133
8339
3186
3396
2040
5422
7213
6757
5676
4642
4029
7583
5397
7799
2634
3915
5316
6770
6043
7873
3593
5377
4475
1942
2243
5576
3486
7008
9165
1583
5484
5390
2020
2442
2480
7206
7701
5948
5638
1105
3746
9935
3700
5643
4694
8145
8903
4646
1254
7205
8806
6520
8557
6596
3462
8123
3929
4207
8332
7936
9500
5955
2568
3389
7176
4887
3520
3038
9906
9228
4297
5823
5739
8690
3979
2675
1238
6479
7759
7368
9195
8513
3537
1991
9809
8247
1588
4429
6824
1168
5043
4168
2562
8486
9204
7098
5271
7826
9711
5226
2951
4237
6134
9431
3750
1037
8182
5802
8605
4348
2471
3377
9237
4759
7685
9186
1477
3357
6316
8514
1676
8693
3556
9050
3675
7081
8512
7778
3309
5219
5931
9464
1341
5861
1813
7800
5405
7637
4271
7109
6127
2761
4362
9976
7177
1354
3261
6242
4890
6150
6650
8583
9785
1458
5791
9386
1909
3244
5832
7218
4098
8296
1427
9210
8399
2109
8103
7283
6793
3815
5868
6912
2472
8847
9767
9012
3199
9423
2441
2218
4735
3884
2737
4890
7166
4774
8518
9621
8101
6601
4565
4218
5506
3488
6298
2617
1164
3121
8132
2336
9868
2553
3551
6871
9284
4862
3932
3588
9934
3595
1410
2267
5330
5123
8560
9834
5798
2205
8504
3339
9572
5687
1032
2960
2375
4621
1084
7389
7516
5477
3264
8629
1679
9774
9915
6143
7838
6632
5291
8542
5339
8871
6832
5504
9136
8503
3861
7526
6206
3023
9048
2674
2000
7138
9246
2051
7859
6510
6078
1088
2585
9501
6284
6834
3419
3710
3865
7293
9060
7058
6443
2118
1290
1799
1710
6448
9792
8697
7285
5092
5942
4767
6504
8363
4747
3009
2925
9905
9461
5360
4072
9218
7187
2305
8097
8244
4400
3592
3913
8637
8187
3257
8329
5408
1134
2380
4516
4490
8630
6621
8130
8384
3180
8621
3975
3062
7365
7995
8353
4676
9645
5445
4532
6211
1539
5681
8172
4472
8724
3815
1134
2687
9026
8356
4112
3931
9390
2347
5360
2825
1939
4599
4629
6633
6281
8027
6830
5943
8728
3935
8436
8679
4286
9688
7057
6900
8657
5684
9952
9704
4284
8463
2438
9306
1761
7722
8056
2353
5483
2291
9667
7894
5278
4268
9764
5067
7806
4260
3323
1457
2708
2087
6311
5508
4458
2021
7239
1767
4152
3948
2383
3109
4849
2744
8625
7001
6835
9490
2590
9356
6202
6047
7702
2015
4346
1008
8066
3913
6111
9851
9920
5910
4094
1822
7060
6336
8489
8495
7518
7124
7660
5036
6894
5526
9873
8963
9158
9729
8127
4257
2491
2034
7376
1922
1141
2418
2091
5607
8550
2929
3355
5988
1797
1312
9182
3125
4532
3330
3914
4811
4910
7069
4890
9691
2497
3661
1918
3164
5600
7184
5201
1025
4054
2013
4933
5835
1579
1288
4425
9404
6443
2843
1903
9840
7244
9043
7302
8327
3654
9402
4071
2783
7990
9416
9105
1169
7539
2808
9797
8204
7907
1577
9537
6445
9258
9330
5542
1564
8579
4720
5020
7348
2736
2184
1063
1784
2031
3017
7155
2936
4808
1426
6576
2552
4568
4631
6820
2858
1966
9472
9737
2682
6995
3245
7046
4155
2058
1792
5286
1202
8533
4767
8028
4539
9987
6721
2860
1110
1838
3034
1241
3504
9976
9111
8424
8342
9738
6900
4098
4615
4233
4361
2827
7072
2859
7539
5913
9854
7218
6166
1556
7401
7428
4833
6299
6878
6546
2316
8239
2184
1823
1740
8948
2573
4600
8894
6270
5013
4335
8915
2233
2973
1554
8417
6778
3152
6470
6481
4281
6399
1492
6811
5298
4897
2531
5367
8666
3416
1620
1592
7877
2475
3895
4233
6423
7146
1548
2887
9397
9955
4527
6653
8638
8342
9160
8539
8552
1049
5488
8932
5252
6546
6068
5695
4734
9708
1687
4806
7813
8770
6863
4150
8772
3717
5409
8123
3538
2622
9625
5191
7064
4568
8492
5812
8726
3970
4447
1346
7243
3201
9635
5853
2680
4947
2267
6824
9406
1074
9841
8869
8508
1518
2521
5045
6443
1674
3245
2308
1177
7853
4483
3908
7735
8683
8983
4089
1982
2280
7797
6149
1138
3872
4424
1495
4514
6595
5820
1282
5872
7380
9461
5611
6753
5352
1610
7569
9864
6976
8398
9283
2873
7324
7286
2792
1946
5481
4706
2911
6473
4872
8851
1622
5687
5845
9220
2243
3235
3697
6590
5855
1266
3414
4103
8086
6865
6086
2541
1610
6976
5454
2546
3025
3751
7774
8577
7193
3773
7316
4060
5029
6212
6333
2718
4935
6870
3941
2422
4248
7949
7426
3740
3436
8539
1658
2626
3532
1749
9178
2953
7417
4555
2222
8500
3645
1842
9743
2283
4171
3139
8461
5996
4937
2332
2505
6849
3631
1498
6811
6929
3353
9868
4054
3311
3364
1181
8067
3480
8371
9549
5907
4292
7265
1801
1079
9008
1326
8192
5753
8228
2312
7733
6882
3467
8731
3866
9944
2968
5722
5293
9492
1757
1012
6523
8242
5736
8348
6010
5870
6091
1176
1879
6877
8930
8705
4155
3465
3487
7239
3085
6274
9692
4119
3790
4899
6558
1845
5137
2928
2834
4618
5249
5360
3179
9020
1091
7443
9254
8666
7704
1734
3021
9962
3229
9867
9771
4850
3904
3654
4688
8740
3580
4120
2569
7964
9703
1617
7805
2838
1051
7622
5913
3430
4444
8049
6328
8800
5455
1185
2150
2686
1719
4025
6902
5382
4492
9747
2218
3463
4896
5498
9898
2077
4269
7299
4096
5102
8361
5834
7686
7839
5133
7683
8829
6050
8623
2834
8825
6285
6627
5969
9987
5402
8772
7939
5499
3098
6779
7118
7114
4866
2520
2761
5866
3155
1528
7184
4642
3881
3088
4570
5082
5059
2464
7599
8132
1448
1641
4143
3673
4509
5743
8660
8965
4636
8116
4747
6360
1302
2827
1396
6031
9457
5732
4930
6030
6380
6829
1843
7341
4662
4623
9784
8948
1292
5255
7672
2830
7863
5753
3627
4393
3496
7184
3676
4331
3991
9672
1205
6676
5075
7437
9442
1088
9028
8163
6274
3655
7603
9288
4110
7830
4723
9107
8636
7575
3761
4205
9065
4756
8108
4135
1632
1407
8317
6220
6099
2305
3409
6784
4700
5901
1032
3827
2196
4435
5859
9336
9501
8618
2566
8501
4572
6033
1245
1500
2533
8169
5233
3697
2148
5842
6377
3750
8241
3521
8373
9609
6851
8699
3174
4635
7644
8917
9368
4607
1813
9350
2688
5880
8478
3139
3172
2353
5963
1032
2333
6168
9783
5496
9742
6289
7962
6171
9984
9030
2512
6568
6262
4644
9005
3087
5282
5528
8714
7297
6720
2406
8819
5862
5789
4169
3422
2624
4235
7638
1989
4818
4133
2389
9254
9455
9459
6951
1493
6342
4638
9633
5551
2220
5068
2459
4585
7092
5050
8324
8218
6346
3332
8645
9255
1975
3719
5684
8512
4794
2894
7365
7826
6439
3296
6726
3952
6837
1573
1395
8573
7829
2563
4566
7821
6864
6084
3113
3979
2298
1444
1338
8892
1039
3634
7000
1566
7141
5034
7868
5744
3913
9855
7182
2825
7957
9672
3337
3792
9068
2267
3536
1006
6928
3508
6074
6123
3740
5209
6905
1393
2403
7262
1273
9445
3893
5235
7106
9155
6618
3335
3620
9417
8354
3114
1312
1498
7556
4032
6279
6337
9575
9887
7746
1759
5716
6030
8239
6223
5428
8047
3711
5069
9586
5269
6332
2412
4633
8568
1302
4929
8458
1880
9875
4592
3175
1646
3295
9811
1784
1242
2900
9586
5269
4206
4628
4163
1254
9432
9036
1377
3009
4887
4980
7146
3490
9376
1162
7687
1102
7335
6508
5237
8349
9346
8722
6329
8696
6953
6751
8002
2928
5175
7993
9988
8976
3436
1544
1065
8631
2618
8890
1434
7240
4273
3232
4096
9638
1812
3775
3705
4204
4311
5523
1953
4775
9397
4098
1030
4977
2762
8304
8471
8148
4388
2664
6190
9580
5302
4970
7311
7236
9785
6657
3128
2459
8273
1013
8746
8056
8140
2647
9603
8571
4261
6812
5938
7166
8998
6886
5840
6489
8782
9071
5805
2827
5188
7036
4096
1593
3672
4974
7214
7348
4820
2629
9961
1202
8133
2863
6068
7025
7437
5677
9442
4210
6241
6373
4972
1002
4320
7333
4644
2865
3323
2128
6337
7554
1717
5457
5136
1863
2805
7615
9642
2275
6994
7191
8282
8883
3706
2248
1587
6432
5910
2657
4661
5377
1055
8278
8731
5826
6574
4977
7260
3105
8638
4024
2470
8456
2012
9205
8300
8448
3334
2486
6964
6475
7946
3512
4337
3178
3148
7876
3079
6103
9274
7071
6378
9170
2578
7724
7476
3777
4247
6198
1815
3956
7652
2778
6448
4348
3389
6617
9285
8830
5110
7114
6041
7126
3706
7091
3656
2506
4393
1878
9898
8287
1481
5927
6029
8294
5970
1493
2562
7664
3207
8405
5660
3594
6035
2945
5512
4217
7785
6358
5509
1876
1082
9392
1206
5356
4201
3832
9146
3993
2691
9974
9035
9102
2580
3365
8385
6808
6070
9266
5565
9056
9007
4044
8326
6385
8213
5084
6083
2833
1363
9936
8412
6407
2595
2447
5104
7721
3334
9418
8181
9883
8220
9945
9267
8795
8050
2003
5097
4356
7684
3972
7871
3908
8581
9007
7068
9858
5149
8061
5749
3619
9919
3892
7141
6837
3470
6372
9195
6127
8924
8501
3105
1730
8113
4582
7237
8040
8062
8850
1384
3607
9842
4003
1834
4333
4632
3494
4797
1584
7587
8201
7979
9946
8090
7473
3524
1134
6354
2067
1219
2936
2400
9487
3181
5618
1282
1402
7632
7640
6360
2442
7484
4039
5382
4625
5219
7535
5553
3087
2316
5793
2731
1117
4714
1662
9966
5487
9298
8991
9269
3230
8166
8526
8790
7980
3238
5933
7732
7300
6945
6317
4658
7446
9079
3104
1774
6345
1932
3687
8048
8177
4761
3284
6105
8744
5948
7636
5431
7845
9896
9229
1568
9469
7030
3566
4631
6832
7923
9912
6276
9019
7787
7416
1905
6086
7038
5470
4720
8265
9728
2820
2783
4524
8629
6288
3301
3201
2527
4955
2715
3086
3154
2440
2231
1006
2228
1549
5290
9353
9829
7815
6875
3254
9108
7457
6350
4589
7547
2841
1209
4211
3256
6603
3019
5089
6481
5610
3469
6298
1613
8771
3630
9873
6042
7428
2975
9241
6068
6215
1945
5837
9586
6613
5679
8392
2052
7433
2553
8969
3002
5554
8576
4588
1872
5310
3788
3923
7566
6781
7574
1587
9263
9742
3376
1169
3053
9530
7073
7426
4881
6328
2198
6480
7336
2438
8381
5596
9561
9476
9768
7040
8245
9999
3331
8937
3732
5960
2506
1367
1491
7167
4703
9357
1018
4649
4913
7432
6632
1759
4429
5983
7986
1151
7372
8544
3550
2703
2605
2938
9821
9261
8700
5467
3350
8609
7319
6612
6999
1446
8883
5027
6612
5721
2844
4753
9204
7494
1903
1712
1760
9475
6184
3872
8513
1427
8542
4907
3332
8693
9865
6358
5002
8266
1924
2043
9069
4131
4622
8295
6535
2329
9820
2674
5194
6928
8179
7982
9821
8531
7734
1194
7427
9524
6578
3431
4161
6543
5963
2634
7593
9351
7632
9345
1383
7079
6796
6482
6120
3196
4300
3310
6218
3744
4465
3941
7912
8493
5288
9978
9028
3794
3660
8240
9831
5050
4974
1365
3499
1981
3293
5218
4063
4077
4641
2269
1153
7590
5733
9482
9011
1994
3868
3942
7054
9549
8961
3407
8634
4671
6887
9574
2750
6264
6070
2362
1503
5255
1833
9782
3076
4460
4318
1262
9839
7940
7819
3864
5442
4472
1546
7543
8308
2755
8905
3748
1133
9896
4653
9263
5621
8333
3235
3509
8784
9134
8202
6018
3286
3294
3510
5961
8987
6228
1838
5537
9630
4314
9270
9107
7681
4530
1712
3939
1723
3652
3988
7907
8428
7469
6265
2610
2832
7520
3476
8036
9593
6163
9778
2054
1763
6642
7478
6863
7361
4651
2739
2806
8390
4156
6864
5719
1208
6324
3637
4893
2959
6923
5305
7021
7019
4197
2203
3763
2705
5193
1785
3418
5548
5413
2419
6021
2879
8463
4751
2353
2856
2613
9485
9946
8205
8156
2980
2717
3736
5081
4024
7743
1825
9790
8628
4728
7080
5069
2809
8668
1952
4982
6235
3681
9212
7829
9917
4578
7327
3862
3718
1589
3260
3502
4702
3559
5841
4095
9843
8039
2788
6446
6092
4724
4652
2758
3160
7359
9921
8600
3506
9253
2631
4462
3819
9294
2875
4891
9215
7102
6118
5202
4290
1915
1835
2473
5158
8784
9132
2400
1976
1234
7211
7518
9826
5771
7564
5668
1324
6953
2343
3411
3840
7606
4317
6438
7117
9420
2028
9710
6570
8475
5785
2330
8446
9811
2221
5719
5207
9910
7298
9375
6864
9508
3486
1986
4481
7404
6815
8161
1692
4414
7698
6408
1347
3074
5048
2613
3033
2011
6432
9710
7305
5931
7512
8318
8224
7435
7161
2976
4418
8989
1963
1056
4497
5497
8536
5868
5957
4691
8181
2156
9130
4641
4669
9369
9781
2709
9319
4500
3517
6520
7283
6259
1648
6768
5516
5009
5329
8897
4196
3219
7385
6845
1578
5359
4980
8782
7699
9064
2297
6049
1442
8221
1247
2618
1003
5495
8955
7807
2818
3864
4010
9315
7347
1486
3911
4464
1814
5694
5591
2858
9281
3890
9009
7929
9027
9945
4034
5716
1792
9900
3190
3448
5448
9556
6544
6647
7283
3413
3281
6347
1175
3421
1743
1454
9082
7085
3123
3532
1416
8521
6439
9802
9811
2342
5153
7708
9427
9730
5162
3819
9326
2229
7779
8463
1331
8876
6958
9715
4529
5440
3893
2214
3782
1897
4695
8050
7945
6582
9321
4094
4196
1559
2512
2299
8322
1085
4717
4090
1438
7215
4139
7398
3702
6056
4498
1964
9817
5775
3535
3021
3280
5047
6838
2985
9707
7542
9000
4176
7140
9440
4681
4727
6376
3640
5159
8516
5458
6580
7251
3203
5429
5741
5290
3709
4806
4518
2102
5287
7203
4021
1055
5301
5623
2138
8099
2969
5962
2453
1884
8509
1096
8058
2988
7941
8284
5220
4666
6229
5183
3431
8499
9317
3979
7928
1793
3126
9497
4523
1656
1965
3149
7386
8128
5976
1409
2409
7391
2597
6128
1929
1833
4347
2556
4430
8101
1005
4391
7285
4303
7714
4701
3976
1203
4596
5729
5873
4066
7413
5731
9397
7383
8901
8054
1942
6722
5126
6659
6591
7954
9424
7065
6930
8546
2884
8044
9401
9256
6808
2224
5189
9324
7977
9876
4278
9304
4032
1740
8513
9944
5777
9224
7908
1738
4539
2597
1241
6927
7985
2799
9300
4577
9957
9311
2823
4059
2962
3026
5442
2066
7588
4019
7529
2180
1089
7400
2271
7987
7862
9114
4559
4944
1838
8293
9086
2385
7413
5119
7003
3364
6938
2158
1701
6835
1516
7750
7696
3846
5986
3555
2443
7622
7213
9250
2728
4483
7155
2713
6155
9356
4099
5214
1072
1764
8735
1905
2067
8296
6645
4453
3460
2942
5158
8877
2355
3810
7707
6578
9451
3894
6597
4970
8403
6615
4254
2140
7769
2286
7069
6460
8669
2376
3252
4830
8060
5924
6908
7986
2119
4762
2210
4294
6725
2453
6285
7363
4194
4945
2565
3783
5272
3068
9984
4834
1602
9451
7916
3469
7604
2003
3601
4843
2716
3141
7569
2666
4786
8278
4575
5334
8373
2600
9290
4940
8098
7054
1949
3606
8918
7271
3784
3481
3090
4730
3666
7158
4520
4347
7711
2635
1030
4595
4746
8328
8343
9883
1381
8765
6742
5393
6195
8067
6041
6405
2978
1705
8033
9750
4622
8492
8982
1803
2895
9267
6671
6292
6274
2913
5109
3454
9283
2625
9526
8780
5725
7554
7631
6077
4277
9609
9724
3158
7736
8109
2665
7713
1163
4819
4067
8089
7217
2032
7686
3998
1212
8797
1843
7458
1534
8312
1680
6910
8630
5915
6114
5924
2421
7793
6619
7449
4012
9913
7152
3953
2881
6277
7458
6134
9767
6466
6943
5216
2120
3099
3929
4058
4103
7146
5356
4779
9858
6269
7862
5306
8625
8126
5487
4582
6223
7407
2178
2755
6437
5336
7048
3304
5442
6902
5608
8907
5447
2779
9129
7340
4972
7858
8103
4824
2709
1382
2766
8631
5196
3652
9588
1954
3252
1461
9817
8381
4745
9342
7611
9848
1911
5381
8256
8031
5904
9821
6997
8155
3721
7703
4969
5562
7907
2112
5269
2881
4398
5618
3206
8763
8904
3635
6044
7521
5470
1727
4546
7832
6659
3858
5316
8730
6271
4591
8567
4711
5369
4657
8660
3097
2999
8376
6879
1594
8953
6030
5214
1143
1540
9009
5500
2554
5757
9173
7023
8855
5317
2363
4167
6734
9628
1530
6800
4394
2835
2264
2736
9989
1799
6650
8417
6424
6227
7802
3777
5622
3801
7614
3851
3739
3297
9079
7479
9960
7302
9483
4190
6940
3182
5381
5270
5904
2509
6131
2406
6068
1282
1294
6900
3013
3299
5020
5480
9080
7984
9123
5273
9866
2541
7484