8,20180114,20190521,9,20191111,20191128
8,20180929,20190510,9,20190814,20190930
8,20190919,20191203,9,20180601,20190921
8,20180623,20190710,9,20191129,20191230
8,20181201,20190503,9,20191015,20191130
8,20180926,20190507,9,20191014,20191103
8,20180201,20190517,9,20191101,20191121
8,20180826,20181206,9,20190513,20191016
8,20180801,20190603,9,20191113,20191225
8,20180130,20180601,9,20190317,20190519
8,20190713,20191006,9,20191102,20191222
8,20190113,20191006,9,20191111,20191207
8,20180924,20190629,9,20191128,20191230
8,20180828,20180902,9,20180904,20191121
8,20180131,20181204,9,20190905,20191017
8,20180321,20190217,9,20191031,20191226
8,20190422,20190715,9,20190810,20191005
8,20180320,20180823,9,20190701,20191226
8,20180204,20180818,9,20190818,20191117
8,20181127,20181217,9,20190130,20190818
8,20180117,20180524,9,20180819,20181031
8,20180930,20181012,9,20181202,20191230
8,20180908,20180910,9,20180809,20190620
8,20191112,20191231,9,20190819,20191113
8,20180330,20181120,9,20190927,20191201
8,20180212,20190625,9,20190720,20190728
8,20180307,20190127,9,20190928,20191120
8,20190115,20190616,9,20190921,20191027
8,20181121,20190523,9,20191031,20191201
8,20181206,20190805,9,20191115,20191231
8,20180928,20190910,9,20191201,20191211
8,20181203,20190610,9,20190917,20191025
8,20181230,20190208,9,20190504,20190901
8,20180814,20190430,9,20190721,20190914
8,20180330,20180508,9,20190208,20191013
8,20190123,20190827,9,20190312,20190314
8,20190403,20190728,9,20190926,20191025
8,20180728,20190315,9,20190705,20190908
8,20190115,20190410,9,20190819,20191118
8,20180906,20181010,9,20190517,20191231
8,20180101,20180507,9,20180831,20190116
8,20180607,20181024,9,20190304,20190506
8,20180819,20190524,9,20190726,20190901
8,20180821,20190222,9,20190729,20190927
8,20180807,20180828,9,20181017,20190917
8,20180512,20180613,9,20180807,20190724
8,20190525,20191204,9,20191211,20191226
8,20180619,20190312,9,20190627,20190815
8,20180702,20190420,9,20190827,20191009
8,20180203,20180726,9,20180906,20181104
8,20180515,20180620,9,20190131,20191202
8,20190106,20190814,9,20191102,20191206
8,20190418,20190930,9,20191014,20191101
8,20180810,20190927,9,20191208,20191223
8,20180620,20181027,9,20190509,20190927
8,20180114,20190109,9,20190504,20190604
8,20190308,20191011,9,20191109,20191202
8,20180303,20181114,9,20190207,20190302
8,20190203,20190602,9,20190915,20191031
8,20191219,20191229,9,20191214,20191220
8,20191124,20191213,9,20191103,20191125
8,20180824,20190604,9,20190804,20190910
8,20190930,20190930,9,20190521,20191105
8,20180220,20190411,9,20190625,20190710
8,20180527,20181020,9,20190530,20191011
8,20180901,20181023,9,20190211,20191010
8,20190711,20191022,9,20190531,20190712
8,20180410,20180517,9,20180920,20190807
8,20190515,20190816,9,20191112,20191229
8,20180617,20190709,9,20190821,20190911
8,20180714,20190821,9,20191104,20191129
8,20180214,20180904,9,20190921,20191221
8,20181011,20190520,9,20191002,20191119
8,20180326,20180802,9,20190620,20191107
8,20180121,20180603,9,20190530,20190919
8,20180429,20190209,9,20191015,20191111
8,20180617,20181021,9,20190501,20190913
8,20180506,20190314,9,20190929,20191115
8,20181224,20190125,9,20190503,20191221
8,20191128,20191130,9,20181107,20191217
8,20190112,20190730,9,20191020,20191123
8,20190304,20190523,9,20190803,20190925
8,20181115,20190416,9,20190521,20190627
8,20190612,20190731,9,20190806,20191026
8,20180211,20180915,9,20191018,20191226
8,20181028,20190828,9,20191129,20191224
8,20190814,20191015,9,20191119,20191208
8,20181102,20190317,9,20190504,20190630
8,20180510,20180726,9,20181114,20190620
8,20190418,20190420,9,20190131,20190718
8,20180201,20180701,9,20181008,20181222
8,20190802,20191101,9,20191121,20191204
8,20190609,20190804,9,20190814,20191012
8,20180508,20181106,9,20190510,20190816
8,20190323,20190409,9,20190501,20190821
8,20180329,20180517,9,20190219,20190815
8,20180207,20180607,9,20190315,20190823
8,20181216,20190611,9,20190724,20190813
8,20191115,20191209,9,20190615,20191118
8,20180925,20190718,9,20191111,20191225
8,20180204,20190124,9,20190218,20190311
8,20190919,20190921,9,20190726,20191010
8,20180120,20180626,9,20190717,20190928
8,20180218,20190220,9,20191205,20191230
8,20180707,20180904,9,20180924,20181105
8,20180731,20190402,9,20190206,20190207
8,20181103,20181214,9,20190219,20190618
8,20180325,20190422,9,20191201,20191224
8,20180804,20190207,9,20190427,20190616
8,20180915,20190126,9,20191013,20191201
8,20181107,20190828,9,20191203,20191219
8,20181030,20190207,9,20190903,20191204
8,20180813,20191111,9,20191213,20191230
8,20180320,20180501,9,20180829,20190105
8,20190203,20191108,9,20191110,20191115
8,20181019,20181020,9,20180512,20191004
8,20190203,20190425,9,20190725,20190929
8,20181206,20190213,9,20190327,20190616
8,20180801,20181009,9,20181228,20190221
8,20180503,20190131,9,20190526,20190618
8,20190602,20190923,9,20191125,20191230
8,20180702,20181018,9,20190724,20191115
8,20180722,20180911,9,20190204,20191005
8,20190219,20190710,9,20191029,20191117
8,20181205,20190217,9,20190323,20190505
8,20180905,20181205,9,20190318,20190613
8,20181009,20190608,9,20190926,20191018
8,20181027,20190509,9,20191011,20191211
8,20180109,20180506,9,20190823,20191126
8,20181019,20181020,9,20180903,20190210
8,20180112,20180329,9,20181124,20190925
8,20180927,20181229,9,20190720,20191221
8,20190125,20190411,9,20190926,20191120
8,20181116,20190420,9,20191024,20191201
8,20180210,20190926,9,20191126,20191219
8,20180815,20181110,9,20190324,20190915
8,20180722,20181103,9,20190403,20190525
8,20180115,20180820,9,20191030,20191219
8,20180611,20190527,9,20191031,20191124
8,20190726,20190926,9,20190926,20190928
8,20190311,20191101,9,20191205,20191225
8,20180516,20180818,9,20190824,20191230
8,20190531,20190801,9,20190926,20191228
8,20180803,20181109,9,20181116,20181128
8,20180419,20191016,9,20191205,20191213
8,20180104,20181113,9,20191009,20191222
8,20181211,20190408,9,20190603,20190803
8,20180916,20190722,9,20180714,20180919
8,20190316,20190623,9,20191025,20191220
8,20190205,20190731,9,20191124,20191218
8,20190213,20190722,9,20190914,20191022
8,20180831,20190516,9,20191030,20191216
8,20180613,20180816,9,20190103,20191013
8,20180809,20190126,9,20190814,20191020
8,20190512,20190923,9,20191208,20191229
8,20190110,20191102,9,20191129,20191207
8,20190410,20190912,9,20191112,20191227
8,20180412,20180808,9,20190727,20191227
8,20180203,20180429,9,20190221,20190530
8,20180504,20181113,9,20190521,20190723
8,20180615,20191029,9,20191207,20191227
8,20181022,20181112,9,20181223,20190705
8,20180401,20190214,9,20191113,20191218
8,20180314,20190304,9,20190714,20190809
8,20180211,20180714,9,20190731,20191105
8,20180529,20180723,9,20181207,20191226
8,20180311,20180629,9,20181225,20190402
8,20180427,20190429,9,20191025,20191209
8,20190217,20191121,9,20191206,20191226
8,20181006,20190128,9,20190810,20191218
8,20190123,20190403,9,20190705,20191014
8,20191121,20191123,9,20190901,20191123
8,20180828,20190104,9,20190902,20191119
8,20180225,20190228,9,20190710,20190813
8,20180711,20190302,9,20191106,20191219
8,20181119,20190409,9,20191015,20191221
8,20180304,20190811,9,20191106,20191117
8,20180531,20190115,9,20190829,20191126
8,20190419,20190514,9,20190526,20190825
8,20180129,20180327,9,20181216,20190520
8,20181106,20181107,9,20181016,20191013
8,20180617,20181205,9,20190915,20191116
8,20180316,20190312,9,20191117,20191231
8,20190813,20190814,9,20190213,20191208
8,20180127,20190524,9,20190827,20190913
8,20181106,20181106,9,20180315,20190607
8,20180825,20181228,9,20191017,20191210
8,20180307,20180806,9,20191005,20191212
8,20180513,20181202,9,20190902,20191029
8,20180722,20181026,9,20190326,20190728
8,20180625,20190306,9,20190928,20191101
8,20190212,20190413,9,20190724,20190923
8,20190215,20190804,9,20191029,20191208
8,20180909,20190116,9,20190817,20191011
8,20181220,20190120,9,20190205,20190729
8,20181006,20181212,9,20190418,20191024
8,20180509,20180908,9,20190420,20191009
8,20190410,20190715,9,20190113,20190411
8,20190421,20190604,9,20190623,20191004
8,20180530,20190323,9,20190726,20190902
8,20181015,20181206,9,20190426,20190726
8,20180611,20181004,9,20190923,20191206
8,20180113,20180201,9,20180322,20190609
8,20190603,20190728,9,20190904,20191109
8,20180118,20180816,9,20190513,20190729
8,20180731,20190129,9,20191006,20191111
8,20190928,20191230,9,20191130,20191201
8,20181212,20190807,9,20191022,20191103
8,20190620,20190729,9,20190813,20191012
8,20181031,20181231,9,20190716,20191120
8,20190303,20190612,9,20190820,20191007
8,20180519,20180905,9,20190825,20191228
8,20180404,20180613,9,20180814,20190127
8,20191127,20191204,9,20181127,20191128
8,20190306,20190412,9,20190703,20191212
8,20190210,20190305,9,20190517,20191115
8,20190505,20191117,9,20191214,20191224
8,20181212,20190208,9,20190501,20191016
8,20180126,20190213,9,20190505,20190601
8,20190614,20190907,9,20191009,20191107
8,20190104,20190105,9,20181219,20191126
8,20190718,20191018,9,20191119,20191224
8,20190219,20190529,9,20190701,20190723
8,20180803,20181226,9,20190604,20190729
8,20181101,20190212,9,20190817,20191216
8,20190529,20190704,9,20190802,20191013
8,20180906,20190126,9,20190717,20190916
8,20181107,20181122,9,20190116,20190927
8,20180914,20190307,9,20190922,20191125
8,20180912,20190217,9,20191001,20191209
8,20181121,20191201,9,20191114,20191115
8,20190713,20190830,9,20191024,20191230
8,20180704,20190211,9,20191116,20191223
8,20180203,20180523,9,20190318,20191110
8,20180316,20180822,9,20190721,20191123
8,20180706,20190504,9,20191018,20191125
8,20190217,20190313,9,20190426,20191010
8,20180820,20180914,9,20181031,20190201
8,20190315,20190523,9,20190701,20190930
8,20180118,20180621,9,20190621,20191102
8,20190627,20190712,9,20190808,20191212
8,20180401,20180608,9,20190313,20190713
8,20180904,20181103,9,20190516,20190922
8,20180212,20180613,9,20190801,20191202
8,20180802,20191002,9,20191205,20191222
8,20180624,20181005,9,20190314,20190828
8,20190121,20190808,9,20191124,20191228
8,20190221,20190508,9,20190901,20191020
8,20190421,20190806,9,20190812,20190822
8,20180227,20180923,9,20190826,20191220
8,20180314,20180622,9,20181213,20190406
8,20190208,20191206,9,20191216,20191222
8,20180721,20190313,9,20190712,20190815
8,20180115,20180404,9,20180724,20181101
8,20180125,20180616,9,20190711,20191227
8,20190525,20190719,9,20190612,20190614
8,20180226,20190201,9,20191023,20191208
8,20180103,20181231,9,20191013,20191207
8,20190123,20190807,9,20191107,20191231
