0,-1,13166,4,5,-1,3,33,-1
11,-1,20180104,12,20180627,-1,3,15,-1
11,-1,20181027,12,20180813,-1,3,18,-1
11,-1,20190426,12,20191108,-1,3,42,-1
0,-1,16950,4,2,-1,3,30,-1
11,-1,20180525,12,20180724,-1,3,33,-1
0,-1,1962,4,3,-1,3,8,-1
0,-1,2653,4,6,-1,3,29,-1
0,-1,9508,4,8,-1,3,6,-1
11,-1,20181224,12,20190610,-1,3,25,-1
0,-1,4691,4,4,-1,3,35,-1
0,-1,17321,4,2,-1,3,46,-1
11,-1,20191104,12,20191120,-1,3,50,-1
3,22,-1,2,11,-1
11,-1,20180421,12,20180816,-1,3,34,-1
3,71,-1,2,3,-1
0,-1,1995,4,0,-1,3,27,-1
11,-1,20190220,12,20180303,-1,3,35,-1
11,-1,20190419,12,20190616,-1,3,15,-1
11,-1,20190905,12,20180926,-1,3,40,-1
3,72,-1,2,5,-1
11,-1,20190922,12,20180113,-1,3,21,-1
0,-1,14370,4,1,-1,3,20,-1
0,-1,17659,4,10,-1,3,8,-1
11,-1,20190524,12,20181124,-1,3,46,-1
0,-1,4642,4,1,-1,3,49,-1
0,-1,17179,4,4,-1,3,27,-1
0,-1,8139,4,8,-1,3,12,-1
