501
507
505
506
506
506
505
547
556
506
505
503
506
504
510
507
505
605
507
509
509
506
506
509
661
496
607
509
505
504
505
507
505
507
506
543
540
504
508
504
506
505
504
505
544
558
505
506
507
505
504
506
503
506
579
507
507
509
505
506
503
509
505
547
552
507
504
509
505
510
504
505
578
537
506
503
506
531
530
504
509
509
566
520
508
508
508
505
525
532
508
540
546
510
534
520
506
504
507
504
527
536
509
504
503
504
508
504
504
504
536
524
507
504
503
504
506
507
504
527
535
505
504
502
505
506
505
506
505
527
523
508
508
509
505
505
503
504
530
537
505
503
505
503
505
505
508
508
584
539
504
509
507
507
505
506
504
533
528
506
505
508
503
506
506
505
506
583
508
507
508
506
505
506
505
508
536
531
504
504
508
506
507
508
509
504
560
508
509
505
508
506
504
504
505
544
541
508
505
534
531
504
874
544
533
509
508
503
507
509
508
506
527
577
508
506
507
504
505
506
505
505
537
530
509
506
508
505
506
504
506
506
555
504
503
505
507
508
506
505
505
535
528
505
505
509
504
509
503
504
507
558
508
506
530
530
505
497
506
504
537
529
506
507
505
504
507
505
505
527
534
506
507
505
505
505
503
507
508
543
523
506
506
507
506
509
507
507
528
536
506
507
507
508
507
510
507
544
577
508
