7875
6679
6339
6328
6199
6314
6224
6294
6258
6289
6248
6304
6259
6286
6612
6557
6339
6336
6299
6324
6248
6321
6219
6329
6363
6235
6308
6273
6274
6208
6290
6195
6298
6407
6691
6245
6259
6270
6200
6291
6208
6315
6192
6246
6374
6226
6245
6474
6603
6191
6312
6231
6444
6285
6693
6290
6253
6293
6195
6281
6319
6530
6426
6262
6481
6241
6351
6228
6368
6418
6199
6247
6222
6220
6605
6249
6221
6303
6285
6368
6379
6236
6352
6223
6286
6230
6318
6286
6236
6270
6200
6318
6210
6282
6725
6311
6288
6279
6253
6213
6309
6190
6434
6212
6264
6245
6253
6283
6234
6254
6275
6450
6244
6352
6656
6327
6379
6262
6284
6190
6251
6240
6266
6228
6360
6218
6392
6275
6222
6254
6218
6314
6212
6247
6645
6262
6323
6206
6264
6184
6289
6225
6595
6358
6352
6335
6269
6601
6230
6311
6236
6365
6345
6253
6707
6204
6265
6224
6260
6272
6258
6209
6376
6248
6277
6258
6289
6449
6272
6272
6272
6297
6448
6300
6604
6397
6518
6465
6311
6366
6237
6315
6308
6409
6250
6318
6378
6199
6359
6236
6295
6215
6295
6315
6685
6350
6179
6264
6223
6234
6265
6264
6250
6363
6209
6223
6249
6259
6644
6254
6357
6238
6322
6331
6646
6235
6215
6305
6269
6340
6206
6250
6208
6348
6518
6487
6261
6199
6273
6248
6365
6217
6237
6294
6284
6705
6229
6274
6196
6414
6408
6627
6328
6237
6390
6276
6363
6263
6301
6444
6255
6289
6310
6219
6545
6647
6297
6276
6309
6189
6266
6197
6290
6219
6406
6234
6306
6257
6220
6267
6235
6304
6375
6357
6308
6688
6327
6220
6334
6227
6332
6254
6331
6215
6268
6300
6218
6300
6233
6253
6267
6252
6203
6260
6242
6622
6297
6213
6262
6284
