13712
8953
8818
8857
8818
8983
8830
8854
8925
8791
8918
8784
9141
8758
8748
8826
8800
8841
8777
8756
8767
8837
8750
8758
8894
8800
9079
8822
9078
8845
8870
8900
8776
8741
8755
8748
8780
8803
8739
8775
8750
9160
8787
8793
8776
8740
8992
8775
8788
8747
8747
8846
9056
8945
8873
9221
8762
8761
8808
8749
8747
8907
9141
8872
8783
8876
8884
8750
8869
9169
8756
8735
8750
8777
8962
8802
8830
8764
8792
8794
8824
8740
8746
8752
9164
8889
8758
8764
8806
8736
8790
8833
8797
8751
8757
8818
8796
8815
9237
8812
8791
8844
8746
8748
8752
8746
8792
9369
10234
9575
8964
8960
9490
9026
8913
8915
8927
8992
8924
8923
8931
8922
8863
8785
8872
8748
9202
8849
8761
8768
8765
8864
8741
8793
8752
8776
8769
8752
8803
8809
9094
8751
8830
8794
8951
8755
8897
8793
8775
8829
8794
8798
8786
8762
8740
9230
8741
8896
8756
8759
8778
8773
8751
8751
8777
8832
9065
8908
8865
9224
8812
8853
8760
8842
8804
8942
9231
8780
8812
8783
8747
8852
8814
9136
8751
8759
8842
8772
8960
8808
8816
8781
9418
8789
8877
8782
8810
9132
8769
8834
8755
8797
8889
8778
8759
8762
8755
8852
8759
8761
8754
8869
9280
8808
8752
8766
8754
8808
8809
8809
8754
8773
8751
8772
8807
8784
9228
8763
8743
8855
8796
8752
8750
8871
8942
8816
8863
8774
8756
8746
9266
8794
8768
8766
8760
8894
8775
8819
8771
8766
8819
8789
8776
8747
8762
9145
8866
8869
8900
8976
8788
9071
9294
8863
8870
8902
8795
8819
8802
9153
8800
8778
8767
8758
8783
8766
8807
8766
8768
8821
9073
8953
8906
9214
8799
8786
8876
8793
8804
8905
9100
8840
8760
8812
8744
8956
8832
9165
8797
8749
