111
109
115
123
119
113
102
109
122
116
113
117
125
112
126
116
105
111
111
114
111
113
123
106
109
112
118
125
117
112
102
123
113
109
115
108
114
116
120
140
117
114
117
114
113
123
106
107
120
122
120
112
113
112
104
120
114
106
118
112
109
136
118
113
114
113
116
115
118
115
119
109
117
125
105
138
117
131
104
110
115
120
110
111
119
109
117
139
142
115
107
116
124
114
111
108
117
117
128
117
103
114
116
113
111
110
119
116
117
109
112
117
111
103
107
115
115
112
110
111
111
115
124
115
114
112
113
112
121
117
110
113
112
117
128
124
116
115
109
112
117
116
111
110
113
113
112
112
117
117
137
119
116
115
127
113
109
112
126
120
120
113
112
116
120
115
135
107
115
112
128
119
111
114
114
113
109
112
112
120
111
115
115
118
111
123
117
124
114
113
109
107
118
113
117
109
102
114
125
124
111
124
110
120
125
118
111
115
112
114
120
117
127
111
117
108
110
117
129
118
123
132
110
116
109
106
132
107
116
112
117
114
121
116
123
112
126
137
116
114
116
112
115
112
111
116
116
117
116
139
114
117
130
108
111
115
108
118
120
105
116
111
114
106
117
111
114
116
116
113
115
110
118
111
113
113
114
111
120
115
113
109
102
123
112
123
127
108
112
115
113
112
115
129
112
109
125
107
114
133
107
110
106
118
123
128
110
111
117
127
114
115
116
118
106
116
134
123
114
116
120
113
112
110
131
121
115
116
110
136
118
109
106
111
114
120
119
112
114
112
115
116
115
122
116
114
109
120
115
104
116
117
119
114
122
105
115
110
123
112
126
119
120
118
114
128
124
110
119
120
113
109
123
113
106
115
114
109
122
120
116
107
130
113
114
114
120
136
117
113
119
117
118
112
115
115
108
111
118
136
113
114
112
106
116
136
117
117
115
121
114
118
115
126
127
114
108
125
110
113
106
116
118
125
122
112
125
119
112
114
119
117
110
107
118
112
114
114
118
114
109
107
120
108
111
114
132
1963
115
109
112
115
109
112
117
112
111
115
111
115
120
103
115
121
114
112
121
114
134
113
113
120
120
119
113
120
121
116
133
114
110
118
113
112
122
118
115
109
114
112
112
114
124
120
115
124
121
117
110
115
111
112
111
117
107
112
115
116
109
129
114
115
105
117
113
108
119
114
123
109
113
114
114
115
116
117
118
106
132
123
114
120
108
121
104
105
106
128
109
119
112
119
118
118
144
113
116
116
118
132
435
117
111
110
116
120
114
109
115
134
115
126
109
131
123
125
121
109
120
113
115
129
115
114
123
118
116
115
116
118
118
112
105
112
118
113
116
110
119
106
115
111
119
119
113
110
116
120
115
120
113
113
154
143
121
131
116
114
107
122
120
113
110
148
117
142
109
120
146
114
113
107
107
121
117
110
113
133
112
114
115
131
116
115
117
114
111
114
123
110
112
126
118
112
115
127
108
125
124
120
129
111
122
120
121
113
122
132
131
114
114
123
124
132
113
116
117
111
126
117
126
122
124
114
114
111
118
107
112
111
120
111
115
113
115
113
102
116
130
113
119
116
112
109
118
116
117
109
114
112
115
116
110
113
119
114
113
112
118
114
113
114
117
114
116
114
106
113
120
109
115
115
111
126
120
114
117
127
122
114
117
112
115
113
116
108
125
114
125
111
114
127
112
118
123
117
122
115
126
120
124
115
123
115
153
115
113
115
120
120
115
115
113
401
113
108
127
112
108
110
122
106
109
112
120
120
113
112
115
125
113
133
115
113
114
3174
115
121
120
122
111
113
119
114
116
113
116
114
115
117
109
116
119
117
113
119
116
115
109
115
108
113
118
123
121
127
115
131
113
113
113
125
108
115
115
111
115
110
112
135
103
112
126
124
114
116
114
107
113
116
115
116
117
115
107
121
124
121
110
114
119
109
126
107
132
114
106
115
124
114
115
113
110
111
111
116
114
116
117
113
121
116
119
106
134
112
120
114
105
124
105
122
110
120
117
114
110
118
115
110
119
117
115
130
116
120
103
117
114
117
118
132
132
116
108
116
116
112
119
113
114
119
123
112
108
162
109
116
153
116
112
114
111
104
138
123
119
130
110
124
117
127
122
120
108
139
115
112
112
110
120
109
121
121
114
117
117
113
111
117
114
114
105
114
129
119
126
115
117
110
113
109
108
115
117
114
110
111
124
120
109
122
113
119
120
124
121
130
111
113
122
115
117
120
124
125
118
111
129
117
116
109
111
119
117
114
114
114
111
118
