119
120
120
114
125
147
131
109
123
114
122
118
116
117
111
122
156
111
144
105
115
118
113
124
118
117
118
116
112
109
143
116
106
113
102
121
114
110
113
119
148
124
115
124
106
107
121
109
151
112
113
111
118
113
139
112
106
124
124
110
106
104
133
116
115
123
157
136
143
114
113
121
128
110
115
118
147
108
105
124
114
117
114
103
108
157
112
107
110
108
113
126
124
112
110
112
109
131
108
117
138
122
109
156
121
121
118
112
115
119
111
124
126
131
117
115
111
116
112
121
109
106
108
123
144
106
114
112
157
121
108
119
117
122
108
106
99
101
113
120
156
119
143
114
117
106
107
134
122
110
115
111
122
116
117
116
142
122
125
120
110
106
108
114
144
114
116
123
110
122
147
123
124
110
123
109
111
117
116
108
142
111
103
108
146
113
110
113
120
109
107
116
119
124
108
108
110
105
150
101
106
101
121
111
106
147
107
113
112
112
119
115
112
112
100
112
108
110
101
116
118
111
117
140
112
104
103
111
122
112
115
110
128
128
113
120
119
113
130
115
136
147
116
121
108
112
109
103
122
115
118
145
124
116
116
130
126
117
119
138
147
119
120
105
107
121
115
140
143
116
150
137
119
109
115
126
111
125
109
119
130
141
117
108
120
133
116
107
121
107
116
126
119
108
109
116
120
123
127
118
113
122
131
126
121
133
112
126
117
117
111
110
121
100
103
105
121
110
115
111
107
114
101
112
148
118
122
108
108
106
142
134
107
139
111
109
121
112
101
126
117
117
115
107
109
123
117
115
121
115
104
108
120
139
138
120
116
117
120
108
125
148
115
114
144
117
117
108
116
111
116
109
113
117
134
112
106
113
118
106
121
106
110
116
108
103
135
108
114
125
118
146
110
119
104
119
118
150
106
116
114
106
103
103
113
111
116
109
112
122
101
118
105
159
159
113
118
121
117
122
102
105
104
112
108
118
115
110
106
114
114
112
105
106
114
145
120
144
115
120
114
121
114
117
111
104
119
115
115
114
106
121
114
137
109
123
125
115
152
109
107
147
105
120
119
111
108
124
109
113
111
107
119
125
119
130
114
115
107
109
123
132
153
132
111
122
104
119
110
118
101
112
122
142
105
108
107
107
142
103
113
110
113
118
110
112
106
106
120
109
125
112
154
124
137
139
124
114
110
111
105
118
122
132
118
111
117
108
105
107
118
104
122
109
131
119
115
112
122
128
109
108
121
116
112
115
109
115
116
111
108
108
145
120
119
108
117
158
115
112
118
119
121
114
116
118
108
108
114
114
107
122
103
159
112
146
123
115
140
118
104
108
116
105
120
123
107
115
135
111
111
107
117
117
113
148
119
110
116
108
118
117
121
107
144
121
123
153
115
128
121
109
129
120
110
122
125
106
107
113
103
117
105
138
112
113
104
116
150
107
126
112
116
119
112
121
121
121
116
122
127
115
108
121
117
109
144
130
110
114
113
136
110
113
124
118
110
110
143
123
114
118
112
116
112
148
114
114
124
110
114
113
125
153
115
114
124
116
108
103
116
106
107
104
111
108
108
112
134
108
127
113
117
111
147
126
118
116
110
111
120
105
101
112
151
116
110
119
123
128
124
115
109
124
112
116
104
101
114
112
121
107
102
155
116
113
115
111
125
126
147
122
126
121
135
107
118
105
111
114
149
110
123
143
116
104
116
110
124
112
134
107
118
117
108
111
107
151
114
109
102
117
108
113
110
108
116
131
115
119
129
146
102
110
105
123
121
113
129
142
137
124
115
112
152
123
116
118
141
118
106
112
110
122
106
136
107
102
106
106
112
124
123
129
117
142
117
105
118
111
113
143
123
120
116
113
107
101
119
123
111
108
107
113
149
121
111
106
139
131
120
114
115
119
162
150
113
103
109
109
108
115
118
122
116
115
119
114
159
126
104
109
118
131
114
104
106
119
121
118
124
124
132
117
157
115
116
107
111
123
115
114
107
110
113
112
104
138
106
122
106
136
115
111
109
109
119
113
144
113
115
147
106
120
113
115
112
111
111
118
112
114
112
111
108
118
103
117
110
123
102
134
124
121
120
146
103
113
109
118
112
110
110
110
112
117
106
119
147
121
144
110
115
107
113
143
117
144
123
101
107
121
111
125
111
112
135
122
118
148
111
117
111
114
119
115
114
111
125
119
112
128
115
121
110
123
123
108
109
117
118
111
107
140
123
124
172
124
115
106
116
110
134
121
114
113
143
120
146
122
110
113
115
108
124
108
120
132
108
123
