11,-1,20181122,12,20190304,-1,3,147,-1
3,52,-1,2,37,-1
11,-1,20190419,12,20180501,-1,3,239,-1
0,-1,18006,4,5,-1,3,122,-1
3,192,-1,2,4,-1
0,-1,7224,4,10,-1,3,100,-1
3,344,-1,2,14,-1
0,-1,19420,4,8,-1,3,170,-1
0,-1,15100,4,8,-1,3,62,-1
11,-1,20180928,12,20191001,-1,3,136,-1
11,-1,20190303,12,20180331,-1,3,104,-1
3,48,-1,2,61,-1
11,-1,20190908,12,20190204,-1,3,252,-1
0,-1,18860,4,8,-1,3,277,-1
11,-1,20180622,12,20180801,-1,3,239,-1
0,-1,11024,4,3,-1,3,218,-1
0,-1,19144,4,2,-1,3,274,-1
0,-1,11277,4,7,-1,3,70,-1
3,30,-1,2,47,-1
0,-1,8919,4,0,-1,3,188,-1
3,227,-1,2,17,-1
11,-1,20180722,12,20190202,-1,3,204,-1
3,339,-1,2,16,-1
3,73,-1,2,44,-1
11,-1,20181105,12,20190824,-1,3,175,-1
3,277,-1,2,48,-1
11,-1,20190917,12,20190813,-1,3,167,-1
0,-1,11443,4,1,-1,3,215,-1
11,-1,20191023,12,20180316,-1,3,195,-1
0,-1,12205,4,7,-1,3,155,-1
11,-1,20190926,12,20180613,-1,3,98,-1
3,68,-1,2,59,-1
3,146,-1,2,75,-1
3,165,-1,2,52,-1
0,-1,2139,4,4,-1,3,62,-1
11,-1,20191001,12,20190526,-1,3,194,-1
11,-1,20180324,12,20190906,-1,3,191,-1
0,-1,17288,4,1,-1,3,169,-1
0,-1,15926,4,7,-1,3,188,-1
0,-1,10466,4,5,-1,3,94,-1
3,42,-1,2,103,-1
11,-1,20190122,12,20190626,-1,3,87,-1
3,4,-1,2,68,-1
0,-1,13833,4,8,-1,3,103,-1
3,243,-1,2,30,-1
0,-1,18240,4,9,-1,3,208,-1
0,-1,12501,4,3,-1,3,226,-1
0,-1,10945,4,1,-1,3,194,-1
3,51,-1,2,54,-1
3,77,-1,2,78,-1
0,-1,10923,4,3,-1,3,95,-1
11,-1,20191027,12,20190607,-1,3,120,-1
11,-1,20181025,12,20191119,-1,3,222,-1
11,-1,20190104,12,20180607,-1,3,244,-1
0,-1,15919,4,6,-1,3,218,-1
0,-1,9641,4,10,-1,3,137,-1
11,-1,20190909,12,20191020,-1,3,145,-1
0,-1,16809,4,7,-1,3,107,-1
3,261,-1,2,55,-1
0,-1,12367,4,7,-1,3,220,-1
0,-1,6664,4,3,-1,3,270,-1
11,-1,20180121,12,20181231,-1,3,146,-1
3,51,-1,2,54,-1
11,-1,20180831,12,20180214,-1,3,81,-1
0,-1,14350,4,1,-1,3,245,-1
11,-1,20180107,12,20180430,-1,3,201,-1
3,139,-1,2,81,-1
11,-1,20180102,12,20191115,-1,3,151,-1
11,-1,20190702,12,20190220,-1,3,224,-1
0,-1,7345,4,6,-1,3,197,-1
0,-1,12034,4,7,-1,3,203,-1
0,-1,17840,4,0,-1,3,308,-1
11,-1,20190915,12,20180813,-1,3,271,-1
3,252,-1,2,52,-1
0,-1,13334,4,10,-1,3,72,-1
0,-1,15412,4,4,-1,3,224,-1
0,-1,11062,4,9,-1,3,124,-1
3,112,-1,2,15,-1
0,-1,947,4,7,-1,3,92,-1
11,-1,20190217,12,20190525,-1,3,78,-1
11,-1,20180604,12,20180213,-1,3,115,-1
0,-1,6262,4,0,-1,3,233,-1
0,-1,16520,4,8,-1,3,170,-1
11,-1,20180203,12,20191204,-1,3,119,-1
3,77,-1,2,37,-1
11,-1,20190921,12,20180421,-1,3,171,-1
3,256,-1,2,48,-1
11,-1,20190416,12,20190309,-1,3,120,-1
0,-1,5924,4,9,-1,3,220,-1
3,313,-1,2,36,-1
11,-1,20190711,12,20190130,-1,3,136,-1
11,-1,20181212,12,20190928,-1,3,72,-1
11,-1,20190611,12,20181023,-1,3,202,-1
11,-1,20181207,12,20190912,-1,3,244,-1
3,324,-1,2,28,-1
11,-1,20180417,12,20190422,-1,3,185,-1
11,-1,20180520,12,20191226,-1,3,198,-1
0,-1,3277,4,8,-1,3,151,-1
3,226,-1,2,43,-1
11,-1,20180426,12,20190416,-1,3,97,-1
11,-1,20180910,12,20190421,-1,3,94,-1
3,183,-1,2,5,-1
11,-1,20190228,12,20181218,-1,3,150,-1
3,13,-1,2,78,-1
0,-1,6808,4,5,-1,3,199,-1
0,-1,1696,4,8,-1,3,133,-1
0,-1,3682,4,9,-1,3,201,-1
0,-1,18642,4,8,-1,3,154,-1
11,-1,20180909,12,20180301,-1,3,225,-1
3,298,-1,2,7,-1
11,-1,20180618,12,20180430,-1,3,68,-1
3,76,-1,2,86,-1
3,77,-1,2,56,-1
3,298,-1,2,2,-1
0,-1,1902,4,7,-1,3,63,-1
0,-1,13474,4,4,-1,3,98,-1
11,-1,20180214,12,20180110,-1,3,100,-1
11,-1,20191105,12,20180525,-1,3,142,-1
3,103,-1,2,13,-1
11,-1,20181128,12,20180331,-1,3,255,-1
0,-1,19662,4,6,-1,3,224,-1
11,-1,20180109,12,20190417,-1,3,72,-1
0,-1,18068,4,2,-1,3,241,-1
11,-1,20180503,12,20180805,-1,3,72,-1
0,-1,4273,4,2,-1,3,111,-1
0,-1,13712,4,7,-1,3,102,-1
11,-1,20190707,12,20191120,-1,3,131,-1
3,83,-1,2,51,-1
0,-1,6599,4,0,-1,3,295,-1
11,-1,20180603,12,20180506,-1,3,104,-1
3,209,-1,2,41,-1
3,249,-1,2,26,-1
11,-1,20180120,12,20190131,-1,3,130,-1
3,289,-1,2,53,-1
0,-1,1936,4,7,-1,3,86,-1
0,-1,19310,4,6,-1,3,232,-1
11,-1,20190813,12,20190209,-1,3,227,-1
0,-1,11963,4,4,-1,3,176,-1
0,-1,9789,4,5,-1,3,141,-1
11,-1,20190815,12,20191027,-1,3,152,-1
3,47,-1,2,98,-1
3,178,-1,2,21,-1
11,-1,20190602,12,20180904,-1,3,211,-1
3,173,-1,2,63,-1
0,-1,8185,4,4,-1,3,135,-1
0,-1,10129,4,8,-1,3,151,-1
11,-1,20190819,12,20180402,-1,3,266,-1
0,-1,9865,4,10,-1,3,241,-1
0,-1,14163,4,7,-1,3,63,-1
11,-1,20180530,12,20190707,-1,3,138,-1
3,219,-1,2,59,-1
11,-1,20180704,12,20190522,-1,3,77,-1
11,-1,20180809,12,20191024,-1,3,206,-1
11,-1,20191226,12,20181121,-1,3,180,-1
0,-1,19685,4,4,-1,3,230,-1
11,-1,20191020,12,20190110,-1,3,208,-1
0,-1,13511,4,2,-1,3,215,-1
11,-1,20180929,12,20190602,-1,3,135,-1
0,-1,7285,4,8,-1,3,123,-1
0,-1,18078,4,7,-1,3,234,-1
11,-1,20191206,12,20191027,-1,3,82,-1
3,332,-1,2,20,-1
11,-1,20190121,12,20191019,-1,3,145,-1
11,-1,20180403,12,20180815,-1,3,166,-1
0,-1,11531,4,4,-1,3,182,-1
11,-1,20191122,12,20181122,-1,3,89,-1
0,-1,17481,4,2,-1,3,261,-1
0,-1,5893,4,5,-1,3,72,-1
0,-1,6059,4,5,-1,3,125,-1
0,-1,12138,4,6,-1,3,276,-1
0,-1,12912,4,6,-1,3,128,-1
0,-1,17541,4,0,-1,3,330,-1
3,162,-1,2,45,-1
3,94,-1,2,83,-1
0,-1,11850,4,0,-1,3,263,-1
11,-1,20190924,12,20190512,-1,3,250,-1
3,280,-1,2,56,-1
3,133,-1,2,88,-1
11,-1,20180809,12,20190219,-1,3,258,-1
0,-1,2601,4,4,-1,3,115,-1
0,-1,12731,4,0,-1,3,197,-1
0,-1,8618,4,2,-1,3,280,-1
11,-1,20190731,12,20190301,-1,3,246,-1
11,-1,20190213,12,20180521,-1,3,136,-1
11,-1,20180930,12,20180226,-1,3,249,-1
0,-1,19262,4,7,-1,3,57,-1
11,-1,20180902,12,20180829,-1,3,248,-1
3,2,-1,2,66,-1
11,-1,20180412,12,20190115,-1,3,120,-1
0,-1,4582,4,0,-1,3,272,-1
3,65,-1,2,65,-1
11,-1,20181116,12,20180703,-1,3,160,-1
11,-1,20180211,12,20180311,-1,3,94,-1
11,-1,20180626,12,20181022,-1,3,123,-1
0,-1,10200,4,8,-1,3,84,-1
0,-1,4273,4,2,-1,3,246,-1
0,-1,12800,4,9,-1,3,87,-1
0,-1,15176,4,2,-1,3,200,-1
0,-1,6327,4,1,-1,3,139,-1
0,-1,6857,4,2,-1,3,215,-1
11,-1,20191213,12,20190205,-1,3,139,-1
0,-1,12195,4,0,-1,3,315,-1
0,-1,19880,4,3,-1,3,175,-1
11,-1,20191121,12,20180203,-1,3,211,-1
0,-1,5558,4,5,-1,3,112,-1
3,189,-1,2,68,-1
11,-1,20180906,12,20181010,-1,3,176,-1
0,-1,17077,4,9,-1,3,209,-1
0,-1,9106,4,9,-1,3,181,-1
0,-1,2346,4,9,-1,3,166,-1
3,249,-1,2,58,-1
3,210,-1,2,4,-1
0,-1,7858,4,8,-1,3,193,-1
11,-1,20190124,12,20190327,-1,3,117,-1
11,-1,20190717,12,20190912,-1,3,140,-1
3,96,-1,2,10,-1
11,-1,20180605,12,20181029,-1,3,173,-1
0,-1,1525,4,5,-1,3,155,-1
11,-1,20180523,12,20180520,-1,3,249,-1
11,-1,20190202,12,20180124,-1,3,248,-1
0,-1,14393,4,6,-1,3,244,-1
3,278,-1,2,47,-1
0,-1,5990,4,9,-1,3,86,-1
3,293,-1,2,37,-1
0,-1,299,4,3,-1,3,46,-1
11,-1,20180722,12,20191003,-1,3,241,-1
0,-1,4859,4,10,-1,3,167,-1
0,-1,18393,4,3,-1,3,294,-1
0,-1,17049,4,0,-1,3,129,-1
0,-1,8361,4,1,-1,3,232,-1
3,55,-1,2,76,-1
11,-1,20180219,12,20190122,-1,3,219,-1
0,-1,18761,4,6,-1,3,272,-1
11,-1,20190618,12,20180604,-1,3,88,-1
11,-1,20191230,12,20190529,-1,3,142,-1
0,-1,12663,4,1,-1,3,281,-1
3,219,-1,2,66,-1
11,-1,20180103,12,20190901,-1,3,126,-1
11,-1,20181011,12,20190715,-1,3,92,-1
0,-1,14526,4,6,-1,3,130,-1
11,-1,20191112,12,20181209,-1,3,247,-1
3,219,-1,2,6,-1
3,24,-1,2,68,-1
11,-1,20190507,12,20190907,-1,3,243,-1
0,-1,8089,4,6,-1,3,77,-1
3,66,-1,2,87,-1
0,-1,15265,4,0,-1,3,328,-1
11,-1,20190521,12,20180111,-1,3,275,-1
11,-1,20190226,12,20181221,-1,3,242,-1
11,-1,20190725,12,20181024,-1,3,158,-1
0,-1,12106,4,6,-1,3,151,-1
11,-1,20190824,12,20191106,-1,3,229,-1
11,-1,20190307,12,20190119,-1,3,129,-1
3,86,-1,2,93,-1
11,-1,20180410,12,20191004,-1,3,220,-1
11,-1,20180825,12,20190825,-1,3,123,-1
11,-1,20190620,12,20180315,-1,3,143,-1
0,-1,18481,4,6,-1,3,151,-1
3,317,-1,2,9,-1
3,118,-1,2,63,-1
3,212,-1,2,54,-1
11,-1,20180803,12,20190820,-1,3,188,-1
0,-1,7077,4,4,-1,3,240,-1
3,238,-1,2,53,-1
11,-1,20190831,12,20180517,-1,3,114,-1
0,-1,5640,4,8,-1,3,83,-1
0,-1,16771,4,1,-1,3,208,-1
3,257,-1,2,40,-1
11,-1,20181117,12,20190823,-1,3,90,-1
3,42,-1,2,52,-1
0,-1,11156,4,2,-1,3,122,-1
3,246,-1,2,44,-1
3,292,-1,2,48,-1
11,-1,20191024,12,20191207,-1,3,173,-1
11,-1,20180830,12,20190116,-1,3,169,-1
0,-1,15555,4,4,-1,3,256,-1
3,217,-1,2,61,-1
0,-1,11804,4,3,-1,3,215,-1
0,-1,4929,4,9,-1,3,130,-1
11,-1,20190312,12,20191202,-1,3,164,-1
11,-1,20180515,12,20181012,-1,3,163,-1
0,-1,1158,4,3,-1,3,149,-1
0,-1,16958,4,9,-1,3,131,-1
11,-1,20191207,12,20190910,-1,3,117,-1
11,-1,20190718,12,20190603,-1,3,290,-1
11,-1,20190717,12,20180911,-1,3,99,-1
0,-1,19122,4,5,-1,3,229,-1
0,-1,1767,4,6,-1,3,74,-1
11,-1,20190111,12,20181006,-1,3,83,-1
0,-1,12953,4,5,-1,3,249,-1
0,-1,13865,4,6,-1,3,84,-1
11,-1,20190305,12,20190216,-1,3,196,-1
11,-1,20190603,12,20181231,-1,3,120,-1
11,-1,20190419,12,20181004,-1,3,290,-1
0,-1,5954,4,1,-1,3,145,-1
0,-1,10786,4,5,-1,3,195,-1
3,115,-1,2,63,-1
3,190,-1,2,68,-1
0,-1,13045,4,1,-1,3,149,-1
11,-1,20190804,12,20190830,-1,3,200,-1
3,264,-1,2,7,-1
3,320,-1,2,21,-1
0,-1,14773,4,1,-1,3,307,-1
11,-1,20181129,12,20180112,-1,3,202,-1
0,-1,6753,4,4,-1,3,219,-1
0,-1,17629,4,3,-1,3,152,-1
11,-1,20191114,12,20180223,-1,3,204,-1
3,233,-1,2,40,-1
0,-1,4435,4,4,-1,3,76,-1
3,253,-1,2,46,-1
3,315,-1,2,18,-1
11,-1,20180702,12,20180316,-1,3,233,-1
3,34,-1,2,50,-1
11,-1,20181205,12,20190216,-1,3,130,-1
0,-1,7745,4,6,-1,3,68,-1
0,-1,8320,4,9,-1,3,135,-1
11,-1,20180423,12,20190510,-1,3,199,-1
11,-1,20191213,12,20190204,-1,3,93,-1
11,-1,20191010,12,20181004,-1,3,238,-1
11,-1,20180722,12,20191013,-1,3,135,-1
0,-1,534,4,4,-1,3,79,-1
0,-1,13464,4,2,-1,3,137,-1
11,-1,20191117,12,20191021,-1,3,247,-1
11,-1,20190707,12,20191212,-1,3,83,-1
3,104,-1,2,15,-1
3,110,-1,2,85,-1
11,-1,20180314,12,20180320,-1,3,195,-1
11,-1,20190314,12,20190718,-1,3,189,-1
11,-1,20190411,12,20180804,-1,3,141,-1
11,-1,20190121,12,20190208,-1,3,206,-1
3,271,-1,2,1,-1
3,251,-1,2,5,-1
0,-1,15248,4,8,-1,3,106,-1
0,-1,11964,4,5,-1,3,187,-1
11,-1,20180104,12,20180425,-1,3,107,-1
3,242,-1,2,5,-1
0,-1,4045,4,4,-1,3,222,-1
0,-1,3065,4,6,-1,3,103,-1
11,-1,20190415,12,20181121,-1,3,163,-1
11,-1,20190428,12,20190409,-1,3,142,-1
0,-1,2808,4,5,-1,3,202,-1
11,-1,20190413,12,20181020,-1,3,161,-1
0,-1,6822,4,5,-1,3,175,-1
11,-1,20180505,12,20190409,-1,3,211,-1
11,-1,20180312,12,20180606,-1,3,191,-1
11,-1,20190626,12,20191208,-1,3,154,-1
3,176,-1,2,84,-1
3,32,-1,2,53,-1
11,-1,20180526,12,20181006,-1,3,220,-1
3,88,-1,2,47,-1
0,-1,10544,4,1,-1,3,88,-1
11,-1,20190605,12,20191203,-1,3,81,-1
11,-1,20191212,12,20180411,-1,3,167,-1
11,-1,20190801,12,20190906,-1,3,268,-1
0,-1,10416,4,7,-1,3,137,-1
11,-1,20190517,12,20180816,-1,3,136,-1
3,263,-1,2,13,-1
0,-1,12125,4,2,-1,3,285,-1
11,-1,20190224,12,20180405,-1,3,131,-1
11,-1,20190531,12,20181228,-1,3,150,-1
3,316,-1,2,30,-1
0,-1,15459,4,8,-1,3,273,-1
0,-1,8220,4,9,-1,3,159,-1
0,-1,14763,4,0,-1,3,300,-1
11,-1,20180406,12,20191030,-1,3,60,-1
0,-1,9330,4,0,-1,3,105,-1
11,-1,20180425,12,20190614,-1,3,225,-1
11,-1,20180925,12,20190930,-1,3,118,-1
3,78,-1,2,91,-1
3,74,-1,2,95,-1
0,-1,18742,4,7,-1,3,84,-1
11,-1,20191215,12,20180611,-1,3,310,-1
11,-1,20191007,12,20190822,-1,3,173,-1
11,-1,20180501,12,20190615,-1,3,111,-1
3,252,-1,2,40,-1
11,-1,20181002,12,20180226,-1,3,174,-1
0,-1,13379,4,0,-1,3,127,-1
11,-1,20181216,12,20190703,-1,3,166,-1
0,-1,8010,4,6,-1,3,63,-1
11,-1,20180316,12,20180223,-1,3,194,-1
11,-1,20190102,12,20190506,-1,3,262,-1
3,47,-1,2,87,-1
11,-1,20190328,12,20181209,-1,3,104,-1
0,-1,6932,4,4,-1,3,189,-1
0,-1,18267,4,9,-1,3,145,-1
3,28,-1,2,35,-1
11,-1,20180201,12,20180428,-1,3,102,-1
11,-1,20190104,12,20180628,-1,3,177,-1
0,-1,10288,4,10,-1,3,138,-1
0,-1,17088,4,1,-1,3,219,-1
0,-1,6859,4,5,-1,3,85,-1
11,-1,20190411,12,20190916,-1,3,82,-1
0,-1,7911,4,8,-1,3,66,-1
0,-1,11836,4,6,-1,3,228,-1
11,-1,20190918,12,20180717,-1,3,160,-1
3,76,-1,2,82,-1
3,264,-1,2,33,-1
3,249,-1,2,62,-1
11,-1,20190907,12,20181127,-1,3,173,-1
11,-1,20180204,12,20180612,-1,3,78,-1
11,-1,20180906,12,20181205,-1,3,223,-1
3,43,-1,2,88,-1
3,159,-1,2,38,-1
0,-1,19641,4,9,-1,3,151,-1
3,134,-1,2,45,-1
0,-1,7970,4,1,-1,3,164,-1
11,-1,20180614,12,20181023,-1,3,92,-1
0,-1,13740,4,8,-1,3,123,-1
0,-1,12134,4,3,-1,3,227,-1
0,-1,2446,4,8,-1,3,141,-1
11,-1,20190803,12,20191106,-1,3,159,-1
11,-1,20190913,12,20191211,-1,3,120,-1
11,-1,20180219,12,20190217,-1,3,75,-1
0,-1,5561,4,6,-1,3,98,-1
0,-1,9910,4,6,-1,3,196,-1
11,-1,20190610,12,20190228,-1,3,200,-1
11,-1,20190115,12,20190104,-1,3,161,-1
0,-1,16237,4,10,-1,3,254,-1
0,-1,11744,4,1,-1,3,248,-1
11,-1,20180818,12,20180223,-1,3,243,-1
0,-1,3819,4,8,-1,3,123,-1
0,-1,10717,4,0,-1,3,258,-1
3,277,-1,2,16,-1
0,-1,16908,4,1,-1,3,265,-1
11,-1,20190824,12,20190408,-1,3,218,-1
3,70,-1,2,66,-1
11,-1,20180407,12,20190618,-1,3,229,-1
3,14,-1,2,77,-1
11,-1,20180809,12,20190308,-1,3,206,-1
0,-1,14657,4,9,-1,3,64,-1
3,302,-1,2,28,-1
3,261,-1,2,55,-1
11,-1,20190722,12,20190124,-1,3,233,-1
11,-1,20190308,12,20190228,-1,3,192,-1
0,-1,19844,4,5,-1,3,297,-1
11,-1,20180309,12,20190923,-1,3,136,-1
0,-1,6542,4,2,-1,3,117,-1
3,44,-1,2,72,-1
0,-1,11100,4,7,-1,3,249,-1
3,164,-1,2,15,-1
11,-1,20180201,12,20180523,-1,3,200,-1
3,248,-1,2,17,-1
0,-1,5643,4,5,-1,3,193,-1
3,70,-1,2,50,-1
0,-1,11955,4,2,-1,3,225,-1
11,-1,20180302,12,20190321,-1,3,147,-1
11,-1,20180906,12,20190415,-1,3,167,-1
11,-1,20180216,12,20190928,-1,3,127,-1
3,198,-1,2,69,-1
11,-1,20190906,12,20190817,-1,3,77,-1
3,313,-1,2,40,-1
0,-1,4700,4,0,-1,3,151,-1
11,-1,20180210,12,20181223,-1,3,116,-1
3,241,-1,2,5,-1
0,-1,3196,4,2,-1,3,240,-1
11,-1,20181108,12,20191006,-1,3,150,-1
11,-1,20180514,12,20190216,-1,3,132,-1
11,-1,20190726,12,20190115,-1,3,142,-1
0,-1,4721,4,4,-1,3,185,-1
0,-1,8985,4,10,-1,3,187,-1
3,194,-1,2,37,-1
11,-1,20181113,12,20190723,-1,3,136,-1
11,-1,20190504,12,20190312,-1,3,89,-1
0,-1,2709,4,8,-1,3,168,-1
11,-1,20180404,12,20190407,-1,3,127,-1
11,-1,20181230,12,20190213,-1,3,106,-1
11,-1,20191230,12,20191130,-1,3,135,-1
11,-1,20190106,12,20191006,-1,3,123,-1
0,-1,10548,4,10,-1,3,135,-1
0,-1,17133,4,1,-1,3,93,-1
0,-1,2719,4,4,-1,3,73,-1
3,236,-1,2,49,-1
11,-1,20191027,12,20181010,-1,3,231,-1
11,-1,20190430,12,20180815,-1,3,124,-1
11,-1,20180609,12,20191008,-1,3,62,-1
3,41,-1,2,74,-1
11,-1,20180107,12,20190617,-1,3,195,-1
0,-1,19281,4,6,-1,3,162,-1
3,69,-1,2,75,-1
3,251,-1,2,44,-1
0,-1,2413,4,9,-1,3,162,-1
0,-1,3192,4,6,-1,3,211,-1
11,-1,20190514,12,20190927,-1,3,201,-1
3,57,-1,2,36,-1
11,-1,20180316,12,20181119,-1,3,162,-1
11,-1,20190722,12,20180114,-1,3,224,-1
0,-1,6081,4,7,-1,3,131,-1
11,-1,20190522,12,20190911,-1,3,198,-1
0,-1,15154,4,1,-1,3,192,-1
0,-1,8566,4,6,-1,3,69,-1
0,-1,14314,4,5,-1,3,129,-1
11,-1,20181115,12,20180804,-1,3,210,-1
3,341,-1,2,22,-1
0,-1,15184,4,10,-1,3,57,-1
11,-1,20190816,12,20191025,-1,3,169,-1
0,-1,2092,4,2,-1,3,172,-1
0,-1,19922,4,0,-1,3,185,-1
0,-1,4808,4,1,-1,3,150,-1
11,-1,20180330,12,20190729,-1,3,75,-1
0,-1,11912,4,6,-1,3,109,-1
3,189,-1,2,49,-1
11,-1,20190512,12,20180218,-1,3,126,-1
0,-1,2616,4,6,-1,3,176,-1
3,64,-1,2,47,-1
0,-1,8989,4,0,-1,3,153,-1
0,-1,14151,4,7,-1,3,86,-1
3,237,-1,2,53,-1
11,-1,20180623,12,20190929,-1,3,191,-1
0,-1,8408,4,6,-1,3,218,-1
3,339,-1,2,3,-1
11,-1,20180213,12,20190323,-1,3,228,-1
0,-1,11519,4,4,-1,3,238,-1
0,-1,9003,4,7,-1,3,94,-1
0,-1,1449,4,3,-1,3,134,-1
0,-1,18884,4,1,-1,3,107,-1
3,224,-1,2,21,-1
11,-1,20180905,12,20180902,-1,3,242,-1
11,-1,20190813,12,20180314,-1,3,111,-1
0,-1,3087,4,5,-1,3,202,-1
0,-1,3918,4,3,-1,3,164,-1
11,-1,20191017,12,20180216,-1,3,131,-1
11,-1,20180213,12,20180502,-1,3,147,-1
3,233,-1,2,26,-1
3,257,-1,2,60,-1
3,8,-1,2,71,-1
0,-1,6197,4,1,-1,3,284,-1
11,-1,20180503,12,20180213,-1,3,134,-1
11,-1,20180111,12,20180416,-1,3,101,-1
3,2,-1,2,54,-1
0,-1,16119,4,7,-1,3,231,-1
11,-1,20190721,12,20180502,-1,3,156,-1
3,15,-1,2,38,-1
0,-1,13705,4,7,-1,3,161,-1
11,-1,20180605,12,20180224,-1,3,161,-1
0,-1,5182,4,3,-1,3,103,-1
11,-1,20180730,12,20180502,-1,3,176,-1
3,115,-1,2,36,-1
11,-1,20190920,12,20190422,-1,3,292,-1
0,-1,11489,4,5,-1,3,178,-1
0,-1,8214,4,8,-1,3,130,-1
11,-1,20180418,12,20190409,-1,3,211,-1
3,214,-1,2,8,-1
0,-1,3058,4,4,-1,3,114,-1
11,-1,20190724,12,20190711,-1,3,174,-1
11,-1,20190222,12,20190107,-1,3,223,-1
3,8,-1,2,82,-1
3,75,-1,2,60,-1
0,-1,4481,4,1,-1,3,171,-1
11,-1,20191120,12,20190306,-1,3,140,-1
11,-1,20190820,12,20180128,-1,3,150,-1
11,-1,20190913,12,20180207,-1,3,272,-1
3,66,-1,2,93,-1
3,138,-1,2,14,-1
0,-1,12929,4,0,-1,3,160,-1
11,-1,20190825,12,20180306,-1,3,243,-1
11,-1,20181201,12,20191220,-1,3,233,-1
3,98,-1,2,51,-1
0,-1,18124,4,2,-1,3,148,-1
11,-1,20190410,12,20191228,-1,3,80,-1
11,-1,20191211,12,20190211,-1,3,283,-1
11,-1,20190429,12,20181104,-1,3,123,-1
11,-1,20181209,12,20180205,-1,3,147,-1
0,-1,12914,4,1,-1,3,147,-1
0,-1,18166,4,9,-1,3,267,-1
0,-1,9253,4,8,-1,3,117,-1
11,-1,20191011,12,20180820,-1,3,212,-1
0,-1,18909,4,9,-1,3,243,-1
11,-1,20181114,12,20180105,-1,3,114,-1
11,-1,20190814,12,20180708,-1,3,145,-1
3,158,-1,2,44,-1
0,-1,11233,4,8,-1,3,69,-1
0,-1,15033,4,3,-1,3,156,-1
11,-1,20191019,12,20181021,-1,3,126,-1
0,-1,14940,4,3,-1,3,240,-1
11,-1,20181230,12,20180928,-1,3,269,-1
0,-1,11953,4,6,-1,3,96,-1
11,-1,20190426,12,20190722,-1,3,153,-1
11,-1,20190703,12,20180206,-1,3,179,-1
11,-1,20190210,12,20190402,-1,3,192,-1
11,-1,20190309,12,20191225,-1,3,92,-1
11,-1,20190503,12,20190518,-1,3,169,-1
0,-1,6453,4,8,-1,3,116,-1
11,-1,20180105,12,20180708,-1,3,178,-1
0,-1,11153,4,10,-1,3,253,-1
0,-1,3392,4,6,-1,3,75,-1
0,-1,16995,4,8,-1,3,195,-1
11,-1,20181026,12,20181020,-1,3,104,-1
11,-1,20191016,12,20190812,-1,3,235,-1
11,-1,20180504,12,20190315,-1,3,188,-1
11,-1,20181012,12,20180816,-1,3,206,-1
0,-1,2604,4,7,-1,3,159,-1
3,292,-1,2,31,-1
11,-1,20190424,12,20180314,-1,3,155,-1
0,-1,15175,4,4,-1,3,148,-1
11,-1,20180121,12,20190511,-1,3,78,-1
3,223,-1,2,8,-1
3,121,-1,2,31,-1
0,-1,1987,4,9,-1,3,40,-1
3,163,-1,2,77,-1
3,100,-1,2,68,-1
11,-1,20180914,12,20180905,-1,3,251,-1
11,-1,20180623,12,20180802,-1,3,125,-1
0,-1,8240,4,2,-1,3,158,-1
0,-1,1921,4,10,-1,3,115,-1
11,-1,20180124,12,20181008,-1,3,151,-1
3,176,-1,2,28,-1
0,-1,13514,4,2,-1,3,244,-1
3,112,-1,2,11,-1
11,-1,20190930,12,20180201,-1,3,186,-1
11,-1,20190814,12,20180912,-1,3,144,-1
0,-1,1795,4,7,-1,3,51,-1
11,-1,20190506,12,20180605,-1,3,174,-1
11,-1,20190511,12,20180606,-1,3,212,-1
0,-1,2565,4,1,-1,3,220,-1
3,124,-1,2,6,-1
3,327,-1,2,20,-1
0,-1,5314,4,7,-1,3,193,-1
0,-1,5401,4,3,-1,3,219,-1
0,-1,4446,4,3,-1,3,69,-1
3,17,-1,2,64,-1
11,-1,20191009,12,20191206,-1,3,234,-1
11,-1,20190928,12,20180607,-1,3,245,-1
11,-1,20190220,12,20180623,-1,3,166,-1
3,180,-1,2,50,-1
11,-1,20190422,12,20190517,-1,3,201,-1
11,-1,20190311,12,20190712,-1,3,246,-1
11,-1,20190528,12,20190629,-1,3,100,-1
3,43,-1,2,101,-1
0,-1,16463,4,1,-1,3,235,-1
11,-1,20180317,12,20191101,-1,3,181,-1
3,162,-1,2,65,-1
11,-1,20180302,12,20190405,-1,3,81,-1
11,-1,20190624,12,20181128,-1,3,254,-1
11,-1,20190627,12,20181204,-1,3,86,-1
11,-1,20180809,12,20190423,-1,3,175,-1
3,104,-1,2,13,-1
11,-1,20190312,12,20190522,-1,3,70,-1
3,119,-1,2,2,-1
11,-1,20180925,12,20180905,-1,3,232,-1
0,-1,9698,4,6,-1,3,205,-1
0,-1,1416,4,8,-1,3,43,-1
11,-1,20190528,12,20181001,-1,3,253,-1
0,-1,16635,4,6,-1,3,191,-1
3,90,-1,2,77,-1
11,-1,20180628,12,20190917,-1,3,204,-1
0,-1,15909,4,1,-1,3,142,-1
0,-1,19923,4,6,-1,3,208,-1
11,-1,20180420,12,20181206,-1,3,197,-1
0,-1,18434,4,9,-1,3,54,-1
0,-1,9331,4,3,-1,3,256,-1
11,-1,20190513,12,20180703,-1,3,173,-1
3,90,-1,2,17,-1
11,-1,20180812,12,20180104,-1,3,97,-1
11,-1,20190619,12,20190531,-1,3,114,-1
11,-1,20191226,12,20180528,-1,3,164,-1
11,-1,20180817,12,20190806,-1,3,186,-1
0,-1,10737,4,4,-1,3,217,-1
0,-1,6407,4,3,-1,3,91,-1
0,-1,12391,4,7,-1,3,63,-1
11,-1,20181103,12,20190123,-1,3,71,-1
0,-1,9605,4,10,-1,3,177,-1
11,-1,20190228,12,20190724,-1,3,274,-1
11,-1,20190524,12,20180620,-1,3,227,-1
3,198,-1,2,47,-1
0,-1,17061,4,1,-1,3,250,-1
0,-1,13153,4,9,-1,3,137,-1
11,-1,20180128,12,20191210,-1,3,82,-1
0,-1,10773,4,3,-1,3,150,-1
3,158,-1,2,39,-1
0,-1,2122,4,0,-1,3,187,-1
11,-1,20180504,12,20180310,-1,3,92,-1
11,-1,20190717,12,20190302,-1,3,211,-1
0,-1,16009,4,8,-1,3,58,-1
11,-1,20180530,12,20180324,-1,3,250,-1
3,161,-1,2,3,-1
3,41,-1,2,91,-1
11,-1,20190125,12,20181114,-1,3,253,-1
0,-1,19355,4,8,-1,3,123,-1
11,-1,20190218,12,20190622,-1,3,182,-1
11,-1,20180625,12,20190921,-1,3,194,-1
11,-1,20181117,12,20180226,-1,3,192,-1
11,-1,20180212,12,20191102,-1,3,168,-1
0,-1,11379,4,6,-1,3,114,-1
3,236,-1,2,0,-1
11,-1,20190213,12,20191022,-1,3,84,-1
3,250,-1,2,12,-1
0,-1,16730,4,9,-1,3,148,-1
11,-1,20180712,12,20180309,-1,3,208,-1
3,106,-1,2,49,-1
0,-1,7584,4,0,-1,3,177,-1
11,-1,20180731,12,20180209,-1,3,141,-1
0,-1,6549,4,1,-1,3,181,-1
0,-1,12251,4,5,-1,3,114,-1
3,34,-1,2,38,-1
11,-1,20190612,12,20190927,-1,3,215,-1
3,158,-1,2,56,-1
11,-1,20180316,12,20180402,-1,3,168,-1
11,-1,20180225,12,20190819,-1,3,102,-1
0,-1,19881,4,8,-1,3,130,-1
0,-1,11057,4,3,-1,3,216,-1
3,198,-1,2,12,-1
11,-1,20191031,12,20191003,-1,3,217,-1
11,-1,20190606,12,20190610,-1,3,244,-1
3,144,-1,2,74,-1
0,-1,15034,4,2,-1,3,296,-1
3,64,-1,2,46,-1
3,245,-1,2,46,-1
11,-1,20181016,12,20181113,-1,3,210,-1
0,-1,17948,4,6,-1,3,127,-1
11,-1,20180731,12,20190302,-1,3,118,-1
0,-1,17274,4,8,-1,3,109,-1
0,-1,11738,4,2,-1,3,119,-1
11,-1,20190406,12,20190331,-1,3,85,-1
11,-1,20190602,12,20190724,-1,3,273,-1
0,-1,16841,4,5,-1,3,208,-1
11,-1,20180214,12,20180814,-1,3,189,-1
0,-1,11486,4,9,-1,3,156,-1
11,-1,20191122,12,20191227,-1,3,134,-1
3,139,-1,2,90,-1
0,-1,16044,4,3,-1,3,286,-1
11,-1,20180521,12,20190314,-1,3,63,-1
0,-1,7910,4,7,-1,3,180,-1
11,-1,20191020,12,20190402,-1,3,146,-1
3,242,-1,2,50,-1
0,-1,8464,4,5,-1,3,225,-1
11,-1,20191018,12,20190214,-1,3,114,-1
3,72,-1,2,62,-1
11,-1,20191111,12,20181014,-1,3,185,-1
11,-1,20180413,12,20190825,-1,3,142,-1
11,-1,20181024,12,20191121,-1,3,80,-1
3,140,-1,2,25,-1
11,-1,20180714,12,20180627,-1,3,71,-1
0,-1,6326,4,10,-1,3,44,-1
11,-1,20180705,12,20190626,-1,3,159,-1
0,-1,8311,4,4,-1,3,70,-1
3,228,-1,2,42,-1
0,-1,3501,4,1,-1,3,160,-1
0,-1,4829,4,1,-1,3,249,-1
3,124,-1,2,89,-1
11,-1,20181227,12,20190705,-1,3,182,-1
0,-1,13497,4,0,-1,3,266,-1
11,-1,20190527,12,20190817,-1,3,127,-1
0,-1,16975,4,0,-1,3,134,-1
11,-1,20180728,12,20190123,-1,3,145,-1
3,159,-1,2,44,-1
11,-1,20180701,12,20190623,-1,3,126,-1
0,-1,10761,4,6,-1,3,242,-1
3,278,-1,2,35,-1
11,-1,20190422,12,20180818,-1,3,179,-1
0,-1,5713,4,0,-1,3,252,-1
11,-1,20180427,12,20190411,-1,3,133,-1
0,-1,12518,4,5,-1,3,230,-1
0,-1,3981,4,0,-1,3,260,-1
0,-1,13485,4,6,-1,3,132,-1
3,225,-1,2,20,-1
3,155,-1,2,69,-1
11,-1,20181231,12,20180817,-1,3,201,-1
0,-1,12706,4,2,-1,3,275,-1
0,-1,8368,4,1,-1,3,180,-1
3,176,-1,2,39,-1
3,21,-1,2,46,-1
11,-1,20180302,12,20191126,-1,3,80,-1
0,-1,3709,4,3,-1,3,132,-1
11,-1,20190514,12,20191129,-1,3,195,-1
0,-1,11212,4,9,-1,3,156,-1
0,-1,9255,4,7,-1,3,235,-1
0,-1,18021,4,5,-1,3,136,-1
3,24,-1,2,87,-1
0,-1,6268,4,9,-1,3,211,-1
0,-1,15265,4,9,-1,3,250,-1
0,-1,7280,4,1,-1,3,252,-1
0,-1,13845,4,6,-1,3,122,-1
11,-1,20180324,12,20190214,-1,3,154,-1
11,-1,20190911,12,20181108,-1,3,138,-1
11,-1,20181114,12,20180309,-1,3,77,-1
3,79,-1,2,29,-1
3,44,-1,2,59,-1
0,-1,9929,4,5,-1,3,106,-1
11,-1,20191214,12,20180504,-1,3,119,-1
0,-1,14940,4,5,-1,3,254,-1
0,-1,1979,4,2,-1,3,70,-1
11,-1,20180710,12,20191208,-1,3,165,-1
11,-1,20181018,12,20191111,-1,3,75,-1
11,-1,20181025,12,20190726,-1,3,164,-1
11,-1,20181022,12,20180822,-1,3,264,-1
0,-1,5125,4,7,-1,3,215,-1
11,-1,20191211,12,20190518,-1,3,278,-1
11,-1,20180725,12,20180107,-1,3,121,-1
3,30,-1,2,34,-1
11,-1,20180916,12,20190621,-1,3,187,-1
0,-1,3189,4,10,-1,3,115,-1
0,-1,18159,4,6,-1,3,114,-1
11,-1,20190907,12,20180215,-1,3,161,-1
0,-1,2051,4,1,-1,3,170,-1
11,-1,20190822,12,20180430,-1,3,82,-1
0,-1,8122,4,5,-1,3,211,-1
11,-1,20190618,12,20181105,-1,3,156,-1
0,-1,16537,4,4,-1,3,247,-1
3,59,-1,2,74,-1
11,-1,20180123,12,20191129,-1,3,149,-1
11,-1,20190918,12,20180717,-1,3,211,-1
11,-1,20180726,12,20190309,-1,3,126,-1
0,-1,19413,4,3,-1,3,248,-1
11,-1,20181025,12,20180323,-1,3,266,-1
11,-1,20190225,12,20190520,-1,3,104,-1
0,-1,3944,4,7,-1,3,153,-1
0,-1,13259,4,4,-1,3,243,-1
11,-1,20180904,12,20180615,-1,3,199,-1
0,-1,13854,4,1,-1,3,153,-1
11,-1,20190711,12,20180218,-1,3,144,-1
0,-1,10835,4,2,-1,3,133,-1
3,266,-1,2,22,-1
11,-1,20190203,12,20180927,-1,3,130,-1
11,-1,20191004,12,20190701,-1,3,166,-1
11,-1,20191213,12,20191216,-1,3,111,-1
3,162,-1,2,4,-1
11,-1,20191223,12,20181120,-1,3,197,-1
0,-1,7082,4,8,-1,3,75,-1
3,211,-1,2,48,-1
0,-1,9833,4,4,-1,3,155,-1
0,-1,11085,4,4,-1,3,159,-1
0,-1,9005,4,4,-1,3,138,-1
0,-1,4061,4,1,-1,3,207,-1
0,-1,13171,4,7,-1,3,176,-1
11,-1,20181013,12,20190809,-1,3,152,-1
3,89,-1,2,70,-1
0,-1,8398,4,1,-1,3,98,-1
11,-1,20180603,12,20180615,-1,3,97,-1
3,166,-1,2,12,-1
0,-1,13626,4,6,-1,3,180,-1
11,-1,20181028,12,20190321,-1,3,128,-1
0,-1,15432,4,4,-1,3,279,-1
11,-1,20180528,12,20191020,-1,3,119,-1
3,24,-1,2,35,-1
11,-1,20180723,12,20190409,-1,3,194,-1
3,94,-1,2,34,-1
0,-1,7754,4,10,-1,3,108,-1
11,-1,20191116,12,20191112,-1,3,184,-1
3,104,-1,2,38,-1
0,-1,19726,4,3,-1,3,298,-1
0,-1,19938,4,5,-1,3,131,-1
11,-1,20180415,12,20190920,-1,3,123,-1
3,171,-1,2,70,-1
0,-1,4662,4,6,-1,3,213,-1
0,-1,9845,4,5,-1,3,72,-1
3,41,-1,2,70,-1
11,-1,20180310,12,20190806,-1,3,87,-1
11,-1,20190505,12,20190328,-1,3,221,-1
0,-1,12129,4,6,-1,3,176,-1
11,-1,20180125,12,20180410,-1,3,58,-1
3,204,-1,2,67,-1
0,-1,10340,4,4,-1,3,212,-1
0,-1,14465,4,10,-1,3,169,-1
3,104,-1,2,28,-1
0,-1,18967,4,6,-1,3,170,-1
11,-1,20191125,12,20190220,-1,3,297,-1
11,-1,20190423,12,20181209,-1,3,169,-1
11,-1,20180601,12,20180120,-1,3,229,-1
11,-1,20181210,12,20181016,-1,3,80,-1
3,49,-1,2,40,-1
3,222,-1,2,70,-1
11,-1,20181031,12,20180705,-1,3,252,-1
0,-1,10604,4,7,-1,3,155,-1
11,-1,20180422,12,20180609,-1,3,61,-1
3,91,-1,2,43,-1
11,-1,20190127,12,20190810,-1,3,80,-1
3,178,-1,2,83,-1
11,-1,20190104,12,20190602,-1,3,84,-1
3,243,-1,2,34,-1
0,-1,13805,4,6,-1,3,213,-1
11,-1,20190203,12,20181201,-1,3,221,-1
11,-1,20191122,12,20191030,-1,3,262,-1
11,-1,20190714,12,20190320,-1,3,242,-1
0,-1,14446,4,5,-1,3,83,-1
3,183,-1,2,77,-1
0,-1,19577,4,3,-1,3,260,-1
11,-1,20181123,12,20181227,-1,3,240,-1
0,-1,14508,4,10,-1,3,241,-1
3,113,-1,2,13,-1
0,-1,10073,4,7,-1,3,208,-1
11,-1,20191110,12,20190729,-1,3,109,-1
11,-1,20190426,12,20190815,-1,3,251,-1
3,137,-1,2,46,-1
0,-1,8982,4,10,-1,3,245,-1
11,-1,20180927,12,20181209,-1,3,260,-1
11,-1,20190306,12,20190222,-1,3,83,-1
11,-1,20190705,12,20181001,-1,3,173,-1
11,-1,20181010,12,20191106,-1,3,118,-1
0,-1,12937,4,2,-1,3,279,-1
0,-1,16468,4,9,-1,3,65,-1
3,261,-1,2,47,-1
3,148,-1,2,21,-1
0,-1,19719,4,6,-1,3,129,-1
11,-1,20180307,12,20180221,-1,3,222,-1
0,-1,6282,4,3,-1,3,244,-1
3,330,-1,2,9,-1
11,-1,20180203,12,20180619,-1,3,218,-1
11,-1,20191001,12,20181014,-1,3,202,-1
11,-1,20180211,12,20190224,-1,3,206,-1
11,-1,20181026,12,20190713,-1,3,68,-1
0,-1,19991,4,2,-1,3,173,-1
11,-1,20180914,12,20181119,-1,3,75,-1
3,269,-1,2,61,-1
11,-1,20190320,12,20190830,-1,3,221,-1
3,296,-1,2,41,-1
0,-1,7577,4,9,-1,3,126,-1
3,269,-1,2,35,-1
11,-1,20191223,12,20180701,-1,3,314,-1
3,177,-1,2,68,-1
11,-1,20180101,12,20190902,-1,3,95,-1
0,-1,9911,4,8,-1,3,69,-1
3,104,-1,2,2,-1
11,-1,20190126,12,20190420,-1,3,269,-1
3,100,-1,2,39,-1
11,-1,20190327,12,20190112,-1,3,228,-1
3,222,-1,2,11,-1
0,-1,9292,4,1,-1,3,135,-1
0,-1,821,4,2,-1,3,95,-1
11,-1,20191223,12,20181225,-1,3,118,-1
3,48,-1,2,37,-1
0,-1,7324,4,6,-1,3,111,-1
0,-1,2841,4,2,-1,3,168,-1
11,-1,20191107,12,20181228,-1,3,157,-1
3,67,-1,2,48,-1
0,-1,13133,4,8,-1,3,119,-1
3,277,-1,2,12,-1
0,-1,10881,4,8,-1,3,73,-1
0,-1,3969,4,1,-1,3,243,-1
11,-1,20180323,12,20180929,-1,3,126,-1
11,-1,20191005,12,20181231,-1,3,152,-1
0,-1,12099,4,5,-1,3,284,-1
3,26,-1,2,58,-1
3,4,-1,2,79,-1
11,-1,20191120,12,20190829,-1,3,160,-1
0,-1,6386,4,4,-1,3,233,-1
3,221,-1,2,39,-1
0,-1,6026,4,8,-1,3,152,-1
0,-1,7156,4,6,-1,3,217,-1
3,97,-1,2,73,-1
3,310,-1,2,1,-1
0,-1,18364,4,3,-1,3,85,-1
11,-1,20180914,12,20181115,-1,3,188,-1
11,-1,20180517,12,20190110,-1,3,96,-1
3,38,-1,2,34,-1
0,-1,13511,4,1,-1,3,113,-1
3,61,-1,2,41,-1
11,-1,20180922,12,20191004,-1,3,179,-1
11,-1,20190926,12,20190109,-1,3,301,-1
11,-1,20180510,12,20191018,-1,3,94,-1
0,-1,12903,4,10,-1,3,57,-1
3,105,-1,2,75,-1
0,-1,12310,4,1,-1,3,274,-1
0,-1,17366,4,4,-1,3,113,-1
11,-1,20180809,12,20190426,-1,3,192,-1
0,-1,8774,4,6,-1,3,235,-1
3,299,-1,2,39,-1
11,-1,20190617,12,20181122,-1,3,148,-1
0,-1,14745,4,7,-1,3,216,-1
11,-1,20190402,12,20181223,-1,3,125,-1
11,-1,20190412,12,20190917,-1,3,97,-1
11,-1,20190128,12,20181223,-1,3,198,-1
0,-1,16887,4,2,-1,3,241,-1
0,-1,14830,4,8,-1,3,91,-1
11,-1,20190830,12,20190302,-1,3,202,-1
3,237,-1,2,56,-1
0,-1,10726,4,4,-1,3,99,-1
3,238,-1,2,54,-1
0,-1,19233,4,4,-1,3,203,-1
11,-1,20190820,12,20181003,-1,3,168,-1
3,108,-1,2,56,-1
11,-1,20180710,12,20181019,-1,3,100,-1
11,-1,20180416,12,20190803,-1,3,222,-1
11,-1,20180202,12,20181221,-1,3,88,-1
0,-1,15766,4,5,-1,3,82,-1
0,-1,12270,4,6,-1,3,191,-1
3,169,-1,2,41,-1
0,-1,3887,4,10,-1,3,141,-1
0,-1,14472,4,9,-1,3,193,-1
0,-1,1930,4,3,-1,3,138,-1
0,-1,10933,4,9,-1,3,214,-1
0,-1,10442,4,7,-1,3,181,-1
0,-1,13624,4,4,-1,3,234,-1
11,-1,20180320,12,20191121,-1,3,207,-1
3,298,-1,2,12,-1
11,-1,20190429,12,20181108,-1,3,169,-1
11,-1,20180301,12,20181002,-1,3,209,-1
11,-1,20190413,12,20190622,-1,3,245,-1
11,-1,20190304,12,20180612,-1,3,95,-1
0,-1,2167,4,8,-1,3,158,-1
0,-1,7053,4,5,-1,3,149,-1
11,-1,20180926,12,20191023,-1,3,135,-1
11,-1,20190529,12,20190408,-1,3,180,-1
11,-1,20180422,12,20190324,-1,3,217,-1
11,-1,20190329,12,20180930,-1,3,171,-1
11,-1,20180411,12,20190715,-1,3,86,-1
0,-1,6982,4,7,-1,3,178,-1
11,-1,20190312,12,20180628,-1,3,136,-1
3,159,-1,2,51,-1
0,-1,17071,4,6,-1,3,145,-1
0,-1,16546,4,3,-1,3,227,-1
