0,1,50,2,8,9,4,19920102,19981201,5,19960101,19971231,6,19940101,19951231,8,19920101,19980802
0,40,46,2,0,10,4,19930101,19971231,5,19920131,19981031,6,19980101,19980731,8,19920101,19980802
0,28,49,2,8,10,4,19920102,19981201,5,19930101,19971231,6,19980101,19980228,8,19920101,19980802
0,1,50,2,5,7,4,19950101,19951231,5,19960101,19971231,6,19960101,19971231,8,19920101,19980802
0,28,32,2,0,10,4,19970101,19971231,5,19960101,19961231,6,19920103,19981231,8,19930101,19971231
0,1,50,2,4,5,4,19920102,19981201,5,19950101,19961231,6,19940101,19941231,8,19920101,19980802
0,49,50,2,9,10,4,19950101,19961231,5,19920131,19981031,6,19940101,19951231,8,19920101,19980802
0,32,47,2,2,9,4,19930101,19961231,5,19960101,19971023,6,19970101,19971231,8,19950101,19961231
0,43,50,2,0,10,4,19960101,19961231,5,19970101,19971231,6,19951101,19971231,8,19920101,19980802
0,33,36,2,6,10,4,19960101,19971231,5,19920131,19981031,6,19920103,19981231,8,19930101,19951231
0,45,49,2,4,5,4,19970101,19970630,5,19950701,19971231,6,19920103,19981231,8,19970101,19980228
0,46,50,2,9,10,4,19930101,19941231,5,19940801,19951231,6,19940101,19971231,8,19920101,19980802
0,17,46,2,8,10,4,19960101,19961231,5,19970101,19971231,6,19920103,19981231,8,19920101,19980802
0,44,50,2,0,10,4,19980101,19980818,5,19970101,19971231,6,19920103,19981231,8,19920101,19980802
0,21,27,2,0,10,4,19960101,19971231,5,19920131,19981031,6,19980101,19980415,8,19960101,19971231
0,3,21,2,3,8,4,19950801,19961231,5,19920131,19981031,6,19970101,19971231,8,19920101,19980802
0,1,50,2,1,10,4,19920102,19981201,5,19970201,19971231,6,19960101,19961231,8,19951220,19971130
0,44,45,2,8,9,4,19920102,19981201,5,19960101,19971231,6,19970101,19971231,8,19970101,19970810
0,30,38,2,4,9,4,19980101,19980315,5,19940101,19971231,6,19920103,19981231,8,19920101,19980802
0,34,47,2,6,8,4,19960220,19961231,5,19920131,19981031,6,19920103,19981231,8,19930101,19951231
0,24,27,2,7,8,4,19920102,19981201,5,19950101,19971231,6,19920103,19981231,8,19960101,19960630
0,42,49,2,0,10,4,19950101,19951231,5,19920131,19981031,6,19960101,19961231,8,19940101,19951231
0,48,49,2,8,9,4,19920102,19981201,5,19960101,19961231,6,19920103,19981231,8,19940101,19971231
0,45,48,2,5,9,4,19920102,19981201,5,19970101,19970330,6,19970101,19971231,8,19940101,19961231
0,29,49,2,6,10,4,19920102,19981201,5,19920131,19981031,6,19980401,19981031,8,19970101,19971231
0,23,30,2,3,6,4,19920102,19981201,5,19931101,19961231,6,19930101,19931231,8,19920101,19980802
0,24,25,2,0,10,4,19920102,19981201,5,19961101,19961231,6,19940601,19971231,8,19940101,19971231
0,30,41,2,3,10,4,19920102,19981201,5,19920131,19981031,6,19980525,19980531,8,19920101,19980802
0,37,42,2,0,10,4,19920102,19981201,5,19940101,19951231,6,19960101,19960524,8,19920101,19980802
0,5,40,2,8,9,4,19930101,19931231,5,19930801,19951231,6,19940101,19941231,8,19920101,19980802
0,1,50,2,6,7,4,19960101,19961231,5,19970101,19971231,6,19920103,19981231,8,19920101,19980802
0,14,23,2,5,7,4,19920102,19981201,5,19920131,19981031,6,19920103,19981231,8,19980315,19980519
0,1,50,2,8,10,4,19950101,19961231,5,19960101,19971231,6,19950101,19951231,8,19920101,19980802
0,12,33,2,7,10,4,19960101,19961231,5,19930101,19951231,6,19920103,19981231,8,19920101,19980802
0,26,27,2,0,10,4,19970101,19971231,5,19920131,19981031,6,19970101,19971231,8,19960101,19961231
0,47,49,2,3,7,4,19920102,19981201,5,19920131,19981031,6,19940101,19971231,8,19960101,19960430
0,21,33,2,6,7,4,19920102,19981201,5,19940101,19941231,6,19950101,19951231,8,19920101,19980802
0,39,42,2,0,10,4,19940101,19961231,5,19950901,19950930,6,19920103,19981231,8,19940101,19961231
0,47,49,2,0,10,4,19940101,19970228,5,19970101,19971231,6,19960101,19971231,8,19920101,19980802
0,29,42,2,0,10,4,19940101,19961231,5,19970101,19971231,6,19970101,19971231,8,19920101,19980802
0,34,36,2,0,10,4,19950101,19960227,5,19960101,19971231,6,19920103,19981231,8,19920101,19980802
0,32,37,2,2,7,4,19920102,19981201,5,19950101,19961231,6,19970101,19971231,8,19920101,19980802
0,33,40,2,5,6,4,19920102,19981201,5,19980101,19980731,6,19920103,19981231,8,19940101,19971231
0,1,50,2,2,6,4,19960401,19961231,5,19960101,19981019,6,19920103,19981231,8,19940101,19951231
0,29,31,2,3,4,4,19950101,19951231,5,19920131,19981031,6,19950101,19961231,8,19950101,19951231
0,40,44,2,8,9,4,19920102,19981201,5,19930101,19961231,6,19960101,19961231,8,19930101,19951231
0,37,46,2,5,9,4,19930101,19961231,5,19970101,19970331,6,19920103,19981231,8,19960101,19971231
0,1,50,2,7,8,4,19940101,19951231,5,19960101,19960930,6,19920103,19981231,8,19950801,19971231
0,45,48,2,0,10,4,19980101,19981118,5,19960101,19971231,6,19920103,19981231,8,19920101,19980802
0,49,50,2,4,6,4,19920102,19981201,5,19950101,19951231,6,19950101,19951231,8,19920101,19980802
0,11,32,2,2,4,4,19970101,19980930,5,19940101,19961231,6,19920103,19981231,8,19920101,19980802
0,20,29,2,6,10,4,19940101,19961231,5,19941201,19951231,6,19930101,19941231,8,19920101,19980802
0,26,47,2,5,6,4,19950101,19961231,5,19970101,19971231,6,19930101,19971231,8,19920101,19980802
0,10,30,2,7,8,4,19920102,19981201,5,19920131,19981031,6,19920103,19981231,8,19960101,19960131
0,30,37,2,0,10,4,19970101,19971231,5,19970101,19971231,6,19980101,19980228,8,19920101,19980802
0,1,50,2,1,2,4,19920102,19981201,5,19980101,19981025,6,19960101,19971231,8,19920101,19980802
0,34,37,2,0,10,4,19960101,19961231,5,19920131,19981031,6,19970101,19971231,8,19960601,19971231
0,46,49,2,0,10,4,19940101,19961231,5,19950101,19951231,6,19920103,19981231,8,19930101,19941130
0,24,25,2,0,1,4,19940101,19970430,5,19940101,19941231,6,19920103,19981231,8,19920101,19980802
0,1,50,2,9,10,4,19960101,19971231,5,19930101,19951231,6,19920103,19981231,8,19930101,19971231
0,8,40,2,7,8,4,19960101,19971231,5,19920131,19981031,6,19980101,19980131,8,19920101,19980802
0,31,39,2,0,10,4,19970101,19971231,5,19950101,19961231,6,19920103,19981231,8,19920101,19980802
0,1,50,2,9,10,4,19960101,19961231,5,19940101,19951231,6,19920103,19981231,8,19920101,19980802
0,46,50,2,2,3,4,19920102,19981201,5,19920131,19981031,6,19980101,19981031,8,19970101,19971231
0,13,50,2,6,9,4,19920102,19981201,5,19980101,19980531,6,19970101,19971231,8,19920101,19980802
0,7,21,2,7,8,4,19920102,19981201,5,19980101,19980131,6,19920103,19981231,8,19960101,19971231
0,39,43,2,9,10,4,19920102,19981201,5,19940101,19961231,6,19960101,19971231,8,19940101,19951231
0,5,38,2,8,10,4,19920102,19981201,5,19920131,19981031,6,19981016,19981101,8,19920101,19980802
0,29,36,2,6,9,4,19920102,19981201,5,19940101,19951231,6,19960101,19961231,8,19920101,19980802
0,32,42,2,0,10,4,19920710,19971231,5,19980101,19980131,6,19920103,19981231,8,19960101,19971231
0,29,38,2,7,8,4,19950101,19980131,5,19920131,19981031,6,19920103,19981231,8,19930101,19941231
0,28,30,2,0,10,4,19950101,19961231,5,19960101,19961231,6,19951001,19961231,8,19950101,19951231
0,41,47,2,9,10,4,19960101,19971231,5,19920131,19981031,6,19970101,19971231,8,19960625,19961231
0,27,34,2,6,7,4,19940101,19951231,5,19920131,19981031,6,19920103,19981231,8,19930101,19931231
0,48,49,2,9,10,4,19920102,19981201,5,19920131,19981031,6,19970101,19971231,8,19920101,19980802
0,43,47,2,5,10,4,19970101,19971231,5,19960101,19980131,6,19920103,19981231,8,19950101,19961231
0,31,34,2,0,10,4,19920102,19981201,5,19940101,19951231,6,19960101,19961231,8,19920101,19980802
0,35,41,2,0,10,4,19960101,19971231,5,19930101,19951231,6,19920103,19981231,8,19920101,19980802
0,23,40,2,2,3,4,19920102,19981201,5,19950101,19961231,6,19960201,19961231,8,19930101,19951231
0,1,50,2,4,5,4,19920102,19981201,5,19960101,19961231,6,19950101,19951231,8,19930101,19971231
0,43,46,2,0,10,4,19930101,19931231,5,19930101,19930531,6,19930601,19950930,8,19920101,19980802
0,40,41,2,6,7,4,19960101,19961231,5,19920131,19981031,6,19950101,19970423,8,19940101,19971231
0,46,50,2,5,8,4,19920102,19981201,5,19970101,19971231,6,19940301,19971231,8,19950101,19961231
0,49,50,2,9,10,4,19920102,19981201,5,19920131,19981031,6,19920103,19981231,8,19940101,19941231
0,42,48,2,0,10,4,19970101,19971231,5,19980101,19981017,6,19920103,19981231,8,19920101,19980802
0,5,50,2,3,6,4,19940101,19971231,5,19970101,19971231,6,19960101,19961231,8,19920101,19980802
0,17,37,2,3,5,4,19930101,19971231,5,19950101,19971231,6,19920103,19981231,8,19961201,19961231
0,26,30,2,0,10,4,19920102,19981201,5,19950101,19951231,6,19960101,19961231,8,19920101,19980802
0,1,50,2,2,3,4,19970101,19971231,5,19940101,19961231,6,19920103,19981231,8,19960101,19971231
0,8,33,2,8,9,4,19920102,19981201,5,19980101,19980131,6,19920103,19981231,8,19920101,19980802
0,16,20,2,2,5,4,19950101,19951231,5,19920131,19981031,6,19920103,19981231,8,19940101,19941231
0,43,48,2,0,10,4,19920102,19981201,5,19970101,19971231,6,19980101,19980331,8,19920101,19980802
0,11,24,2,0,10,4,19930601,19971231,5,19960101,19961231,6,19940101,19951231,8,19920101,19980802
0,28,32,2,7,10,4,19920102,19981201,5,19920606,19961231,6,19960101,19971231,8,19940101,19951231
0,4,6,2,7,8,4,19920102,19981201,5,19970601,19971231,6,19920103,19981231,8,19960101,19971231
0,49,50,2,0,10,4,19920102,19981201,5,19970101,19971231,6,19920103,19981231,8,19960101,19961231
0,29,32,2,8,10,4,19920102,19981201,5,19920131,19981031,6,19970801,19971231,8,19970101,19971231
0,15,49,2,2,4,4,19940101,19961231,5,19960101,19960405,6,19940101,19951231,8,19920101,19980802
0,19,31,2,6,7,4,19920102,19981201,5,19960101,19971231,6,19920301,19971231,8,19950101,19951231
0,36,38,2,8,10,4,19980101,19980630,5,19920131,19981031,6,19920103,19981231,8,19920101,19980802
0,36,37,2,0,10,4,19970101,19971231,5,19920131,19981031,6,19920103,19981231,8,19940101,19961231
0,2,43,2,3,6,4,19920102,19981201,5,19960101,19971231,6,19950101,19951231,8,19920101,19980802
0,26,27,2,9,10,4,19920102,19981201,5,19920131,19981031,6,19920103,19981231,8,19960101,19961231
0,1,50,2,5,7,4,19960101,19971231,5,19980101,19980731,6,19970101,19971231,8,19920101,19980802
0,18,46,2,6,8,4,19961201,19961208,5,19920131,19981031,6,19920103,19981231,8,19920101,19980802
0,33,41,2,0,9,4,19920102,19981201,5,19970101,19971231,6,19930101,19961231,8,19920101,19980802
0,1,50,2,8,10,4,19950101,19971231,5,19970101,19971231,6,19980101,19981130,8,19920101,19980802
0,1,50,2,8,10,4,19950101,19951231,5,19940101,19951231,6,19960101,19970430,8,19920101,19980802
0,42,44,2,1,8,4,19960101,19961231,5,19920131,19981031,6,19950101,19971231,8,19930101,19951231
0,25,26,2,7,8,4,19920102,19981201,5,19920131,19981031,6,19960101,19961231,8,19950101,19971231
0,34,38,2,0,10,4,19940101,19970401,5,19940101,19971231,6,19920103,19981231,8,19970101,19971031
0,37,46,2,0,10,4,19970101,19971231,5,19971204,19971231,6,19920103,19981231,8,19920101,19980802
0,1,50,2,9,10,4,19960101,19971231,5,19950101,19951231,6,19920103,19981231,8,19930101,19961231
0,35,39,2,9,10,4,19950101,19971231,5,19960801,19961231,6,19960101,19961231,8,19920101,19980802
0,35,45,2,1,8,4,19930101,19941231,5,19920131,19981031,6,19950101,19980404,8,19920101,19980802
0,23,30,2,0,10,4,19930101,19961231,5,19920131,19981031,6,19970101,19971231,8,19920101,19980802
0,48,50,2,0,10,4,19920102,19981201,5,19980101,19980228,6,19920103,19981231,8,19970101,19971231
0,17,27,2,7,8,4,19960101,19961231,5,19920131,19981031,6,19940101,19960601,8,19920120,19951231
0,10,12,2,6,9,4,19960101,19980613,5,19950101,19971231,6,19920103,19981231,8,19930101,19951231
0,11,25,2,6,9,4,19950101,19961231,5,19920131,19981031,6,19970101,19971231,8,19920101,19980802
0,1,50,2,6,8,4,19920102,19981201,5,19940101,19961231,6,19930301,19940107,8,19920101,19980802
0,1,50,2,5,6,4,19970101,19971231,5,19920401,19961231,6,19920103,19981231,8,19920101,19980802
0,39,46,2,4,5,4,19920102,19981201,5,19971025,19971231,6,19950101,19971231,8,19920101,19980802
0,1,50,2,7,10,4,19920102,19981201,5,19960101,19971231,6,19950101,19951231,8,19930101,19971231
0,39,43,2,0,10,4,19930101,19961231,5,19930701,19961231,6,19961129,19961231,8,19950101,19971231
0,4,39,2,3,4,4,19921201,19921231,5,19930101,19971231,6,19920103,19981231,8,19920101,19980802
0,46,50,2,0,10,4,19940101,19971231,5,19930101,19931231,6,19920103,19981231,8,19930101,19951031
0,1,50,2,8,9,4,19950101,19961231,5,19970101,19971231,6,19920103,19981231,8,19920101,19980802
0,4,48,2,3,6,4,19940101,19961231,5,19950101,19971231,6,19940101,19941231,8,19920101,19980802
0,1,3,2,6,10,4,19920102,19981201,5,19940101,19940710,6,19920103,19981231,8,19940101,19941231
0,3,5,2,6,9,4,19920102,19981201,5,19920131,19981031,6,19930101,19930331,8,19920101,19980802
0,7,39,2,9,10,4,19970101,19971231,5,19960101,19961231,6,19920103,19981231,8,19950101,19961231
0,41,42,2,6,7,4,19970101,19971231,5,19920131,19981031,6,19920103,19981231,8,19920101,19980802
0,38,43,2,9,10,4,19940101,19961231,5,19940101,19961231,6,19960101,19960331,8,19920101,19980802
0,3,19,2,0,10,4,19970101,19971231,5,19980101,19980228,6,19960101,19971231,8,19920101,19980802
0,49,50,2,0,2,4,19920102,19981201,5,19970101,19971010,6,19920103,19981231,8,19930816,19971231
0,1,50,2,7,8,4,19930101,19961231,5,19920131,19981031,6,19970101,19971231,8,19950101,19961231
0,12,23,2,8,9,4,19920102,19981201,5,19920131,19981031,6,19970101,19971231,8,19960301,19961231
0,8,18,2,9,10,4,19920102,19981201,5,19920131,19981031,6,19960101,19961231,8,19950101,19951231
0,49,50,2,7,9,4,19920102,19981201,5,19940101,19941231,6,19920103,19981231,8,19940101,19941231
0,34,39,2,0,10,4,19970101,19971231,5,19960101,19961231,6,19970101,19980731,8,19960101,19961231
0,41,44,2,8,10,4,19960101,19971231,5,19920131,19981031,6,19920103,19981231,8,19970101,19970331
0,25,28,2,0,10,4,19920102,19981201,5,19950101,19950131,6,19930101,19961231,8,19920101,19980802
0,44,46,2,1,4,4,19941001,19971231,5,19920131,19981031,6,19960101,19961231,8,19930101,19951231
0,36,49,2,0,3,4,19930101,19931231,5,19920131,19981031,6,19940101,19951231,8,19920101,19980802
0,1,50,2,5,7,4,19970101,19971231,5,19940101,19961130,6,19920103,19981231,8,19950101,19961231
0,2,12,2,0,7,4,19950101,19961231,5,19970101,19980511,6,19960101,19971231,8,19920101,19980802
0,18,39,2,8,10,4,19960101,19961231,5,19970101,19971231,6,19920103,19981231,8,19920101,19980802
0,47,48,2,0,10,4,19930101,19961231,5,19920131,19981031,6,19950101,19961231,8,19940801,19941231
0,1,50,2,9,10,4,19930101,19961231,5,19920131,19981031,6,19970101,19971231,8,19930401,19961231
0,31,36,2,0,10,4,19920102,19981201,5,19950101,19971231,6,19980101,19981031,8,19960101,19971231
0,1,50,2,2,7,4,19960101,19971231,5,19930101,19971231,6,19920103,19981231,8,19940101,19950930
0,1,50,2,9,10,4,19940101,19961231,5,19920131,19981031,6,19970101,19970930,8,19920101,19980802
0,33,42,2,8,10,4,19950101,19971231,5,19920131,19981031,6,19941004,19981031,8,19930101,19941231
0,32,33,2,9,10,4,19950101,19951231,5,19920131,19981031,6,19920103,19981231,8,19920101,19980802
0,39,40,2,5,7,4,19970101,19971231,5,19970101,19971231,6,19970101,19971231,8,19920101,19980802
0,44,45,2,3,4,4,19920102,19981201,5,19960101,19961231,6,19920103,19981231,8,19920101,19980802
0,35,36,2,2,7,4,19960101,19961231,5,19920131,19981031,6,19920103,19981231,8,19950101,19951231
0,49,50,2,9,10,4,19960101,19961231,5,19920131,19981031,6,19920103,19981231,8,19940101,19971231
0,1,50,2,8,10,4,19940101,19951231,5,19960101,19971231,6,19940101,19951231,8,19920101,19980802
0,22,47,2,6,9,4,19940101,19941231,5,19920131,19981031,6,19950101,19980801,8,19920101,19980802
0,1,50,2,9,10,4,19960101,19961231,5,19940101,19951231,6,19960101,19961231,8,19950101,19961231
0,1,50,2,9,10,4,19940201,19971231,5,19980101,19980331,6,19920103,19981231,8,19920101,19980802
0,17,19,2,5,10,4,19920102,19981201,5,19920131,19981031,6,19960101,19971231,8,19930101,19951231
0,11,29,2,7,10,4,19940101,19980731,5,19970101,19971231,6,19980101,19980930,8,19920101,19980802
0,1,50,2,7,10,4,19980101,19980331,5,19950101,19971130,6,19920103,19981231,8,19920101,19980802
0,4,19,2,7,10,4,19940101,19941231,5,19920131,19981031,6,19950101,19951231,8,19920101,19980802
0,2,8,2,0,10,4,19951026,19961231,5,19920131,19981031,6,19940101,19961231,8,19961001,19971231
0,17,46,2,6,8,4,19920102,19981201,5,19970101,19971231,6,19950101,19961231,8,19950101,19971231
0,47,49,2,8,9,4,19920102,19981201,5,19930101,19971231,6,19970101,19971231,8,19940101,19970531
0,48,49,2,0,10,4,19960101,19971231,5,19920131,19981031,6,19960101,19961231,8,19950401,19951231
0,1,50,2,9,10,4,19950101,19970731,5,19970101,19971231,6,19960101,19961231,8,19940101,19961231
0,43,44,2,7,8,4,19950101,19951231,5,19950101,19980622,6,19920103,19981231,8,19940101,19951231
0,1,50,2,2,3,4,19940101,19951231,5,19920131,19981031,6,19960101,19971231,8,19920101,19980802
0,3,36,2,7,9,4,19980101,19980630,5,19960818,19971231,6,19920103,19981231,8,19920101,19980802
0,34,50,2,0,10,4,19920102,19981201,5,19960101,19961231,6,19950101,19951231,8,19950101,19971231
0,24,43,2,6,8,4,19960101,19961231,5,19930101,19951231,6,19950101,19971231,8,19920101,19980802
0,47,49,2,0,10,4,19920102,19981201,5,19930101,19941231,6,19941204,19951231,8,19920101,19980802
0,1,50,2,5,8,4,19920102,19981201,5,19960101,19971231,6,19950101,19951231,8,19920101,19980802
0,24,43,2,7,10,4,19970101,19970320,5,19950101,19961231,6,19920103,19981231,8,19920101,19980802
0,1,50,2,9,10,4,19940101,19961231,5,19920418,19971231,6,19970101,19971231,8,19950101,19971231
0,49,50,2,3,4,4,19970101,19971231,5,19960101,19971231,6,19920103,19981231,8,19920101,19980802
0,19,28,2,3,10,4,19920102,19981201,5,19940101,19941231,6,19930101,19931231,8,19920101,19980802
0,22,40,2,9,10,4,19920102,19981201,5,19920131,19981031,6,19930101,19950430,8,19950101,19961231
0,37,45,2,9,10,4,19920102,19981201,5,19920131,19981031,6,19950101,19951231,8,19930101,19941231
0,25,33,2,3,7,4,19930101,19980731,5,19980101,19980823,6,19960101,19980203,8,19920101,19980802
0,1,50,2,8,10,4,19920102,19981201,5,19960101,19971231,6,19930101,19951231,8,19920101,19980802
0,24,37,2,0,1,4,19950101,19951231,5,19920131,19981031,6,19920103,19981231,8,19930101,19941231
0,43,46,2,0,10,4,19920102,19981201,5,19970101,19971231,6,19980101,19980131,8,19920101,19980802
0,1,50,2,9,10,4,19950101,19951231,5,19920131,19981031,6,19960101,19971231,8,19940101,19961231
0,38,47,2,0,10,4,19940101,19941231,5,19930101,19980228,6,19950101,19971231,8,19920101,19980802
0,28,32,2,0,10,4,19960101,19961231,5,19950101,19951231,6,19940101,19961231,8,19950101,19951231
0,32,43,2,6,9,4,19940101,19961231,5,19970101,19971231,6,19920103,19981231,8,19920101,19980802
0,36,41,2,7,8,4,19920102,19981201,5,19960101,19960430,6,19920103,19981231,8,19950601,19951231
0,44,46,2,0,10,4,19920102,19981201,5,19940101,19941231,6,19950101,19961231,8,19940101,19951231
0,25,28,2,0,10,4,19920102,19981201,5,19950101,19961231,6,19970101,19971231,8,19920101,19980802
0,1,50,2,7,8,4,19960101,19961231,5,19970101,19971231,6,19960101,19971231,8,19920101,19980802
0,10,45,2,3,5,4,19950101,19961231,5,19940101,19941231,6,19930101,19971231,8,19920101,19980802
0,40,47,2,0,10,4,19940101,19971231,5,19970101,19971231,6,19940101,19961231,8,19920101,19980802
0,35,36,2,4,6,4,19920102,19981201,5,19920131,19981031,6,19930601,19961231,8,19960101,19961231
0,43,44,2,2,8,4,19980701,19980826,5,19920131,19981031,6,19920103,19981231,8,19920101,19980802
0,1,7,2,9,10,4,19920102,19981201,5,19960101,19971231,6,19920103,19981231,8,19950101,19951231
0,39,45,2,0,10,4,19961201,19961231,5,19930101,19961231,6,19950101,19961231,8,19950101,19971231
0,1,50,2,5,6,4,19920102,19981201,5,19950101,19961231,6,19970121,19971231,8,19920101,19980802
0,28,30,2,4,5,4,19940101,19961231,5,19920701,19961231,6,19920103,19981231,8,19960601,19971231
0,23,25,2,0,10,4,19950101,19951231,5,19940101,19960630,6,19920103,19981231,8,19950101,19950223
0,1,50,2,8,9,4,19940101,19961231,5,19970101,19971231,6,19940101,19961231,8,19920101,19980802
0,13,15,2,1,10,4,19921001,19971231,5,19940101,19971231,6,19951204,19951231,8,19920101,19980802
0,38,40,2,8,10,4,19920102,19981201,5,19940101,19961231,6,19920103,19981231,8,19930101,19940607
0,49,50,2,0,10,4,19931215,19960531,5,19950101,19951231,6,19931001,19951231,8,19930101,19941231
0,46,47,2,0,7,4,19920102,19981201,5,19920131,19981031,6,19970101,19971231,8,19960201,19961231
0,1,50,2,6,7,4,19970101,19971231,5,19980101,19980531,6,19970101,19971231,8,19920101,19980802
0,26,40,2,0,10,4,19920102,19981201,5,19960101,19961231,6,19950101,19951231,8,19920101,19980802
0,38,44,2,6,8,4,19950101,19951231,5,19920131,19981031,6,19920103,19981231,8,19940101,19941231
0,40,49,2,0,10,4,19920102,19981201,5,19980101,19980426,6,19970101,19971231,8,19920101,19980802
0,31,46,2,4,6,4,19930101,19941231,5,19950101,19961231,6,19920103,19981231,8,19920101,19980802
0,23,28,2,4,7,4,19920102,19981201,5,19920131,19981031,6,19960101,19971231,8,19950101,19951231
0,48,49,2,6,10,4,19920102,19981201,5,19950918,19951231,6,19920103,19981231,8,19930101,19971231
0,11,27,2,9,10,4,19920102,19981201,5,19950101,19951231,6,19960101,19971231,8,19940101,19951231
0,17,37,2,7,8,4,19950101,19971231,5,19940626,19941231,6,19920103,19981231,8,19930101,19951231
0,48,49,2,0,10,4,19940101,19941231,5,19920131,19981031,6,19920103,19981231,8,19930101,19931231
0,42,43,2,4,5,4,19940101,19961231,5,19930101,19941231,6,19920103,19981231,8,19930101,19941231
0,1,50,2,7,8,4,19960101,19971231,5,19950101,19951231,6,19920103,19981231,8,19920101,19980802
0,6,38,2,3,7,4,19920102,19981201,5,19970101,19971231,6,19960101,19961231,8,19940601,19980131
0,39,47,2,0,2,4,19920102,19981201,5,19970101,19971231,6,19971017,19971231,8,19920101,19980802
0,1,50,2,9,10,4,19920102,19981201,5,19980101,19980718,6,19971001,19971231,8,19930101,19971231
0,13,16,2,0,10,4,19950101,19971231,5,19920131,19981031,6,19980101,19980531,8,19920101,19980802
0,8,28,2,8,9,4,19961201,19971231,5,19950101,19961231,6,19920103,19981231,8,19920101,19980802
0,20,42,2,3,4,4,19960101,19961231,5,19940101,19951231,6,19960101,19971231,8,19920101,19980802
0,1,50,2,9,10,4,19950101,19951231,5,19960101,19971231,6,19920103,19981231,8,19931129,19951231
0,1,50,2,4,8,4,19920102,19981201,5,19980101,19980131,6,19970101,19971231,8,19950101,19971231
0,23,39,2,8,10,4,19960512,19961231,5,19970101,19971231,6,19920103,19981231,8,19920101,19980802
0,31,47,2,0,10,4,19920102,19981201,5,19940101,19961130,6,19970101,19971231,8,19920101,19980802
0,27,33,2,0,10,4,19920102,19981201,5,19950101,19960920,6,19940101,19941231,8,19920101,19980802
0,34,40,2,0,10,4,19980101,19980228,5,19970101,19971231,6,19920103,19981231,8,19921001,19971112
0,1,50,2,6,8,4,19920102,19981201,5,19970101,19971231,6,19940101,19961231,8,19930101,19971231
0,30,44,2,7,10,4,19920102,19981201,5,19950101,19961231,6,19970101,19970831,8,19960101,19961231
0,47,48,2,8,9,4,19920102,19981201,5,19950301,19951231,6,19950101,19971231,8,19920101,19980802
0,36,38,2,9,10,4,19920102,19981201,5,19980101,19980731,6,19920103,19981231,8,19920101,19980802
0,31,32,2,0,10,4,19920102,19981201,5,19960101,19971231,6,19950101,19961231,8,19940101,19951231
0,7,35,2,2,7,4,19920102,19981201,5,19970101,19971231,6,19960101,19961231,8,19920101,19980802
0,41,47,2,2,8,4,19920102,19981201,5,19970101,19971231,6,19980101,19980209,8,19970101,19971231
0,20,46,2,0,3,4,19930101,19951231,5,19960101,19970831,6,19960101,19971231,8,19920101,19980802
0,1,50,2,4,6,4,19960101,19971231,5,19970101,19971231,6,19980101,19980831,8,19920101,19980802
0,49,50,2,7,9,4,19920102,19981201,5,19920131,19981031,6,19950101,19961231,8,19960101,19971231
0,1,7,2,0,10,4,19960101,19961231,5,19950101,19970331,6,19970101,19971231,8,19920101,19980802
0,26,32,2,0,10,4,19920102,19981201,5,19970101,19971231,6,19951001,19961231,8,19920101,19980802
0,30,33,2,2,10,4,19920102,19981201,5,19971113,19971231,6,19920103,19981231,8,19960101,19971106
0,1,50,2,0,10,4,19940101,19971231,5,19940101,19951231,6,19950101,19951231,8,19951101,19961231
0,9,37,2,7,9,4,19960101,19971231,5,19940101,19951231,6,19920103,19981231,8,19920101,19980802
0,40,42,2,8,9,4,19950101,19961231,5,19920131,19981031,6,19920103,19981231,8,19960101,19961224
0,21,24,2,0,10,4,19960101,19961231,5,19970101,19971231,6,19920103,19981231,8,19920101,19980802
0,6,23,2,0,10,4,19980101,19980329,5,19980301,19980731,6,19920103,19981231,8,19970101,19971231
0,33,48,2,9,10,4,19920102,19981201,5,19940101,19941231,6,19950101,19971231,8,19920101,19980802
0,25,29,2,0,5,4,19920102,19981201,5,19960101,19980806,6,19930101,19971231,8,19930101,19951231
0,43,46,2,5,7,4,19940101,19980930,5,19960101,19961231,6,19920103,19981231,8,19940101,19960229
0,27,37,2,0,10,4,19940101,19951231,5,19920131,19981031,6,19960101,19971231,8,19950101,19961231
0,6,35,2,6,8,4,19930101,19951231,5,19920131,19981031,6,19960101,19961231,8,19920101,19980802
0,44,47,2,0,10,4,19950101,19971231,5,19940101,19961231,6,19970101,19971231,8,19920101,19980802
0,17,35,2,1,4,4,19950101,19951231,5,19920131,19981031,6,19960101,19971231,8,19920101,19980802
0,27,31,2,2,4,4,19940101,19961231,5,19951101,19951231,6,19920103,19981231,8,19921101,19961231
0,40,43,2,0,10,4,19920102,19981201,5,19970101,19971231,6,19940101,19970127,8,19950101,19961231
0,6,10,2,1,9,4,19960101,19961231,5,19950101,19951231,6,19920103,19981231,8,19920101,19980802
0,13,15,2,3,7,4,19920102,19981201,5,19970101,19980430,6,19920103,19981231,8,19960101,19961231
0,44,45,2,4,9,4,19920102,19981201,5,19920131,19981031,6,19970101,19971231,8,19960101,19961231
0,22,34,2,3,10,4,19940101,19941231,5,19920131,19981031,6,19950101,19961231,8,19920101,19980802
0,49,50,2,3,5,4,19920102,19981201,5,19940201,19961231,6,19960101,19961231,8,19960101,19961231
0,4,33,2,8,9,4,19920102,19981201,5,19920131,19981031,6,19960101,19960131,8,19930101,19951231
0,3,25,2,3,8,4,19920102,19981201,5,19960101,19961231,6,19940101,19951231,8,19920101,19980802
0,15,22,2,4,9,4,19940101,19941231,5,19940504,19961231,6,19920103,19981231,8,19941001,19941231
0,25,33,2,0,9,4,19930101,19941231,5,19950101,19951231,6,19920103,19981231,8,19920101,19980802
0,24,38,2,0,10,4,19930101,19961231,5,19950101,19961231,6,19970101,19971231,8,19920101,19980802
0,36,38,2,8,9,4,19960101,19980228,5,19970101,19971231,6,19970101,19971231,8,19920101,19980802
0,48,50,2,2,7,4,19920102,19981201,5,19920131,19981031,6,19920103,19981231,8,19950301,19950429
0,25,28,2,0,10,4,19940101,19941231,5,19941201,19971231,6,19930101,19941231,8,19920101,19980802
0,1,50,2,7,8,4,19950101,19951231,5,19940101,19951231,6,19960101,19971231,8,19920101,19980802
0,1,50,2,2,3,4,19970101,19971231,5,19921025,19961231,6,19960210,19981222,8,19940101,19961231
0,31,32,2,9,10,4,19960101,19971231,5,19920131,19981031,6,19960201,19961231,8,19920101,19980802
0,14,29,2,6,9,4,19920102,19981201,5,19940101,19940131,6,19930101,19961231,8,19930101,19941231
0,28,42,2,3,8,4,19940101,19961231,5,19920131,19981031,6,19970101,19971231,8,19920101,19980802
0,1,50,2,3,4,4,19970101,19971122,5,19950101,19961231,6,19960302,19970420,8,19940101,19971231
0,1,50,2,1,4,4,19920102,19981201,5,19960101,19961231,6,19940401,19951231,8,19930101,19961231
0,1,50,2,2,3,4,19950101,19951231,5,19950101,19951231,6,19960101,19961231,8,19920101,19980802
0,14,42,2,5,6,4,19930101,19941231,5,19920131,19981031,6,19950101,19961231,8,19920101,19980802
0,1,50,2,9,10,4,19950101,19981113,5,19980101,19980930,6,19951001,19971231,8,19920101,19980802
0,40,48,2,8,9,4,19920102,19981201,5,19920131,19981031,6,19980601,19980731,8,19920101,19980802
0,1,31,2,7,10,4,19930101,19941231,5,19950101,19971231,6,19920103,19981231,8,19920101,19980802
0,33,48,2,4,10,4,19920102,19981201,5,19980101,19980502,6,19970301,19971231,8,19970101,19971231
0,18,19,2,9,10,4,19930101,19971231,5,19920131,19981031,6,19940101,19941231,8,19920101,19980802
0,47,50,2,9,10,4,19920901,19921231,5,19920131,19981031,6,19920103,19981231,8,19920101,19980802
0,20,24,2,0,10,4,19970101,19981009,5,19960101,19961231,6,19920103,19981231,8,19940101,19961231
0,46,49,2,4,8,4,19920102,19981201,5,19920131,19981031,6,19950101,19961231,8,19960717,19961231
0,22,23,2,7,8,4,19920102,19981201,5,19940101,19970131,6,19920103,19981231,8,19950521,19951231
0,33,39,2,7,8,4,19920102,19981201,5,19920131,19981031,6,19950101,19961231,8,19960801,19961231
0,47,48,2,2,3,4,19920102,19981201,5,19920131,19981031,6,19920103,19981231,8,19930101,19931231
0,28,39,2,5,10,4,19940101,19951231,5,19960101,19961231,6,19920103,19981231,8,19920101,19980802
0,25,41,2,3,8,4,19920102,19981201,5,19920131,19981031,6,19930101,19930117,8,19920101,19980802
0,49,50,2,2,3,4,19930101,19941231,5,19920131,19981031,6,19920103,19981231,8,19940101,19951231
0,15,49,2,7,8,4,19960101,19971231,5,19920131,19981031,6,19980101,19980831,8,19940101,19971231
0,18,23,2,5,8,4,19970101,19971231,5,19920131,19981031,6,19920103,19981231,8,19950101,19961231
0,40,46,2,2,6,4,19920102,19981201,5,19930801,19931231,6,19940101,19971231,8,19920101,19980802
0,42,44,2,0,10,4,19920102,19981201,5,19920131,19981031,6,19980101,19980131,8,19950101,19980630
0,42,43,2,7,8,4,19920102,19981201,5,19920131,19981031,6,19970101,19971231,8,19920101,19980802
0,40,49,2,4,10,4,19940101,19961231,5,19920131,19981031,6,19970101,19971231,8,19920101,19980802
0,20,21,2,6,8,4,19920102,19981201,5,19920131,19981031,6,19940101,19961231,8,19960101,19961231
0,1,50,2,9,10,4,19960101,19971231,5,19980101,19980226,6,19920103,19981231,8,19960101,19971231
0,18,24,2,6,8,4,19920102,19981201,5,19920131,19981031,6,19920103,19981231,8,19980101,19980228
0,31,39,2,0,10,4,19940101,19961231,5,19970101,19971231,6,19920103,19981231,8,19920101,19980802
0,14,15,2,6,10,4,19920102,19981201,5,19940101,19950430,6,19950101,19961231,8,19930101,19951031
0,47,49,2,1,5,4,19970101,19970323,5,19950101,19971231,6,19950101,19971231,8,19920101,19980802
0,1,50,2,5,7,4,19950101,19961231,5,19960201,19961231,6,19970101,19971231,8,19920101,19980802
0,9,10,2,8,10,4,19920102,19981201,5,19950101,19961231,6,19920103,19981231,8,19960101,19971231
0,38,40,2,0,10,4,19920102,19981201,5,19971101,19971231,6,19930101,19971231,8,19920101,19980802
0,42,48,2,0,10,4,19930101,19961231,5,19960101,19971231,6,19930101,19951231,8,19950101,19951231
0,1,50,2,3,4,4,19940101,19961231,5,19970101,19971231,6,19940101,19961231,8,19960101,19971231
0,1,50,2,3,5,4,19920102,19981201,5,19960101,19971231,6,19940101,19951231,8,19950101,19971231
0,36,42,2,4,7,4,19920102,19981201,5,19980101,19980913,6,19920103,19981231,8,19960101,19971231
0,14,28,2,6,9,4,19960101,19971231,5,19960101,19960202,6,19940101,19971231,8,19920101,19980802
0,45,49,2,0,10,4,19960101,19971231,5,19920131,19981031,6,19971205,19971231,8,19920101,19980802
0,26,50,2,9,10,4,19920102,19981201,5,19940101,19951231,6,19960101,19971231,8,19950101,19951231
0,41,50,2,0,10,4,19940101,19951231,5,19960101,19961231,6,19920103,19981231,8,19920101,19980802
0,40,49,2,0,10,4,19950101,19951231,5,19960101,19971231,6,19920103,19981231,8,19920101,19980802
0,17,19,2,7,8,4,19950101,19971231,5,19950101,19951118,6,19920103,19981231,8,19920101,19980802
0,21,24,2,8,10,4,19920102,19981201,5,19970101,19971231,6,19920103,19981231,8,19930101,19961231
0,45,46,2,0,6,4,19960101,19971231,5,19960101,19961231,6,19960101,19971231,8,19960701,19961231
0,7,28,2,0,2,4,19930101,19941231,5,19950101,19961231,6,19920103,19981231,8,19930101,19950731
0,34,48,2,0,10,4,19970101,19971231,5,19950801,19971231,6,19980101,19980930,8,19920101,19980802
0,18,32,2,2,8,4,19950101,19970228,5,19920131,19981031,6,19920103,19981231,8,19970101,19971231
0,15,17,2,1,3,4,19920102,19981201,5,19980101,19980630,6,19920103,19981231,8,19920101,19980802
0,7,40,2,4,6,4,19970301,19971231,5,19980101,19980712,6,19920103,19981231,8,19920101,19980802
0,1,50,2,8,9,4,19940101,19961231,5,19950620,19971231,6,19970101,19971231,8,19920101,19980802
0,20,25,2,0,10,4,19930101,19941231,5,19920131,19981031,6,19950101,19951231,8,19930101,19971231
0,1,50,2,6,7,4,19930101,19971231,5,19970101,19971231,6,19960401,19961231,8,19930101,19971231
0,49,50,2,5,6,4,19920102,19981201,5,19970101,19971231,6,19920103,19981231,8,19950101,19971231
0,28,47,2,7,8,4,19960101,19961031,5,19930101,19951231,6,19920103,19981231,8,19930101,19961231
0,15,47,2,0,4,4,19920102,19981201,5,19920131,19981031,6,19920103,19981231,8,19980523,19980531
0,47,49,2,0,10,4,19920102,19981201,5,19950101,19961231,6,19930101,19961231,8,19940101,19941231
0,38,49,2,0,10,4,19920102,19981201,5,19950101,19971231,6,19930101,19941231,8,19920101,19980802
0,45,48,2,9,10,4,19920102,19981201,5,19950101,19971231,6,19950101,19960901,8,19960101,19971231
0,10,20,2,0,10,4,19920102,19981201,5,19970101,19971231,6,19940101,19961231,8,19940101,19961231
0,18,39,2,0,10,4,19930101,19951231,5,19960101,19971231,6,19960101,19961228,8,19920101,19980802
0,16,49,2,9,10,4,19970101,19971231,5,19960101,19961231,6,19940101,19971231,8,19920101,19980802
0,17,43,2,0,10,4,19980101,19980831,5,19960101,19971231,6,19920103,19981231,8,19960101,19971001
0,1,50,2,1,2,4,19960101,19961231,5,19940101,19951231,6,19920103,19981231,8,19920101,19980802
0,37,49,2,7,10,4,19960101,19971231,5,19950101,19951231,6,19920103,19981231,8,19920101,19980802
0,25,40,2,4,6,4,19950101,19951231,5,19960101,19961231,6,19920103,19981231,8,19930101,19971231
0,1,50,2,8,9,4,19940101,19951231,5,19960101,19961231,6,19920103,19981231,8,19940624,19961231
0,2,38,2,9,10,4,19930101,19941231,5,19950101,19961231,6,19920103,19981231,8,19940101,19941231
0,25,28,2,4,9,4,19950101,19950709,5,19920131,19981031,6,19920103,19981231,8,19940101,19941231
0,48,50,2,9,10,4,19940719,19980531,5,19960101,19961231,6,19960101,19961231,8,19920101,19980802
0,14,23,2,7,10,4,19960101,19961231,5,19930101,19951231,6,19920103,19981231,8,19920101,19980802
0,45,50,2,0,10,4,19940101,19951231,5,19960101,19961101,6,19940101,19971231,8,19950101,19971231
0,29,39,2,0,10,4,19980101,19980228,5,19920131,19981031,6,19920103,19981231,8,19980101,19980612
0,27,29,2,2,10,4,19921201,19921231,5,19920131,19981031,6,19920103,19981231,8,19920101,19980802
0,41,42,2,9,10,4,19970401,19971231,5,19920131,19981031,6,19960101,19971231,8,19920101,19980802
0,20,38,2,7,9,4,19940101,19961231,5,19970101,19971231,6,19920103,19981231,8,19920101,19980802
0,29,37,2,6,10,4,19960101,19971231,5,19920131,19981031,6,19980101,19980317,8,19950101,19971231
0,16,30,2,8,10,4,19940101,19941231,5,19950101,19961231,6,19920103,19981231,8,19920101,19980802
0,2,24,2,0,10,4,19970301,19971231,5,19950101,19970131,6,19920103,19981231,8,19930101,19970131
0,48,49,2,0,10,4,19950101,19961231,5,19950101,19961231,6,19940701,19951231,8,19940101,19941231
0,1,50,2,7,9,4,19930101,19971031,5,19940101,19961231,6,19930101,19931231,8,19920101,19980802
0,1,50,2,9,10,4,19940101,19961231,5,19920131,19981031,6,19970101,19970531,8,19950101,19961231
0,1,50,2,0,2,4,19920102,19981201,5,19970101,19970123,6,19950101,19961231,8,19960101,19961231
0,17,22,2,7,9,4,19950101,19971231,5,19970901,19971231,6,19950120,19971231,8,19920101,19980802
0,1,50,2,9,10,4,19920102,19981201,5,19950101,19961231,6,19940101,19941231,8,19940201,19971231
0,44,45,2,9,10,4,19920102,19981201,5,19950101,19951231,6,19920103,19981231,8,19920101,19980802
0,38,45,2,0,10,4,19940101,19951231,5,19920131,19981031,6,19960101,19971231,8,19920101,19980802
0,28,34,2,0,10,4,19940101,19941231,5,19920131,19981031,6,19950101,19970331,8,19920901,19951231
0,40,50,2,0,10,4,19950101,19951231,5,19960101,19971231,6,19920103,19981231,8,19950101,19961231
0,42,43,2,8,9,4,19920102,19981201,5,19920131,19981031,6,19970101,19971231,8,19940101,19971231
0,1,50,2,1,2,4,19950101,19971231,5,19940101,19941231,6,19920103,19981231,8,19940101,19951231
0,1,50,2,9,10,4,19950101,19961231,5,19940101,19961231,6,19970101,19970331,8,19920101,19980802
0,12,20,2,0,10,4,19950101,19971231,5,19920131,19981031,6,19980101,19980718,8,19920101,19980802
0,5,18,2,3,7,4,19950101,19951231,5,19920131,19981031,6,19960101,19961231,8,19950101,19961231
0,33,34,2,4,5,4,19920102,19981201,5,19930101,19941231,6,19940101,19941231,8,19940101,19951231
0,32,33,2,2,8,4,19930101,19970930,5,19960101,19971231,6,19920103,19981231,8,19940101,19951231
0,1,50,2,0,3,4,19950101,19971231,5,19970101,19970731,6,19950101,19961231,8,19920101,19980802
0,1,50,2,3,4,4,19960101,19961231,5,19920131,19981031,6,19970101,19981119,8,19950101,19971231
0,1,50,2,7,8,4,19980101,19980630,5,19970101,19971231,6,19920103,19981231,8,19920101,19980802
0,49,50,2,3,5,4,19970101,19971231,5,19920131,19981031,6,19920103,19981231,8,19970101,19980223
0,1,50,2,8,9,4,19940101,19951231,5,19960101,19961231,6,19940101,19951231,8,19920101,19980802
0,41,42,2,7,8,4,19930101,19951231,5,19930609,19971231,6,19950101,19971231,8,19920101,19980802
0,2,18,2,2,6,4,19920102,19981201,5,19970101,19971231,6,19950101,19961231,8,19920101,19980802
0,39,40,2,8,9,4,19920102,19981201,5,19960101,19961231,6,19920103,19981231,8,19920101,19980802
0,24,44,2,3,7,4,19920102,19981201,5,19970301,19971231,6,19920103,19981231,8,19950101,19961231
0,38,39,2,7,8,4,19970701,19971231,5,19960101,19971231,6,19920103,19981231,8,19920101,19980802
0,48,49,2,8,10,4,19920102,19981201,5,19930101,19940831,6,19940101,19951231,8,19920101,19980802
0,2,49,2,8,10,4,19920102,19981201,5,19970101,19971231,6,19931101,19961231,8,19920101,19980802
0,49,50,2,0,10,4,19940101,19961231,5,19920131,19981031,6,19960101,19971231,8,19950301,19951231
0,39,46,2,0,3,4,19920102,19981201,5,19970101,19971231,6,19920103,19981231,8,19930101,19961231
0,1,50,2,8,9,4,19930101,19931231,5,19940112,19971231,6,19920103,19981231,8,19930101,19961231
0,24,47,2,4,9,4,19950101,19951231,5,19940101,19951231,6,19960101,19961231,8,19920101,19980802
0,10,22,2,9,10,4,19950101,19971231,5,19930101,19961231,6,19970101,19971231,8,19920101,19980802
0,31,37,2,0,10,4,19920102,19981201,5,19920131,19981031,6,19980201,19980228,8,19950101,19971231
0,40,44,2,0,10,4,19970101,19971231,5,19930101,19961231,6,19920103,19981231,8,19920101,19980802
0,37,47,2,0,10,4,19960101,19961231,5,19920131,19981031,6,19970101,19971231,8,19920101,19980802
0,23,40,2,0,10,4,19930101,19971231,5,19930101,19971231,6,19980101,19980903,8,19920101,19980802
0,40,42,2,0,10,4,19950101,19971231,5,19970101,19970228,6,19920103,19981231,8,19920101,19980802
0,35,39,2,2,5,4,19940101,19961231,5,19920131,19981031,6,19920103,19981231,8,19930101,19931231
0,36,41,2,0,10,4,19930101,19971231,5,19960101,19961231,6,19970101,19971231,8,19920101,19980802
0,28,35,2,2,3,4,19940101,19950331,5,19920131,19981031,6,19950101,19961231,8,19920101,19980802
0,17,23,2,7,9,4,19980101,19980531,5,19920131,19981031,6,19920103,19981231,8,19950101,19971231
0,35,44,2,0,10,4,19920102,19981201,5,19980101,19980228,6,19970101,19971231,8,19920101,19980802
0,40,41,2,9,10,4,19920102,19981201,5,19930101,19961231,6,19920103,19981231,8,19950101,19951231
0,35,45,2,0,10,4,19930101,19971231,5,19920131,19981031,6,19980101,19980630,8,19950301,19971231
0,1,50,2,7,10,4,19920102,19981201,5,19970101,19971231,6,19930101,19961231,8,19920101,19980802
0,15,50,2,4,6,4,19931005,19951231,5,19960101,19971231,6,19920103,19981231,8,19920101,19980802
0,38,48,2,0,10,4,19920102,19981201,5,19940101,19960229,6,19930101,19931231,8,19920101,19980802
0,28,32,2,0,10,4,19920102,19981201,5,19940101,19951231,6,19960101,19961231,8,19940101,19951231
0,32,34,2,4,5,4,19940101,19971231,5,19970101,19980131,6,19920103,19981231,8,19970101,19980610
0,4,21,2,5,9,4,19960410,19961231,5,19970101,19980531,6,19920103,19981231,8,19920101,19980802
0,25,37,2,9,10,4,19980101,19981130,5,19920131,19981031,6,19920103,19981231,8,19980101,19980131
0,40,41,2,9,10,4,19960101,19961231,5,19960101,19971231,6,19940101,19961231,8,19920101,19980802
0,1,50,2,6,7,4,19940101,19951231,5,19920131,19981031,6,19960101,19971231,8,19950101,19971231
0,31,35,2,0,10,4,19920102,19981201,5,19920131,19981031,6,19920103,19981231,8,19980101,19980131
0,40,41,2,9,10,4,19920102,19981201,5,19960101,19960731,6,19950101,19961231,8,19950101,19961231
0,1,50,2,2,5,4,19920102,19981201,5,19960101,19961231,6,19941101,19951231,8,19950101,19971231
0,6,13,2,0,10,4,19920102,19981201,5,19980101,19980306,6,19940101,19971231,8,19920101,19980802
0,16,19,2,5,7,4,19920102,19981201,5,19940101,19970512,6,19970101,19971202,8,19920101,19980802
0,4,8,2,3,5,4,19920102,19981201,5,19920131,19981031,6,19970101,19971027,8,19950301,19961231
0,21,44,2,5,8,4,19920102,19981201,5,19960101,19961231,6,19950101,19960118,8,19950301,19970630
0,13,26,2,2,8,4,19920102,19981201,5,19950101,19961231,6,19940101,19941231,8,19920101,19980802
0,40,50,2,7,8,4,19920102,19981201,5,19960101,19971231,6,19971105,19971231,8,19920101,19980802
0,46,50,2,0,10,4,19940101,19971231,5,19930101,19931231,6,19940101,19951231,8,19930101,19971231
0,25,43,2,5,7,4,19970101,19971231,5,19940101,19961231,6,19920103,19981231,8,19920101,19980802
0,44,50,2,0,4,4,19920102,19981201,5,19930101,19941231,6,19930101,19931231,8,19920329,19921231
0,32,34,2,0,5,4,19920102,19981201,5,19920131,19981031,6,19950101,19961231,8,19930101,19941231
0,27,47,2,8,9,4,19920102,19981201,5,19920131,19981031,6,19970101,19971231,8,19970901,19971231
0,37,47,2,2,5,4,19930101,19971231,5,19970511,19970531,6,19920103,19981231,8,19920101,19980802
0,28,31,2,1,6,4,19980101,19980228,5,19920131,19981031,6,19940101,19980413,8,19960101,19980331
0,20,47,2,2,7,4,19920102,19981201,5,19980101,19980831,6,19970101,19971231,8,19920101,19980802
0,18,39,2,8,10,4,19950101,19951231,5,19920131,19981031,6,19960101,19961231,8,19920101,19980802
0,1,50,2,7,8,4,19920102,19981201,5,19970101,19971231,6,19950101,19961231,8,19920101,19980802
0,42,45,2,5,7,4,19980101,19980430,5,19920131,19981031,6,19960101,19981222,8,19920101,19980802
0,9,15,2,0,10,4,19960101,19971231,5,19960101,19961231,6,19970201,19971231,8,19920101,19980802
0,40,49,2,2,6,4,19920102,19981201,5,19940101,19961231,6,19970101,19971231,8,19920101,19980802
0,49,50,2,6,7,4,19920102,19981201,5,19960701,19971231,6,19920103,19981231,8,19960101,19961231
0,13,14,2,2,3,4,19920102,19981201,5,19970101,19971231,6,19931101,19981223,8,19920101,19980802
0,41,48,2,0,10,4,19970101,19971231,5,19930101,19971231,6,19980101,19980630,8,19920101,19980802
0,48,49,2,6,7,4,19930101,19931231,5,19930101,19971231,6,19920103,19981231,8,19920101,19980802
0,25,30,2,8,9,4,19920102,19981201,5,19920131,19981031,6,19920103,19981231,8,19980601,19980731
0,7,33,2,6,9,4,19970101,19971231,5,19950101,19961231,6,19920103,19981231,8,19960101,19961231
0,45,46,2,9,10,4,19920102,19981201,5,19920131,19981031,6,19960101,19971231,8,19970101,19971231
0,5,39,2,3,4,4,19940319,19941231,5,19950101,19951231,6,19920103,19981231,8,19920101,19980802
0,1,21,2,7,10,4,19920102,19981201,5,19970101,19971231,6,19940101,19961231,8,19920101,19980802
0,1,50,2,7,10,4,19920102,19981201,5,19950101,19951231,6,19931101,19941231,8,19930101,19941231
0,45,46,2,9,10,4,19920102,19981201,5,19960101,19961231,6,19920103,19981231,8,19930101,19961231
0,36,48,2,0,5,4,19920102,19981201,5,19920131,19981031,6,19950101,19951231,8,19930101,19940930
0,18,36,2,1,4,4,19960101,19970313,5,19930101,19951231,6,19920103,19981231,8,19940101,19971231
0,39,40,2,0,10,4,19920102,19981201,5,19950101,19950331,6,19920103,19981231,8,19920101,19980802
0,16,39,2,4,9,4,19960101,19971231,5,19980101,19980930,6,19970101,19971231,8,19920101,19980802
0,1,50,2,2,3,4,19920102,19981201,5,19950101,19961231,6,19930101,19941231,8,19920101,19980802
0,19,25,2,3,10,4,19980201,19980228,5,19920131,19981031,6,19920103,19981231,8,19970101,19971231
0,5,49,2,9,10,4,19930101,19961231,5,19920131,19981031,6,19970101,19970630,8,19940101,19980107
0,34,43,2,5,7,4,19920102,19981201,5,19940101,19970804,6,19920103,19981231,8,19961101,19961231
0,1,50,2,1,2,4,19930101,19961231,5,19920131,19981031,6,19970101,19971231,8,19920101,19980802
0,17,42,2,4,6,4,19960101,19971231,5,19980101,19980408,6,19920103,19981231,8,19920101,19980802
0,14,48,2,3,4,4,19960101,19961231,5,19920131,19981031,6,19970101,19970624,8,19960101,19961231
0,48,50,2,8,9,4,19970101,19971231,5,19940101,19970531,6,19920103,19981231,8,19920101,19980802
0,1,50,2,7,9,4,19930101,19941231,5,19950101,19951231,6,19950101,19960331,8,19920101,19980802
0,43,45,2,1,9,4,19970101,19971231,5,19920131,19981031,6,19920103,19981231,8,19940416,19961231
0,12,30,2,7,10,4,19920102,19981201,5,19940731,19951231,6,19960101,19961231,8,19920101,19980802
0,23,47,2,0,10,4,19960101,19961231,5,19970101,19971231,6,19970101,19971231,8,19930101,19961231
0,42,43,2,8,10,4,19920102,19981201,5,19920131,19981031,6,19970101,19970731,8,19960101,19980128
0,47,48,2,3,7,4,19980101,19980717,5,19980101,19980729,6,19920103,19981231,8,19920101,19980802
0,1,50,2,3,5,4,19960101,19971231,5,19970101,19980131,6,19980101,19980521,8,19920101,19980802
0,11,25,2,1,4,4,19960101,19961231,5,19930101,19951231,6,19920103,19981231,8,19950101,19951231
0,46,48,2,9,10,4,19920102,19981201,5,19920131,19981031,6,19940101,19941231,8,19940101,19961231
0,49,50,2,4,5,4,19930101,19961231,5,19930101,19931231,6,19920103,19981231,8,19920101,19980802
0,1,50,2,9,10,4,19960424,19961231,5,19960101,19961231,6,19970101,19971231,8,19920101,19980802
0,7,50,2,6,9,4,19920102,19981201,5,19980101,19980831,6,19950101,19971231,8,19970101,19971130
0,11,40,2,2,6,4,19920102,19981201,5,19960101,19961231,6,19950101,19951231,8,19920101,19980802
0,1,50,2,0,2,4,19940101,19961231,5,19970101,19971231,6,19960101,19961231,8,19920101,19980802
0,17,29,2,9,10,4,19970101,19970430,5,19920131,19981031,6,19920103,19981231,8,19970101,19971231
0,1,16,2,8,10,4,19960101,19961231,5,19930101,19951231,6,19920103,19981231,8,19920101,19980802
0,40,49,2,0,10,4,19920102,19981201,5,19980101,19980930,6,19950101,19971231,8,19920101,19980802
0,49,50,2,9,10,4,19920102,19981201,5,19940101,19941231,6,19920103,19981231,8,19920101,19980802
0,37,44,2,0,10,4,19970101,19971231,5,19980101,19980120,6,19920103,19981231,8,19920101,19980802
0,46,49,2,6,9,4,19920102,19981201,5,19940101,19960531,6,19920103,19981231,8,19960101,19961231
0,34,49,2,0,8,4,19920102,19981201,5,19970101,19971231,6,19950101,19961231,8,19940101,19961231
0,47,48,2,1,7,4,19920102,19981201,5,19920131,19981031,6,19920103,19981231,8,19950901,19951231
0,9,22,2,3,7,4,19920102,19981201,5,19960101,19971231,6,19930101,19951231,8,19950101,19960731
0,48,49,2,2,5,4,19960601,19970624,5,19930101,19961231,6,19920103,19981231,8,19920101,19980802
0,17,28,2,8,9,4,19920102,19981201,5,19980101,19980707,6,19920103,19981231,8,19950101,19971231
0,4,16,2,0,10,4,19941201,19961231,5,19970101,19971231,6,19950101,19961231,8,19920101,19980802
0,1,50,2,2,5,4,19920102,19981201,5,19960101,19971231,6,19950301,19951231,8,19920101,19980802
0,21,37,2,0,10,4,19940101,19951231,5,19940101,19941114,6,19950101,19951231,8,19920101,19980802
0,40,50,2,1,10,4,19920102,19981201,5,19960101,19971231,6,19940101,19951231,8,19920101,19980802
0,40,44,2,0,10,4,19960101,19970430,5,19930101,19951231,6,19960101,19971130,8,19920101,19980802
0,11,13,2,4,8,4,19940101,19961231,5,19920131,19981031,6,19960101,19961231,8,19940101,19951231
0,1,50,2,1,3,4,19960101,19961231,5,19970101,19971231,6,19940101,19961231,8,19920101,19980802
0,27,39,2,6,9,4,19920102,19981201,5,19930101,19971231,6,19980101,19980331,8,19950101,19971231
0,12,32,2,4,6,4,19920102,19981201,5,19920601,19941231,6,19950101,19971231,8,19930101,19961231
0,41,49,2,0,10,4,19940101,19971231,5,19930101,19931231,6,19920103,19981231,8,19930101,19950630
0,38,39,2,8,9,4,19930101,19971231,5,19960401,19961231,6,19960101,19961231,8,19920101,19980802
0,29,37,2,0,4,4,19930101,19941231,5,19930101,19931231,6,19940101,19941231,8,19920101,19980802
0,35,49,2,6,9,4,19940101,19951231,5,19920131,19981031,6,19960101,19961231,8,19920101,19980802
0,31,32,2,6,10,4,19920102,19981201,5,19920131,19981031,6,19960101,19961231,8,19930701,19951231
0,32,42,2,8,9,4,19920102,19981201,5,19940101,19950731,6,19950101,19950228,8,19920101,19980802
0,1,50,2,0,5,4,19940101,19951231,5,19960101,19961231,6,19960101,19961231,8,19930101,19961231
0,14,20,2,0,10,4,19960101,19961231,5,19950101,19951231,6,19950101,19971231,8,19950101,19951231
0,17,35,2,0,1,4,19920102,19981201,5,19950101,19961231,6,19970101,19971231,8,19930101,19970430
0,1,50,2,6,7,4,19930101,19941231,5,19920131,19981031,6,19950101,19961231,8,19920101,19980802
0,1,50,2,6,7,4,19920102,19981201,5,19950101,19971231,6,19930101,19941231,8,19920101,19980802
0,34,48,2,7,9,4,19960101,19961231,5,19950101,19951231,6,19960101,19970529,8,19920101,19980802
0,18,27,2,0,10,4,19920102,19981201,5,19960101,19960229,6,19940101,19951231,8,19940101,19980131
0,32,33,2,3,10,4,19920102,19981201,5,19920131,19981031,6,19950101,19961231,8,19940101,19941231
0,12,13,2,0,10,4,19920102,19981201,5,19950101,19970413,6,19970101,19971231,8,19970101,19971231
0,46,48,2,0,10,4,19970101,19971231,5,19920131,19981031,6,19970101,19970531,8,19931201,19961130
0,40,43,2,0,10,4,19970101,19971231,5,19950101,19961231,6,19970101,19971231,8,19950101,19971231
0,19,24,2,1,4,4,19970101,19971231,5,19920131,19981031,6,19920103,19981231,8,19950101,19961231
0,25,40,2,7,9,4,19940101,19971231,5,19920131,19981031,6,19960301,19971231,8,19930314,19951231
0,35,48,2,3,9,4,19960101,19971231,5,19940101,19951231,6,19920103,19981231,8,19920101,19980802
0,31,33,2,6,8,4,19930101,19971231,5,19950101,19971231,6,19920103,19981231,8,19970101,19970430
0,1,50,2,9,10,4,19930101,19951231,5,19960101,19971231,6,19920303,19960809,8,19920101,19980802
0,35,44,2,6,7,4,19940101,19961231,5,19920131,19981031,6,19950101,19950228,8,19920101,19980802
0,1,50,2,7,9,4,19920102,19981201,5,19960101,19961231,6,19950101,19951231,8,19940101,19971130
0,19,28,2,3,5,4,19970101,19981031,5,19920131,19981031,6,19920103,19981231,8,19940101,19961231
0,28,33,2,1,7,4,19960101,19961231,5,19940101,19951231,6,19920103,19981231,8,19950101,19951231
0,27,34,2,0,10,4,19930101,19951231,5,19960101,19970131,6,19920103,19981231,8,19920101,19980802
0,17,32,2,8,10,4,19960101,19961231,5,19930101,19951231,6,19930101,19961231,8,19920101,19980802
0,28,36,2,7,10,4,19920102,19981201,5,19950101,19951231,6,19960101,19971231,8,19940101,19961231
0,49,50,2,4,5,4,19940101,19980403,5,19920131,19981031,6,19970101,19971231,8,19920101,19980802
0,19,27,2,8,9,4,19950101,19971231,5,19920131,19981031,6,19920103,19981231,8,19930101,19941231
0,38,48,2,0,10,4,19920102,19981201,5,19970101,19971231,6,19960101,19961231,8,19920101,19980802
0,47,48,2,9,10,4,19940101,19961231,5,19920131,19981031,6,19920103,19981231,8,19950101,19951231
0,43,48,2,0,10,4,19950101,19971231,5,19940101,19941231,6,19920103,19981231,8,19920101,19980802
0,42,46,2,8,10,4,19920102,19981201,5,19931101,19941231,6,19920103,19981231,8,19930101,19931231
0,26,43,2,3,8,4,19920102,19981201,5,19940101,19971231,6,19930101,19931231,8,19930101,19951231
0,18,20,2,0,1,4,19960101,19960622,5,19940326,19971111,6,19920103,19981231,8,19920101,19980802
0,46,50,2,0,10,4,19960101,19961231,5,19930801,19951231,6,19920103,19981231,8,19920101,19980802
0,44,45,2,2,4,4,19920102,19981201,5,19950201,19971231,6,19920103,19981231,8,19970101,19971231
0,8,9,2,1,6,4,19930101,19961231,5,19950101,19971231,6,19920103,19981231,8,19940101,19941231
0,44,47,2,0,6,4,19950101,19961231,5,19920131,19981031,6,19920103,19981231,8,19930101,19941231
0,14,18,2,5,7,4,19920102,19981201,5,19970101,19971231,6,19920103,19981231,8,19960101,19961231
0,1,50,2,5,7,4,19971126,19971231,5,19960401,19971031,6,19960101,19980331,8,19950101,19980731
0,21,48,2,7,9,4,19950101,19951231,5,19960101,19980131,6,19920103,19981231,8,19950101,19961231
0,10,22,2,9,10,4,19970101,19971231,5,19920131,19981031,6,19920103,19981231,8,19930101,19961231
0,47,50,2,0,10,4,19920102,19981201,5,19920701,19951231,6,19960101,19961231,8,19930101,19971231
0,22,29,2,0,10,4,19930101,19951231,5,19920131,19981031,6,19960101,19971231,8,19940101,19971220
0,1,50,2,8,9,4,19950101,19961231,5,19970101,19971231,6,19930101,19961231,8,19920101,19980802
0,35,49,2,2,10,4,19920102,19981201,5,19920131,19981031,6,19950101,19971231,8,19970101,19970109
0,25,26,2,9,10,4,19920102,19981201,5,19950801,19961231,6,19960101,19961231,8,19920101,19980802
0,7,8,2,0,10,4,19920102,19981201,5,19950101,19951231,6,19940101,19971231,8,19930101,19941231
0,47,48,2,3,4,4,19920102,19981201,5,19920131,19981031,6,19920103,19981231,8,19960101,19961231
0,1,50,2,0,1,4,19920102,19981201,5,19980101,19980228,6,19950101,19971231,8,19940501,19980131
0,19,48,2,8,9,4,19920102,19981201,5,19930101,19941231,6,19950101,19951231,8,19940101,19971231
0,33,41,2,0,10,4,19960101,19971231,5,19920131,19981031,6,19980101,19980531,8,19920101,19980802
0,1,50,2,1,3,4,19920102,19981201,5,19960101,19971231,6,19950101,19951231,8,19920101,19980802
0,35,37,2,5,6,4,19920102,19981201,5,19950101,19961231,6,19960101,19960731,8,19920101,19980802
0,14,43,2,9,10,4,19970101,19971231,5,19950301,19961231,6,19920103,19981231,8,19920101,19980802
0,49,50,2,8,9,4,19920102,19981201,5,19920131,19981031,6,19970101,19980228,8,19930101,19971231
0,2,15,2,8,9,4,19920102,19981201,5,19971201,19971231,6,19920103,19981231,8,19961101,19971231
0,20,44,2,2,9,4,19960101,19961231,5,19960101,19961231,6,19970101,19971231,8,19920101,19980802
0,8,9,2,0,10,4,19970101,19971231,5,19920131,19981031,6,19920103,19981231,8,19970101,19970228
0,14,45,2,9,10,4,19951101,19951231,5,19960101,19961231,6,19920103,19981231,8,19950101,19970910
0,16,34,2,6,9,4,19940101,19961231,5,19950101,19971231,6,19940101,19941231,8,19920101,19980802
0,30,31,2,3,9,4,19980101,19980817,5,19920131,19981031,6,19920103,19981231,8,19930201,19971231
0,21,26,2,0,10,4,19940101,19951231,5,19920131,19981031,6,19960101,19961231,8,19920101,19980802
0,30,41,2,0,10,4,19920102,19981201,5,19980101,19980930,6,19950101,19971231,8,19930201,19971231
0,6,7,2,0,10,4,19930101,19971231,5,19920131,19981031,6,19960101,19970619,8,19930101,19951231
0,1,50,2,0,10,4,19920102,19981201,5,19920131,19981031,6,19940101,19951231,8,19930101,19930831
0,13,50,2,7,8,4,19940101,19961231,5,19970101,19971231,6,19920103,19981231,8,19920101,19980802
0,4,13,2,0,3,4,19970101,19971231,5,19960101,19961231,6,19920103,19981231,8,19920101,19980802
0,4,37,2,7,8,4,19950101,19951231,5,19920131,19981031,6,19960101,19961231,8,19950101,19971231
0,45,46,2,7,8,4,19920102,19981201,5,19940101,19971231,6,19920103,19981231,8,19960101,19961231
0,1,50,2,7,9,4,19920102,19981201,5,19980101,19981024,6,19960101,19971231,8,19920101,19980802
0,12,41,2,2,5,4,19970101,19971231,5,19980101,19980304,6,19930101,19971231,8,19920101,19980802
0,40,48,2,0,10,4,19950101,19971231,5,19930101,19941231,6,19950101,19961231,8,19930101,19970131
0,46,48,2,9,10,4,19920102,19981201,5,19920131,19981031,6,19931101,19961231,8,19960101,19961231
0,30,37,2,0,10,4,19940101,19971231,5,19920131,19981031,6,19970329,19971231,8,19960101,19961231
0,24,43,2,8,9,4,19920102,19981201,5,19960101,19971231,6,19980101,19980930,8,19920101,19980802
0,42,43,2,8,9,4,19970101,19971231,5,19920131,19981031,6,19920103,19981231,8,19920101,19980802
0,39,40,2,2,3,4,19930101,19971231,5,19920131,19981031,6,19940101,19941231,8,19920101,19980802
0,11,29,2,5,8,4,19970101,19971231,5,19950101,19961231,6,19940101,19971231,8,19920101,19980802
0,1,50,2,9,10,4,19920102,19981201,5,19960101,19961231,6,19940101,19951231,8,19920101,19980802
0,1,50,2,2,3,4,19940101,19951231,5,19950101,19960628,6,19960101,19961231,8,19920101,19980802
0,1,50,2,0,10,4,19970101,19971231,5,19930101,19961231,6,19920103,19981231,8,19960527,19960930
0,47,49,2,1,8,4,19920102,19981201,5,19980101,19980616,6,19920103,19981231,8,19970101,19971231
0,1,50,2,7,8,4,19971201,19971231,5,19920131,19981031,6,19930512,19971231,8,19940101,19980430
0,45,47,2,0,10,4,19950101,19971231,5,19970101,19971231,6,19920103,19981231,8,19960101,19961231
0,5,8,2,3,4,4,19920102,19981201,5,19950101,19950930,6,19920103,19981231,8,19950101,19961231
0,47,48,2,9,10,4,19950101,19971231,5,19920614,19951231,6,19940101,19961231,8,19940101,19951231
0,45,46,2,5,6,4,19940101,19941231,5,19940101,19970531,6,19920103,19981231,8,19930101,19951231
0,44,47,2,0,10,4,19960601,19961231,5,19920131,19981031,6,19970101,19971231,8,19960101,19971231
0,47,48,2,8,10,4,19920102,19981201,5,19920131,19981031,6,19960101,19960531,8,19920101,19980802
0,1,50,2,2,3,4,19920102,19981201,5,19970101,19971231,6,19960101,19961231,8,19920101,19980802
0,1,50,2,1,2,4,19950901,19961231,5,19970101,19971231,6,19920103,19981231,8,19920101,19980802
0,43,49,2,9,10,4,19920102,19981201,5,19920131,19981031,6,19970101,19970331,8,19920101,19980802
0,14,44,2,7,9,4,19950101,19971231,5,19940101,19941231,6,19940101,19961231,8,19920101,19980802
0,6,47,2,5,7,4,19940101,19971231,5,19970101,19970515,6,19950301,19961231,8,19920101,19980802
0,49,50,2,8,9,4,19920102,19981201,5,19960101,19971231,6,19920103,19981231,8,19940401,19961231
0,19,26,2,8,9,4,19920102,19981201,5,19960101,19980630,6,19920103,19981231,8,19950101,19951231
0,39,41,2,6,7,4,19920102,19981201,5,19950101,19971231,6,19960901,19971231,8,19970101,19971031
0,40,44,2,4,10,4,19920102,19981201,5,19950101,19961231,6,19970101,19971231,8,19930101,19961231
0,44,50,2,7,10,4,19970101,19971231,5,19940101,19971231,6,19920103,19981231,8,19960101,19961231
0,1,50,2,9,10,4,19920102,19981201,5,19980101,19980731,6,19930101,19971231,8,19970401,19971231
0,47,49,2,0,10,4,19920102,19981201,5,19970101,19971231,6,19970101,19980131,8,19960101,19961231
0,35,44,2,9,10,4,19920102,19981201,5,19950101,19971231,6,19960101,19960229,8,19920101,19980802
0,1,50,2,2,3,4,19930101,19941231,5,19950101,19961231,6,19920103,19981231,8,19940101,19961231
0,20,21,2,6,7,4,19920102,19981201,5,19920131,19981031,6,19960101,19971231,8,19960101,19961231
0,5,11,2,0,10,4,19960101,19971231,5,19950101,19951231,6,19930101,19971231,8,19940101,19971231
0,40,44,2,5,6,4,19920102,19981201,5,19920131,19981031,6,19960101,19960831,8,19960101,19980228
0,11,26,2,0,3,4,19960101,19961231,5,19930101,19951231,6,19960101,19961231,8,19920101,19980802
0,43,45,2,4,7,4,19920102,19981201,5,19980101,19980731,6,19920103,19981231,8,19950101,19971231
0,1,50,2,9,10,4,19920102,19981201,5,19940101,19971231,6,19920301,19931231,8,19920101,19980802
0,27,34,2,1,9,4,19920102,19981201,5,19920131,19981031,6,19960101,19960118,8,19920101,19980802
0,41,43,2,0,10,4,19940101,19980115,5,19980101,19980430,6,19920103,19981231,8,19920101,19980802
0,47,48,2,0,1,4,19950101,19971231,5,19970101,19971231,6,19920103,19981231,8,19970101,19971231
0,48,49,2,7,10,4,19920102,19981201,5,19970701,19971231,6,19970101,19971231,8,19920101,19980802
0,5,7,2,2,3,4,19920102,19981201,5,19920131,19981031,6,19920103,19981231,8,19970801,19971231
0,22,46,2,1,5,4,19950101,19951231,5,19950101,19961231,6,19960101,19970531,8,19950101,19961130
0,13,23,2,0,10,4,19950101,19971231,5,19960101,19961231,6,19950101,19951231,8,19940101,19971231
0,34,42,2,8,9,4,19970101,19980630,5,19920131,19981031,6,19970101,19971231,8,19931227,19961231
0,37,43,2,0,2,4,19920102,19981201,5,19971101,19971231,6,19920103,19981231,8,19940101,19971231
0,1,50,2,1,3,4,19980201,19980430,5,19970101,19971231,6,19920103,19981231,8,19920101,19980802
0,16,25,2,7,10,4,19920102,19981201,5,19940701,19951231,6,19960101,19961231,8,19920101,19980802
0,47,49,2,0,10,4,19920102,19981201,5,19980101,19980206,6,19920103,19981231,8,19940101,19971231
0,46,50,2,3,4,4,19920102,19981201,5,19940101,19940422,6,19930101,19941231,8,19920101,19980802
0,42,48,2,0,10,4,19920102,19981201,5,19960101,19971231,6,19950101,19951231,8,19940101,19961231
0,34,38,2,0,10,4,19970101,19971231,5,19960101,19961231,6,19970101,19971231,8,19930101,19961231
0,1,50,2,9,10,4,19920102,19981201,5,19970101,19971231,6,19940101,19961231,8,19920101,19980802
0,1,50,2,8,9,4,19940101,19941231,5,19950101,19971231,6,19920103,19981231,8,19920101,19980802
0,1,19,2,2,6,4,19970101,19971231,5,19980101,19980731,6,19920103,19981231,8,19970101,19971231
0,41,45,2,0,10,4,19920102,19981201,5,19950101,19961231,6,19970101,19971231,8,19960101,19971231
0,26,43,2,3,8,4,19940101,19971231,5,19920131,19981031,6,19980101,19980831,8,19920101,19980802
0,7,22,2,0,10,4,19920102,19981201,5,19960101,19971231,6,19940101,19951231,8,19930101,19961231
0,3,16,2,9,10,4,19960101,19961231,5,19920131,19981031,6,19950101,19961231,8,19950101,19951231
0,1,50,2,3,5,4,19920102,19981201,5,19970101,19980131,6,19940101,19961231,8,19920101,19980802
0,43,46,2,8,10,4,19970501,19980305,5,19970728,19971231,6,19960101,19971231,8,19920101,19980802
0,6,20,2,8,10,4,19930101,19961231,5,19920906,19921231,6,19920103,19981231,8,19920101,19980802
0,5,40,2,6,7,4,19920102,19981201,5,19940101,19951231,6,19960101,19961231,8,19920101,19980802
0,30,42,2,1,8,4,19940101,19951231,5,19951209,19951231,6,19920103,19981231,8,19950717,19961231
0,35,42,2,0,10,4,19940101,19941231,5,19950101,19951231,6,19920103,19981231,8,19920101,19980802
0,1,50,2,7,8,4,19950101,19971231,5,19930315,19971231,6,19980101,19980831,8,19920101,19980802
0,11,32,2,3,7,4,19960101,19961231,5,19970101,19971231,6,19920103,19981231,8,19960101,19961231
0,1,50,2,9,10,4,19920102,19981201,5,19970101,19970930,6,19960101,19961231,8,19920101,19980802
0,44,45,2,5,8,4,19980101,19981031,5,19930101,19980731,6,19920103,19981231,8,19920101,19980802
0,36,39,2,0,10,4,19930101,19961231,5,19970101,19971231,6,19920103,19981231,8,19920101,19980802
0,1,50,2,8,9,4,19960101,19961231,5,19920131,19981031,6,19970101,19971231,8,19920101,19980802
0,1,50,2,9,10,4,19920102,19981201,5,19970101,19971231,6,19930501,19961231,8,19920101,19980802
0,25,46,2,5,9,4,19941206,19961231,5,19920131,19981031,6,19970101,19971231,8,19950525,19971231
0,14,19,2,0,8,4,19960101,19971231,5,19920131,19981031,6,19980101,19980630,8,19920101,19980802
0,37,41,2,1,2,4,19920102,19981201,5,19970901,19971231,6,19950101,19971231,8,19970101,19971231
0,38,42,2,8,10,4,19920102,19981201,5,19930101,19941231,6,19920103,19981231,8,19921030,19921231
0,36,44,2,0,9,4,19950101,19951231,5,19920131,19981031,6,19960101,19961231,8,19920101,19980802
0,19,33,2,1,4,4,19980101,19980731,5,19970101,19971231,6,19920103,19981231,8,19920101,19980802
0,1,50,2,8,9,4,19950101,19951231,5,19960101,19971231,6,19940101,19961231,8,19950101,19971231
0,30,35,2,0,10,4,19930101,19961231,5,19920131,19981031,6,19970101,19971231,8,19920101,19980802
0,34,35,2,0,10,4,19960101,19961231,5,19960101,19980731,6,19961101,19971231,8,19960331,19961231
0,42,47,2,0,10,4,19920102,19981201,5,19930101,19961231,6,19970101,19970831,8,19940101,19971231
0,33,47,2,9,10,4,19920102,19981201,5,19970101,19970531,6,19920103,19981231,8,19960101,19961231
0,1,50,2,0,10,4,19970101,19971231,5,19930101,19971231,6,19920103,19981231,8,19930510,19960930
0,18,34,2,2,7,4,19960101,19971231,5,19950101,19951231,6,19950101,19961231,8,19920101,19980802
0,14,22,2,0,10,4,19920102,19981201,5,19970101,19971231,6,19950101,19961231,8,19920101,19980802
0,43,49,2,0,10,4,19930101,19951231,5,19960101,19970531,6,19940101,19971231,8,19920101,19980802
0,6,16,2,0,10,4,19960101,19961231,5,19940101,19971231,6,19970101,19971231,8,19920101,19980802
0,1,50,2,1,2,4,19920102,19981201,5,19940101,19980331,6,19930101,19931231,8,19920101,19980802
0,16,18,2,0,10,4,19920102,19981201,5,19970101,19971231,6,19950101,19970228,8,19920101,19980802
0,26,28,2,3,4,4,19920102,19981201,5,19960101,19971231,6,19920103,19981231,8,19970201,19971231
0,25,39,2,0,3,4,19950101,19961231,5,19940601,19941231,6,19940501,19980531,8,19920101,19980802
0,39,43,2,4,8,4,19950101,19971231,5,19940101,19950318,6,19920103,19981231,8,19920101,19980802
0,3,29,2,0,3,4,19940924,19951231,5,19960101,19971231,6,19920103,19981231,8,19920101,19980802
0,24,47,2,4,8,4,19930101,19941231,5,19920131,19981031,6,19950101,19971231,8,19920101,19980802
0,1,50,2,5,7,4,19960101,19971231,5,19970101,19971231,6,19930101,19961231,8,19920101,19980802
0,38,39,2,9,10,4,19970101,19971231,5,19920131,19981031,6,19920103,19981231,8,19920101,19980802
0,13,49,2,7,9,4,19930101,19961231,5,19920131,19981031,6,19970101,19971231,8,19920101,19980802
0,11,30,2,0,10,4,19940101,19941231,5,19920131,19981031,6,19920911,19941231,8,19941101,19980531
0,1,50,2,9,10,4,19960101,19971231,5,19980101,19980531,6,19920103,19981231,8,19920101,19980802
0,1,50,2,8,10,4,19920102,19981201,5,19960101,19971231,6,19930101,19951231,8,19920101,19980802
0,41,48,2,0,10,4,19940101,19961231,5,19950101,19971231,6,19970101,19971231,8,19920101,19980802
0,20,28,2,0,10,4,19960101,19961231,5,19970101,19980228,6,19950101,19961231,8,19920101,19980802
0,28,39,2,0,10,4,19940101,19971231,5,19980101,19980731,6,19960101,19971231,8,19970301,19971231
0,8,29,2,3,9,4,19920102,19981201,5,19940101,19951231,6,19920301,19931231,8,19920101,19980802
0,6,44,2,0,10,4,19950101,19951212,5,19920131,19981031,6,19960101,19971231,8,19930501,19971231
0,30,49,2,5,6,4,19980801,19980831,5,19920131,19981031,6,19920103,19981231,8,19920101,19980802
0,34,37,2,4,10,4,19920102,19981201,5,19930101,19970331,6,19920103,19981231,8,19970101,19971231
0,49,50,2,5,6,4,19920102,19981201,5,19920131,19981031,6,19920103,19981231,8,19960101,19961231
0,28,38,2,0,10,4,19950101,19971231,5,19920131,19981031,6,19980101,19980831,8,19970101,19971231
0,17,18,2,0,4,4,19970101,19971231,5,19970101,19971231,6,19970101,19970731,8,19920101,19980802
0,42,44,2,0,8,4,19920102,19981201,5,19921001,19951231,6,19960101,19961231,8,19920101,19980802
0,38,48,2,5,8,4,19920102,19981201,5,19960101,19961231,6,19970101,19970131,8,19920101,19980802
0,20,31,2,9,10,4,19920102,19981201,5,19980101,19980811,6,19920103,19981231,8,19950201,19971231
0,13,34,2,3,4,4,19950101,19961231,5,19920131,19981031,6,19970101,19971231,8,19920101,19980802
0,1,50,2,6,9,4,19920102,19981201,5,19980101,19980331,6,19930101,19971231,8,19970101,19971231
0,19,20,2,0,10,4,19970101,19971231,5,19930101,19971231,6,19920103,19981231,8,19960101,19961231
0,9,17,2,0,10,4,19961001,19961231,5,19970101,19971231,6,19920103,19981231,8,19920101,19980802
0,39,48,2,0,10,4,19970101,19971231,5,19930101,19961231,6,19920103,19981231,8,19920101,19980802
0,6,14,2,8,9,4,19971001,19980313,5,19920131,19981031,6,19960101,19971231,8,19920101,19980802
0,17,18,2,1,7,4,19920102,19981201,5,19970101,19971231,6,19920103,19981231,8,19931201,19961231
0,28,35,2,0,10,4,19920102,19981201,5,19970101,19971231,6,19960101,19961231,8,19920101,19980802
0,44,50,2,0,10,4,19930101,19931231,5,19920131,19981031,6,19940101,19970731,8,19920101,19980802
0,45,46,2,2,10,4,19920102,19981201,5,19970101,19980630,6,19920103,19981231,8,19971114,19971231
0,36,46,2,4,7,4,19960101,19961231,5,19970101,19971231,6,19930101,19971231,8,19920101,19980802
0,2,7,2,9,10,4,19980101,19980531,5,19980101,19980929,6,19920103,19981231,8,19920101,19980802
0,1,13,2,6,7,4,19970101,19971231,5,19931201,19971231,6,19920103,19981231,8,19940101,19961231
0,38,43,2,1,10,4,19950101,19961231,5,19950101,19951231,6,19960101,19971231,8,19950720,19951231
0,30,38,2,0,10,4,19920102,19981201,5,19980101,19980822,6,19950101,19971231,8,19920101,19980802
0,26,35,2,1,3,4,19920102,19981201,5,19920131,19981031,6,19980101,19980222,8,19920101,19980802
0,44,45,2,8,9,4,19920102,19981201,5,19920131,19981031,6,19920103,19981231,8,19970101,19971231
0,21,25,2,0,10,4,19940101,19971231,5,19920131,19981031,6,19920103,19981231,8,19951128,19951231
0,41,43,2,6,9,4,19951026,19951231,5,19920131,19981031,6,19950101,19961231,8,19920101,19980802
0,1,50,2,6,7,4,19960101,19971231,5,19920331,19951231,6,19920103,19981231,8,19940101,19970430
0,40,46,2,5,6,4,19980101,19980810,5,19920131,19981031,6,19920103,19981231,8,19940101,19971231
0,1,50,2,9,10,4,19950101,19971231,5,19961124,19961231,6,19950101,19961231,8,19950101,19971231
0,1,50,2,9,10,4,19940101,19951231,5,19920131,19981031,6,19960101,19971231,8,19920101,19980802
0,1,50,2,0,5,4,19960101,19980531,5,19920131,19981031,6,19980101,19980104,8,19920101,19980802
0,29,36,2,9,10,4,19920102,19981201,5,19950101,19971231,6,19971101,19971231,8,19920101,19980802
0,49,50,2,2,7,4,19970101,19971231,5,19920131,19981031,6,19920103,19981231,8,19950101,19961231
0,18,48,2,9,10,4,19920102,19981201,5,19940101,19951231,6,19920103,19981231,8,19950101,19950131
0,1,50,2,5,6,4,19920102,19981201,5,19940101,19941231,6,19930619,19931231,8,19930101,19950228
0,46,48,2,4,7,4,19920102,19981201,5,19950101,19971231,6,19920103,19981231,8,19951001,19951231
0,46,47,2,7,8,4,19950101,19951231,5,19920131,19981031,6,19930101,19971231,8,19930101,19961231
0,21,40,2,6,10,4,19940101,19941231,5,19950101,19951231,6,19920103,19981231,8,19940101,19950930
0,16,39,2,0,4,4,19930101,19931231,5,19920131,19981031,6,19940101,19951231,8,19920101,19980802
0,25,34,2,0,10,4,19960101,19971231,5,19930101,19951231,6,19920103,19981231,8,19920101,19980802
0,32,37,2,0,10,4,19960101,19960228,5,19950101,19951231,6,19920103,19981231,8,19930101,19951231
0,10,20,2,6,7,4,19920102,19981201,5,19920131,19981031,6,19980301,19980430,8,19920101,19980802
0,42,45,2,9,10,4,19930101,19970630,5,19920131,19981031,6,19960901,19961231,8,19940101,19971231
0,25,30,2,0,1,4,19950101,19950805,5,19950101,19961231,6,19920103,19981231,8,19950101,19971231
0,29,30,2,5,7,4,19920102,19981201,5,19920131,19981031,6,19920103,19981231,8,19970325,19971231
0,42,49,2,1,10,4,19950101,19951231,5,19920131,19981031,6,19960101,19961231,8,19920101,19980802
0,14,49,2,3,5,4,19950101,19971231,5,19980101,19980420,6,19920103,19981231,8,19920101,19980802
0,20,27,2,7,8,4,19970101,19971231,5,19920131,19981031,6,19970101,19981031,8,19930101,19961231
0,1,50,2,2,5,4,19920102,19981201,5,19980101,19981016,6,19960101,19971231,8,19920101,19980802
0,1,50,2,6,7,4,19980101,19981011,5,19960101,19971231,6,19920103,19981231,8,19930101,19971231
0,49,50,2,7,8,4,19940101,19941031,5,19920131,19981031,6,19940101,19941231,8,19920101,19980802
0,38,46,2,0,10,4,19970101,19971229,5,19950101,19961231,6,19961201,19971231,8,19920101,19980802
0,49,50,2,8,9,4,19920102,19981201,5,19920131,19981031,6,19930101,19970617,8,19960601,19961231
0,1,50,2,5,7,4,19930101,19931231,5,19940101,19961017,6,19940101,19961231,8,19920101,19980802
0,47,49,2,2,3,4,19940301,19971231,5,19920131,19981031,6,19930101,19941231,8,19940101,19960331
0,27,41,2,0,10,4,19960101,19961231,5,19960101,19961231,6,19970101,19970531,8,19920101,19980802
0,38,46,2,4,9,4,19950101,19951231,5,19960101,19961231,6,19920103,19981231,8,19950101,19961231
0,43,49,2,0,10,4,19930101,19931231,5,19940101,19951231,6,19920103,19981231,8,19930101,19941231
0,26,39,2,0,10,4,19920102,19981201,5,19950101,19951231,6,19920212,19941231,8,19920101,19980802
0,1,50,2,7,8,4,19970101,19971231,5,19980101,19980430,6,19920103,19981231,8,19930516,19971231
0,22,47,2,6,8,4,19960101,19961231,5,19920131,19981031,6,19970101,19971231,8,19920101,19980802
0,31,32,2,9,10,4,19940101,19941231,5,19920131,19981031,6,19920103,19981231,8,19920101,19980802
0,12,13,2,1,2,4,19950101,19951231,5,19950101,19970131,6,19920103,19981231,8,19930101,19971231
0,13,31,2,6,10,4,19920102,19981201,5,19940101,19971231,6,19930101,19931231,8,19920101,19980802
0,1,50,2,5,7,4,19940101,19961231,5,19920131,19981031,6,19940201,19961231,8,19930101,19931031
0,32,37,2,1,4,4,19920102,19981201,5,19970101,19970207,6,19960101,19971231,8,19920101,19980802
0,47,49,2,1,7,4,19920102,19981201,5,19970101,19971231,6,19931201,19971231,8,19960901,19961231
0,22,26,2,0,10,4,19960101,19971231,5,19920131,19981031,6,19980101,19980731,8,19940703,19980309
0,30,35,2,0,10,4,19940101,19951231,5,19960101,19961231,6,19950101,19971231,8,19920101,19980802
0,22,23,2,0,10,4,19920102,19981201,5,19920131,19981031,6,19971111,19971231,8,19920101,19980802
0,36,43,2,6,9,4,19940101,19971231,5,19920131,19981031,6,19920103,19981231,8,19930401,19931231
0,16,30,2,0,10,4,19940101,19941231,5,19950101,19951231,6,19950101,19951231,8,19920101,19980802
0,1,50,2,9,10,4,19920102,19981201,5,19950101,19951231,6,19930101,19941231,8,19930101,19941231
0,1,50,2,7,8,4,19940101,19961231,5,19920131,19981031,6,19970101,19971231,8,19920101,19980802
0,28,44,2,0,10,4,19970101,19971231,5,19920131,19981031,6,19980101,19980228,8,19940101,19970930
0,37,42,2,7,10,4,19960101,19970930,5,19970101,19971231,6,19920103,19981231,8,19930101,19961231
0,10,12,2,4,8,4,19920102,19981201,5,19980101,19980430,6,19920103,19981231,8,19930101,19971231
0,47,48,2,7,8,4,19950101,19951231,5,19920131,19981031,6,19940101,19961231,8,19920101,19980802
0,18,27,2,7,9,4,19920102,19981201,5,19960101,19971231,6,19930101,19970430,8,19950101,19951231
0,44,49,2,7,8,4,19940901,19941231,5,19940101,19971231,6,19920103,19981231,8,19940101,19961231
0,26,39,2,4,10,4,19930101,19971231,5,19980101,19980331,6,19920103,19981231,8,19920101,19980802
0,1,50,2,9,10,4,19930101,19961231,5,19970101,19970831,6,19920103,19981231,8,19920101,19980802
0,1,50,2,1,3,4,19980801,19981130,5,19980101,19980630,6,19920103,19981231,8,19920101,19980802
0,43,44,2,3,4,4,19960101,19981031,5,19920131,19981031,6,19970401,19971231,8,19960501,19971231
0,28,37,2,0,10,4,19960401,19961231,5,19920131,19981031,6,19970101,19970228,8,19920101,19980802
0,1,50,2,7,8,4,19960101,19961231,5,19920131,19981031,6,19970101,19971231,8,19940101,19961231
0,1,50,2,3,4,4,19920102,19981201,5,19970101,19971231,6,19950101,19961231,8,19920101,19980802
0,45,46,2,0,10,4,19970101,19971231,5,19920131,19981031,6,19940101,19971231,8,19950101,19961231
0,48,49,2,1,2,4,19920102,19981201,5,19920131,19981031,6,19920103,19981231,8,19960101,19961231
0,5,17,2,0,8,4,19960301,19970430,5,19960101,19971231,6,19920103,19981231,8,19950101,19951231
0,37,39,2,0,2,4,19970101,19970421,5,19920131,19981031,6,19920103,19981231,8,19920101,19980802
0,25,50,2,7,8,4,19960101,19971124,5,19930101,19951231,6,19920103,19981231,8,19920101,19980802
0,43,47,2,0,10,4,19960101,19960116,5,19920131,19981031,6,19920103,19981231,8,19920101,19980802
0,3,14,2,5,8,4,19950101,19951231,5,19920131,19981031,6,19960101,19961231,8,19950101,19961231
0,44,49,2,5,6,4,19970101,19971231,5,19950101,19970531,6,19920103,19981231,8,19920101,19980802
0,12,29,2,0,9,4,19960101,19961231,5,19930101,19961231,6,19970101,19971231,8,19920101,19980802
0,47,48,2,9,10,4,19920102,19981201,5,19950216,19971231,6,19960101,19971231,8,19970101,19971231
0,41,50,2,7,10,4,19960101,19971231,5,19950101,19951231,6,19920103,19981231,8,19950411,19951231
0,1,50,2,9,10,4,19920102,19981201,5,19970101,19971231,6,19950101,19961231,8,19920101,19980802
0,21,26,2,0,10,4,19950101,19961231,5,19940101,19941231,6,19920103,19981231,8,19920101,19980802
0,7,37,2,4,7,4,19960501,19971231,5,19980101,19980911,6,19920103,19981231,8,19920101,19980802
0,16,35,2,2,5,4,19920102,19981201,5,19960101,19961231,6,19930101,19951231,8,19920101,19980802
0,17,19,2,1,4,4,19940101,19980430,5,19920131,19981031,6,19960101,19960430,8,19940101,19961231
0,22,27,2,6,7,4,19920102,19981201,5,19920131,19981031,6,19961013,19961231,8,19920101,19980802
0,49,50,2,9,10,4,19920102,19981201,5,19920131,19981031,6,19970101,19971231,8,19920101,19980802
0,1,50,2,4,9,4,19950101,19961231,5,19970101,19971231,6,19970101,19971231,8,19920101,19980802
0,12,29,2,7,10,4,19940101,19941231,5,19930101,19931231,6,19920103,19981231,8,19920101,19980802
0,22,27,2,5,7,4,19970101,19971231,5,19970101,19980828,6,19960101,19980319,8,19950101,19961231
0,27,34,2,0,10,4,19940101,19951231,5,19960101,19961019,6,19920103,19981231,8,19930601,19951231
0,43,50,2,0,10,4,19940101,19941231,5,19930101,19971231,6,19950101,19971231,8,19920101,19980802
0,1,50,2,5,8,4,19920102,19981201,5,19970101,19971231,6,19930101,19961231,8,19940101,19971231
0,20,27,2,7,10,4,19920102,19981201,5,19950101,19980630,6,19920103,19981231,8,19930101,19941231
0,2,6,2,0,10,4,19940101,19951231,5,19960101,19961231,6,19920103,19981231,8,19940101,19951231
0,48,49,2,0,10,4,19920102,19981201,5,19980101,19980331,6,19920103,19981231,8,19970101,19980501
0,26,35,2,2,7,4,19920102,19981201,5,19960101,19961231,6,19970101,19981227,8,19920101,19980802
0,28,39,2,4,8,4,19970601,19971231,5,19920131,19981031,6,19980101,19980331,8,19920101,19980802
0,24,25,2,8,9,4,19920102,19981201,5,19920131,19981031,6,19970101,19971231,8,19930101,19971231
0,28,48,2,0,10,4,19930101,19970128,5,19940101,19971231,6,19920103,19981231,8,19970101,19971231
0,38,48,2,6,10,4,19960101,19971231,5,19920131,19981031,6,19980101,19980430,8,19920101,19980802
0,8,16,2,5,6,4,19920102,19981201,5,19950101,19950430,6,19920103,19981231,8,19940101,19941231
0,21,34,2,6,10,4,19940101,19961231,5,19970101,19971231,6,19920103,19981231,8,19920101,19980802
0,15,45,2,8,10,4,19920102,19981201,5,19970101,19970701,6,19940101,19961231,8,19960101,19971231
0,1,50,2,8,9,4,19920102,19981201,5,19960101,19971231,6,19930101,19951231,8,19950101,19961231
0,4,50,2,8,9,4,19940101,19951231,5,19960101,19961031,6,19940101,19980630,8,19940101,19971231
0,35,36,2,6,10,4,19920102,19981201,5,19920131,19981031,6,19970101,19971231,8,19930101,19961231
0,47,50,2,4,10,4,19920102,19981201,5,19960101,19970430,6,19920103,19981231,8,19970101,19971231
0,39,41,2,4,6,4,19920102,19981201,5,19920131,19981031,6,19970101,19980228,8,19960101,19961231
0,38,47,2,1,8,4,19980101,19980430,5,19940101,19971231,6,19920103,19981231,8,19940101,19971231
0,16,46,2,0,10,4,19931101,19941231,5,19920131,19981031,6,19920103,19981231,8,19930101,19930729
0,20,29,2,6,8,4,19970101,19971231,5,19971101,19971231,6,19920103,19981231,8,19920101,19980802
0,20,30,2,0,10,4,19941001,19971231,5,19970101,19971231,6,19930301,19961231,8,19920101,19980802
0,39,49,2,9,10,4,19920102,19981201,5,19970101,19971231,6,19920103,19981231,8,19950101,19961231
0,39,40,2,8,10,4,19950101,19971231,5,19940101,19971231,6,19920103,19981231,8,19970101,19971231
0,26,31,2,7,10,4,19920102,19981201,5,19960101,19960430,6,19920103,19981231,8,19940901,19951231
0,1,50,2,3,6,4,19920102,19981201,5,19950101,19950430,6,19940101,19941231,8,19930101,19941231
0,41,49,2,7,9,4,19920102,19981201,5,19951201,19951231,6,19920103,19981231,8,19950101,19980731
0,35,45,2,2,3,4,19970101,19980901,5,19920131,19981031,6,19920103,19981231,8,19960101,19961231
0,20,48,2,9,10,4,19940101,19941231,5,19920131,19981031,6,19950101,19951231,8,19920101,19980802
0,11,33,2,9,10,4,19930101,19971231,5,19960701,19961231,6,19970101,19971231,8,19920101,19980802
0,17,30,2,0,10,4,19950101,19961231,5,19970101,19971231,6,19940628,19961231,8,19950101,19970131
0,27,47,2,0,4,4,19920102,19981201,5,19980101,19980831,6,19940101,19971231,8,19920101,19980802
0,24,39,2,7,8,4,19940101,19951231,5,19920818,19941231,6,19920103,19981231,8,19930226,19931231
0,39,48,2,5,6,4,19960101,19980131,5,19920131,19981031,6,19920103,19981231,8,19950101,19951231
0,18,43,2,4,9,4,19920102,19981201,5,19950101,19951231,6,19940101,19941231,8,19920101,19980802
0,14,17,2,3,8,4,19930101,19980430,5,19920131,19981031,6,19950101,19971231,8,19951201,19960116
0,43,46,2,1,5,4,19960101,19971231,5,19920131,19981031,6,19920103,19981231,8,19950201,19951231
0,16,33,2,1,4,4,19920102,19981201,5,19970101,19971231,6,19950101,19961231,8,19920101,19980802
0,14,17,2,4,6,4,19920102,19981201,5,19920131,19981031,6,19970101,19971231,8,19950101,19961231
0,1,50,2,5,8,4,19970101,19980131,5,19971207,19971231,6,19980101,19980910,8,19920101,19980802
0,1,50,2,0,10,4,19940101,19971231,5,19980126,19980425,6,19960101,19971231,8,19950101,19971231
0,1,50,2,7,8,4,19940101,19941231,5,19920701,19971231,6,19950101,19961231,8,19930101,19971231
0,10,48,2,6,9,4,19920102,19981201,5,19950101,19951231,6,19940913,19941231,8,19920101,19980802
0,45,50,2,0,8,4,19960101,19971231,5,19920131,19981031,6,19920103,19981231,8,19971101,19971231
0,30,39,2,2,6,4,19970101,19971231,5,19960101,19961231,6,19920103,19981231,8,19960613,19971231
0,37,42,2,0,4,4,19920102,19981201,5,19920131,19981031,6,19970101,19970207,8,19960101,19961231
0,48,50,2,2,7,4,19920102,19981201,5,19920131,19981031,6,19960101,19960229,8,19920101,19980802
0,1,50,2,0,6,4,19941101,19951115,5,19960101,19971231,6,19950101,19971231,8,19920101,19980802
0,9,15,2,0,10,4,19970101,19971231,5,19960101,19961231,6,19960101,19971231,8,19920101,19980802
0,5,41,2,2,3,4,19930101,19951231,5,19960101,19961231,6,19920103,19981231,8,19950101,19971231
0,1,50,2,7,8,4,19920102,19981201,5,19970101,19971231,6,19950101,19961231,8,19960101,19971231
0,45,46,2,9,10,4,19970101,19971231,5,19920131,19981031,6,19920103,19981231,8,19950101,19971231
0,1,50,2,5,6,4,19970101,19971231,5,19980101,19980630,6,19970101,19971231,8,19920101,19980802
0,3,16,2,3,10,4,19950101,19971231,5,19980101,19980630,6,19920103,19981231,8,19920101,19980802
0,13,40,2,7,10,4,19950101,19971231,5,19970101,19971231,6,19950101,19961231,8,19920101,19980802
0,35,41,2,0,10,4,19920102,19981201,5,19940101,19970901,6,19930101,19931231,8,19920101,19980802
0,28,29,2,8,9,4,19950101,19951231,5,19920131,19981031,6,19940101,19961231,8,19950501,19971231
0,39,48,2,9,10,4,19980101,19980228,5,19920131,19981031,6,19920103,19981231,8,19920101,19980802
0,46,47,2,3,7,4,19920102,19981201,5,19960101,19970408,6,19970101,19971231,8,19920101,19980802
0,30,35,2,3,10,4,19950101,19961231,5,19950101,19971231,6,19970101,19971231,8,19930101,19961231
0,21,44,2,8,10,4,19960101,19971231,5,19950101,19951231,6,19950101,19971231,8,19920101,19980802
0,26,39,2,0,10,4,19920102,19981201,5,19950101,19971231,6,19960101,19971231,8,19950101,19951009
0,2,22,2,8,9,4,19950101,19971231,5,19930101,19941231,6,19920103,19981231,8,19920101,19980802
0,1,50,2,9,10,4,19940101,19961231,5,19970101,19971231,6,19950101,19961231,8,19920101,19980802
0,1,50,2,9,10,4,19940101,19961231,5,19960101,19971231,6,19970101,19971231,8,19920101,19980802
0,34,38,2,1,2,4,19920102,19981201,5,19920131,19981031,6,19950101,19951231,8,19930101,19941231
0,1,50,2,3,4,4,19920102,19981201,5,19950101,19961231,6,19940101,19950228,8,19950101,19951231
0,1,50,2,3,5,4,19950101,19951231,5,19930101,19951231,6,19960101,19971231,8,19930101,19951231
0,45,47,2,9,10,4,19920102,19981201,5,19970101,19971130,6,19960101,19971231,8,19960101,19971231
0,37,41,2,6,10,4,19920102,19981201,5,19920131,19981031,6,19960901,19961029,8,19950101,19971231
0,22,30,2,0,10,4,19970101,19971231,5,19950101,19961231,6,19920103,19981231,8,19920101,19980802
0,14,21,2,0,10,4,19940128,19961231,5,19970101,19971231,6,19920103,19981231,8,19950101,19971231
0,6,38,2,8,9,4,19920102,19981201,5,19950101,19951231,6,19960101,19961231,8,19920101,19980802
0,42,46,2,0,10,4,19920102,19981201,5,19951201,19961231,6,19970101,19980121,8,19920101,19980802
0,1,10,2,3,8,4,19950101,19950228,5,19950101,19961231,6,19920103,19981231,8,19950101,19971231
0,9,24,2,0,10,4,19970101,19971231,5,19980101,19980518,6,19960101,19971231,8,19920101,19980802
0,41,48,2,8,10,4,19920102,19981201,5,19950101,19950228,6,19940626,19981031,8,19920101,19980802
0,1,50,2,6,9,4,19940101,19941231,5,19950101,19960831,6,19940101,19941231,8,19920101,19980802
0,32,38,2,7,8,4,19920102,19981201,5,19920131,19981031,6,19940101,19941231,8,19930801,19931231
0,24,29,2,0,10,4,19980101,19980329,5,19960101,19971231,6,19920103,19981231,8,19961129,19971231
0,41,42,2,0,10,4,19971029,19971231,5,19931101,19971231,6,19920103,19981231,8,19920101,19980802
0,6,18,2,4,8,4,19940101,19961231,5,19931101,19931231,6,19920103,19981231,8,19920101,19980802
0,49,50,2,0,1,4,19920102,19981201,5,19950101,19961231,6,19950101,19971231,8,19960101,19961231
0,26,45,2,0,2,4,19920102,19981201,5,19960101,19961231,6,19970101,19971231,8,19920101,19980802
0,39,40,2,9,10,4,19970101,19971231,5,19960101,19971231,6,19920103,19981231,8,19920101,19980802
0,15,39,2,7,8,4,19930101,19961231,5,19950101,19951231,6,19960101,19971231,8,19920101,19980802
0,27,47,2,6,7,4,19960101,19961231,5,19940101,19951231,6,19960101,19971231,8,19920101,19980802
0,1,50,2,7,8,4,19930101,19951231,5,19940101,19970331,6,19960101,19961231,8,19930101,19951231
0,30,47,2,3,9,4,19960101,19961231,5,19920131,19981031,6,19970101,19971231,8,19950101,19961231
0,49,50,2,3,6,4,19970101,19970731,5,19970101,19971231,6,19920103,19981231,8,19920101,19980802
0,18,19,2,0,10,4,19970101,19971231,5,19920131,19981031,6,19920103,19981231,8,19950101,19961231
0,1,50,2,9,10,4,19940101,19941231,5,19920131,19981031,6,19950101,19950519,8,19920101,19980802
0,49,50,2,0,1,4,19920102,19981201,5,19920701,19921231,6,19920103,19981231,8,19920101,19980802
0,28,32,2,4,9,4,19920102,19981201,5,19970101,19971231,6,19970101,19971231,8,19950101,19961231
0,16,18,2,7,10,4,19920102,19981201,5,19920131,19981031,6,19940101,19961231,8,19930101,19931231
0,6,19,2,9,10,4,19920102,19981201,5,19960101,19961231,6,19920103,19981231,8,19940101,19951231
0,1,50,2,5,6,4,19940101,19971231,5,19950101,19951231,6,19940101,19941231,8,19930101,19971231
0,47,48,2,5,6,4,19920102,19981201,5,19970101,19971231,6,19920103,19981231,8,19970101,19971231
0,8,16,2,0,10,4,19960101,19971231,5,19950101,19951231,6,19960101,19980831,8,19920101,19980802
0,14,44,2,9,10,4,19940101,19951231,5,19920131,19981031,6,19960101,19971231,8,19920101,19980802
0,42,44,2,6,9,4,19920102,19981201,5,19920131,19981031,6,19950101,19961231,8,19940101,19941231
0,32,36,2,1,9,4,19960101,19961231,5,19950301,19951231,6,19920103,19981231,8,19920101,19980802
0,39,49,2,0,10,4,19920102,19981201,5,19980101,19980831,6,19970101,19971231,8,19920101,19980802
0,15,31,2,0,10,4,19950101,19971231,5,19980101,19980907,6,19940101,19971231,8,19920101,19980802
0,1,7,2,0,8,4,19970101,19971231,5,19960101,19961231,6,19970101,19971231,8,19920101,19980802
0,22,30,2,0,7,4,19970101,19971231,5,19960101,19961231,6,19920103,19981231,8,19920101,19980802
0,27,30,2,0,10,4,19940101,19941231,5,19920131,19981031,6,19950101,19971231,8,19920101,19980802
0,29,36,2,0,10,4,19950101,19971231,5,19940101,19941231,6,19920103,19981231,8,19940101,19971231
0,48,49,2,8,9,4,19970101,19971231,5,19920131,19981031,6,19920103,19981231,8,19970301,19971231
0,36,43,2,4,10,4,19950101,19951231,5,19940101,19941231,6,19950101,19961231,8,19920101,19980802
0,32,36,2,5,10,4,19920102,19981201,5,19980603,19980630,6,19920103,19981231,8,19920101,19980802
0,30,47,2,0,10,4,19970622,19971231,5,19980101,19980828,6,19980101,19980529,8,19970101,19971231
0,41,44,2,0,10,4,19960101,19961231,5,19950101,19951231,6,19950101,19961231,8,19920101,19980802
0,42,46,2,4,8,4,19930101,19971231,5,19920131,19981031,6,19971023,19971231,8,19920101,19980802
0,45,46,2,2,3,4,19940101,19951231,5,19950101,19961231,6,19940101,19961231,8,19920101,19980802
0,28,43,2,3,5,4,19970101,19971231,5,19920131,19981031,6,19980101,19980811,8,19970101,19971231
0,1,50,2,2,5,4,19920102,19981201,5,19950101,19971231,6,19940101,19941231,8,19940101,19970731
0,24,28,2,6,8,4,19920102,19981201,5,19920131,19981031,6,19970101,19971231,8,19950101,19961231
0,49,50,2,9,10,4,19950101,19951231,5,19940101,19951231,6,19940101,19951231,8,19920101,19980802
0,34,39,2,6,8,4,19920102,19981201,5,19930101,19971030,6,19970101,19971231,8,19930101,19961231
0,1,50,2,9,10,4,19960101,19961231,5,19930101,19951231,6,19950101,19971231,8,19920101,19980802
0,42,49,2,0,10,4,19960312,19961231,5,19970101,19980425,6,19960101,19971231,8,19920101,19980802
0,44,49,2,8,9,4,19920102,19981201,5,19920131,19981031,6,19960101,19971231,8,19930101,19951231
0,43,47,2,2,4,4,19920727,19980531,5,19970101,19971231,6,19920103,19981231,8,19950201,19961231
0,26,27,2,0,10,4,19970101,19971231,5,19950101,19971231,6,19970101,19971231,8,19950101,19961231
0,34,48,2,4,8,4,19920102,19981201,5,19950101,19961231,6,19970101,19970531,8,19920101,19980802
0,16,39,2,0,10,4,19930101,19961231,5,19961123,19961231,6,19970101,19971231,8,19920101,19980802
0,36,37,2,6,7,4,19920102,19981201,5,19950101,19951231,6,19920103,19981231,8,19940101,19951231
0,22,36,2,4,8,4,19950101,19971231,5,19930101,19941231,6,19940101,19951031,8,19920422,19951231
0,32,39,2,0,9,4,19940101,19941231,5,19950101,19961231,6,19920103,19981231,8,19930101,19951231
0,12,18,2,9,10,4,19970101,19971231,5,19920131,19981031,6,19960101,19971231,8,19930101,19961231
0,32,34,2,1,7,4,19970101,19971231,5,19920131,19981031,6,19971129,19971231,8,19970101,19971231
0,47,49,2,0,10,4,19920102,19981201,5,19950101,19971231,6,19920103,19981231,8,19940101,19941231
0,5,11,2,6,7,4,19940101,19951231,5,19920131,19981031,6,19920103,19981231,8,19920601,19931231
0,33,35,2,8,9,4,19920102,19981201,5,19920601,19941231,6,19940101,19961231,8,19940301,19941231
0,42,45,2,5,10,4,19920102,19981201,5,19960101,19971231,6,19941228,19971231,8,19950101,19951231
0,1,50,2,5,6,4,19940501,19971231,5,19970101,19971231,6,19930101,19961231,8,19920101,19980802
0,27,39,2,2,9,4,19940101,19971231,5,19960101,19971231,6,19980101,19980630,8,19920101,19980802
0,14,47,2,6,9,4,19950101,19961231,5,19930601,19941130,6,19920103,19981231,8,19940101,19951231
0,43,46,2,1,10,4,19980101,19980930,5,19970101,19971231,6,19920103,19981231,8,19920101,19980802
0,40,41,2,3,8,4,19940101,19950405,5,19950101,19971231,6,19920103,19981231,8,19920101,19980802
0,1,30,2,2,4,4,19930101,19941231,5,19950101,19951231,6,19940101,19951231,8,19920101,19980802
0,48,50,2,1,9,4,19960101,19970822,5,19920131,19981031,6,19920103,19981231,8,19950101,19951231
0,7,18,2,7,10,4,19930101,19931231,5,19940101,19951231,6,19920103,19981231,8,19920101,19980802
0,10,24,2,3,6,4,19920102,19981201,5,19930101,19951231,6,19960101,19970630,8,19920101,19980802
0,46,47,2,4,8,4,19920102,19981201,5,19920131,19981031,6,19970715,19980531,8,19970919,19971231
0,1,50,2,8,10,4,19920102,19981201,5,19950101,19961231,6,19930101,19941231,8,19920101,19980802
0,1,50,2,6,7,4,19960101,19970430,5,19950101,19951231,6,19940101,19971231,8,19920101,19980802
0,1,50,2,4,5,4,19920102,19981201,5,19950101,19961231,6,19930101,19941231,8,19920101,19980802
0,12,50,2,5,6,4,19970101,19971231,5,19930101,19961231,6,19970101,19971231,8,19920101,19980802
0,8,11,2,0,10,4,19950101,19951231,5,19960101,19961231,6,19920103,19981231,8,19930101,19961231
0,1,50,2,9,10,4,19950101,19961231,5,19960101,19961231,6,19970101,19971231,8,19920101,19980802
0,47,50,2,3,7,4,19920102,19981201,5,19950101,19971231,6,19960101,19971231,8,19950101,19951231
0,38,39,2,4,6,4,19920102,19981201,5,19970904,19980701,6,19920103,19981231,8,19950101,19971231
0,1,50,2,5,7,4,19920102,19981201,5,19970101,19971231,6,19950101,19961231,8,19920101,19980802
0,34,43,2,9,10,4,19920102,19981201,5,19960101,19980228,6,19960101,19960430,8,19950101,19951231
0,17,36,2,5,8,4,19950101,19951231,5,19940101,19941231,6,19920103,19981231,8,19920101,19980802
0,48,49,2,5,9,4,19920102,19981201,5,19920131,19981031,6,19920103,19981231,8,19980401,19980630
0,20,43,2,2,4,4,19920102,19981201,5,19961201,19961231,6,19930101,19961231,8,19920101,19980802
0,20,49,2,1,4,4,19920102,19981201,5,19970101,19971123,6,19930101,19961231,8,19941118,19971231
0,36,37,2,6,9,4,19960617,19961231,5,19920131,19981031,6,19920103,19981231,8,19920101,19980802
0,1,50,2,0,1,4,19950101,19961231,5,19970101,19971231,6,19920103,19981231,8,19920101,19980802
0,45,49,2,5,6,4,19920102,19981201,5,19940601,19970228,6,19940101,19941231,8,19930722,19941231
0,1,50,2,5,6,4,19961201,19961231,5,19950101,19961231,6,19920103,19981231,8,19920101,19980802
0,15,30,2,2,8,4,19920102,19981201,5,19950101,19971231,6,19940101,19941231,8,19920101,19980802
0,11,41,2,6,8,4,19920102,19981201,5,19930101,19961231,6,19921101,19921231,8,19920101,19980802
0,30,40,2,7,10,4,19970101,19970914,5,19930101,19970131,6,19920103,19981231,8,19920101,19980802
0,33,35,2,7,9,4,19920102,19981201,5,19920131,19981031,6,19960101,19971231,8,19950101,19951231
0,1,50,2,9,10,4,19960101,19971231,5,19980101,19980731,6,19970101,19971231,8,19930101,19971231
0,9,12,2,0,10,4,19960101,19971231,5,19960101,19961231,6,19920103,19981231,8,19950101,19951231
0,40,43,2,9,10,4,19950101,19980930,5,19980101,19980430,6,19920103,19981231,8,19920101,19980802
0,26,28,2,3,8,4,19920102,19981201,5,19970101,19971231,6,19970101,19970430,8,19960101,19971231
0,35,39,2,5,9,4,19920102,19981201,5,19940101,19951231,6,19920103,19981231,8,19950101,19950228
0,6,11,2,3,4,4,19940101,19971231,5,19920131,19981031,6,19920103,19981231,8,19930101,19931231
0,1,50,2,4,6,4,19940101,19961231,5,19960101,19971231,6,19930101,19951231,8,19920101,19980802
0,23,40,2,6,8,4,19941111,19941231,5,19920131,19981031,6,19950101,19951231,8,19920101,19980802
0,30,39,2,8,9,4,19920102,19981201,5,19980101,19980531,6,19920103,19981231,8,19960101,19971231
0,42,47,2,7,9,4,19980501,19980722,5,19920131,19981031,6,19920103,19981231,8,19960101,19980430
0,14,25,2,2,7,4,19970101,19980930,5,19930101,19961231,6,19940101,19971231,8,19920101,19980802
0,16,30,2,8,9,4,19920102,19981201,5,19960101,19970430,6,19960101,19971231,8,19970101,19971231
0,48,49,2,7,8,4,19920102,19981201,5,19920131,19981031,6,19970101,19971231,8,19920101,19980802
0,7,12,2,5,8,4,19970101,19970825,5,19970101,19980223,6,19920103,19981231,8,19970501,19971231
0,6,15,2,0,10,4,19950101,19951231,5,19920131,19981031,6,19960101,19960915,8,19920101,19980802
0,11,19,2,6,7,4,19920102,19981201,5,19961001,19961231,6,19930101,19961231,8,19920101,19980802
0,34,41,2,0,10,4,19970101,19980327,5,19960101,19961231,6,19960101,19971231,8,19920101,19980802
0,31,47,2,0,8,4,19920102,19981201,5,19940101,19941231,6,19950201,19951231,8,19920101,19980802
0,1,50,2,9,10,4,19960101,19961231,5,19961201,19961231,6,19950101,19971031,8,19930101,19971231
0,7,48,2,9,10,4,19930101,19951231,5,19960101,19980811,6,19920103,19981231,8,19920101,19980802
0,1,50,2,0,3,4,19980101,19980209,5,19920131,19981031,6,19920103,19981231,8,19980101,19980331
0,12,27,2,2,9,4,19920102,19981201,5,19970101,19971216,6,19930101,19961231,8,19930101,19971231
0,36,49,2,0,10,4,19960101,19971231,5,19970101,19971231,6,19940101,19961231,8,19920101,19980802
0,11,41,2,3,5,4,19930101,19961231,5,19970101,19971231,6,19920103,19981231,8,19930101,19971231
0,15,20,2,1,4,4,19920102,19981201,5,19950101,19971231,6,19920103,19981231,8,19940619,19941231
0,1,50,2,9,10,4,19950101,19971231,5,19980101,19980331,6,19970101,19971231,8,19920101,19980802
0,44,45,2,0,10,4,19980101,19981130,5,19920131,19981031,6,19920103,19981231,8,19970101,19971231
0,9,41,2,7,8,4,19950101,19951231,5,19920131,19981031,6,19960101,19971231,8,19940101,19951231
0,22,33,2,4,7,4,19960101,19961231,5,19920601,19951231,6,19920103,19981231,8,19940101,19980531
0,11,17,2,3,4,4,19940101,19960201,5,19920131,19981031,6,19950101,19950331,8,19920801,19951231
0,45,47,2,6,10,4,19920102,19981201,5,19940101,19971231,6,19920103,19981231,8,19960101,19960430
0,36,42,2,9,10,4,19920102,19981201,5,19980501,19980823,6,19920103,19981231,8,19920101,19980802
0,1,50,2,6,8,4,19920102,19981201,5,19970101,19970831,6,19960101,19961231,8,19920101,19980802
0,1,50,2,6,7,4,19930101,19931231,5,19920131,19981031,6,19940101,19971231,8,19920101,19980802
0,1,50,2,8,9,4,19920102,19981201,5,19970101,19971231,6,19950101,19961231,8,19960101,19971231
0,15,22,2,8,9,4,19980101,19980509,5,19920131,19981031,6,19920103,19981231,8,19970101,19971231
0,46,47,2,8,9,4,19920102,19981201,5,19930101,19941231,6,19920103,19981231,8,19930626,19940531
0,13,25,2,2,10,4,19970101,19971231,5,19940101,19961231,6,19920103,19981231,8,19920101,19980802
0,30,39,2,9,10,4,19970101,19971231,5,19950101,19971231,6,19970101,19970228,8,19920101,19980802
0,29,45,2,5,8,4,19930601,19941231,5,19950101,19951231,6,19920103,19981231,8,19920101,19980802
0,32,37,2,8,10,4,19920102,19981201,5,19921101,19961231,6,19950101,19951231,8,19930501,19941231
0,16,49,2,2,4,4,19930601,19961231,5,19970101,19970612,6,19920103,19981231,8,19960101,19961231
0,47,49,2,3,5,4,19940101,19971231,5,19920131,19981031,6,19970101,19971231,8,19950101,19961231
0,10,41,2,2,4,4,19930101,19931231,5,19920131,19981031,6,19940101,19951231,8,19920101,19980802
0,22,32,2,5,6,4,19920102,19981201,5,19950101,19971231,6,19920103,19981231,8,19971001,19971231
0,1,50,2,8,9,4,19920110,19951231,5,19960101,19961231,6,19920103,19981231,8,19930101,19961001
0,22,43,2,6,8,4,19920102,19981201,5,19970101,19971231,6,19980101,19980430,8,19950101,19971231
