0,29,31,2,1,3,4,19920102,19981201,5,19920131,19981031,6,19920103,19981231,8,19979510,19980414
0,9,12,2,1,3,4,19970906,19980548,5,19980241,19980995,6,19920103,19981231,8,19920101,19980802
0,45,50,2,3,6,4,19950187,19961577,5,19920131,19981031,6,19953665,19972570,8,19932030,19953543
0,43,49,2,4,9,4,19927631,19931500,5,19935808,19953286,6,19920103,19981231,8,19920101,19980802
0,23,44,2,7,10,4,19977768,19980802,5,19980166,19980581,6,19980673,19981208,8,19920101,19980802
0,40,41,2,2,7,4,19920102,19981201,5,19966552,19976653,6,19943797,19978198,8,19950702,19964134
0,24,42,2,7,9,4,19939826,19948700,5,19920131,19981031,6,19946325,19974285,8,19920101,19980802
0,2,16,2,0,10,4,19933399,19948560,5,19920131,19981031,6,19920103,19981231,8,19941120,19954975
0,32,34,2,7,9,4,19920102,19981201,5,19940657,19943903,6,19930340,19946320,8,19934274,19974605
0,6,11,2,0,4,4,19920102,19981201,5,19966876,19970739,6,19920103,19981231,8,19959559,19969836
0,1,50,2,7,8,4,19920674,19966715,5,19949051,19972683,6,19933097,19948635,8,19939500,19971708
0,48,50,2,2,4,4,19920102,19981201,5,19920131,19981031,6,19947630,19972581,8,19925542,19949398
0,37,40,2,0,10,4,19920102,19981201,5,19933350,19968211,6,19968234,19979005,8,19920101,19980802
0,24,35,2,7,8,4,19968017,19971827,5,19964471,19970356,6,19929704,19976039,8,19920101,19980802
0,41,42,2,9,10,4,19920102,19981201,5,19933684,19956826,6,19921950,19968960,8,19944601,19966563
0,46,49,2,8,10,4,19943882,19950778,5,19920131,19981031,6,19920103,19981231,8,19950093,19963827
0,22,27,2,0,10,4,19952942,19978072,5,19948523,19957867,6,19920103,19981231,8,19920101,19980802
0,47,48,2,4,6,4,19927488,19958565,5,19920131,19981031,6,19920103,19981231,8,19949136,19975134
0,38,49,2,2,5,4,19923504,19944738,5,19920131,19981031,6,19946424,19962073,8,19927449,19972805
0,20,28,2,9,10,4,19969337,19971836,5,19920131,19981031,6,19920103,19981231,8,19942805,19966141
0,5,10,2,1,6,4,19925136,19942554,5,19920131,19981031,6,19920103,19981231,8,19941002,19978402
0,1,50,2,8,10,4,19947870,19962250,5,19934216,19966659,6,19964011,19971536,8,19920101,19980802
0,42,48,2,0,10,4,19920102,19981201,5,19968515,19978700,6,19927819,19968828,8,19920101,19980802
0,28,43,2,5,8,4,19922486,19949569,5,19920131,19981031,6,19941801,19976056,8,19920101,19980802
0,10,32,2,4,7,4,19941828,19956943,5,19924130,19978830,6,19951338,19978822,8,19920101,19980802
0,36,46,2,5,9,4,19945747,19953503,5,19955415,19976166,6,19920103,19981231,8,19920101,19980802
0,25,26,2,9,10,4,19920102,19981201,5,19920131,19981031,6,19948999,19957298,8,19934304,19952525
0,49,50,2,4,5,4,19960007,19979396,5,19920131,19981031,6,19944985,19966533,8,19920101,19980802
0,41,48,2,0,10,4,19921386,19958160,5,19936586,19958755,6,19956897,19960444,8,19926915,19978543
0,18,45,2,9,10,4,19920102,19981201,5,19936514,19956090,6,19953227,19975919,8,19934813,19980349
0,37,41,2,5,9,4,19920102,19981201,5,19920131,19981031,6,19971127,19975651,8,19950940,19977787
0,46,49,2,8,9,4,19942195,19967627,5,19938448,19961977,6,19920103,19981231,8,19960517,19979464
0,46,47,2,8,9,4,19926731,19936528,5,19929453,19979627,6,19920103,19981231,8,19920101,19980802
0,26,33,2,0,10,4,19920102,19981201,5,19964779,19977432,6,19935552,19964390,8,19939671,19964073
0,11,14,2,0,10,4,19948012,19968060,5,19969416,19977998,6,19920103,19981231,8,19920101,19980802
0,27,46,2,8,10,4,19943313,19964889,5,19962805,19976952,6,19920103,19981231,8,19920101,19980802
0,16,18,2,7,9,4,19920102,19981201,5,19955704,19962791,6,19920103,19981231,8,19955849,19960685
0,32,38,2,0,10,4,19965887,19971511,5,19943406,19965786,6,19944582,19978426,8,19923569,19967341
0,15,27,2,6,9,4,19920102,19981201,5,19926860,19958543,6,19951477,19978644,8,19920101,19980802
0,45,49,2,0,10,4,19960016,19968992,5,19962101,19972685,6,19951209,19975151,8,19946461,19975397
0,29,39,2,6,10,4,19939983,19964142,5,19920131,19981031,6,19969630,19970637,8,19920101,19980802
0,24,43,2,0,5,4,19952738,19967681,5,19920131,19981031,6,19964641,19979263,8,19920101,19980802
0,19,39,2,6,8,4,19971195,19974683,5,19920131,19981031,6,19977099,19980761,8,19952726,19976981
0,4,11,2,9,10,4,19976136,19980297,5,19920131,19981031,6,19920103,19981231,8,19955878,19980777
0,49,50,2,9,10,4,19920102,19981201,5,19920131,19981031,6,19963698,19970678,8,19920101,19980802
0,35,37,2,9,10,4,19920102,19981201,5,19920131,19981031,6,19934883,19940806,8,19920101,19980802
0,34,46,2,9,10,4,19920102,19981201,5,19963837,19970361,6,19920103,19981231,8,19946495,19967550
0,1,50,2,7,8,4,19954092,19968558,5,19926127,19958626,6,19952969,19966911,8,19939677,19972053
0,1,50,2,4,6,4,19920102,19981201,5,19949727,19954017,6,19937373,19949643,8,19922199,19954244
0,38,49,2,6,9,4,19968927,19974583,5,19960256,19962826,6,19920103,19981231,8,19920101,19980802
0,1,50,2,8,9,4,19953008,19961760,5,19947247,19952127,6,19949713,19979255,8,19924923,19974775
0,1,50,2,7,10,4,19920102,19981201,5,19977587,19980434,6,19963712,19979967,8,19953995,19973902
0,45,46,2,2,7,4,19920102,19981201,5,19951870,19960544,6,19920103,19981231,8,19959723,19961389
0,1,15,2,2,6,4,19920102,19981201,5,19949336,19953536,6,19957979,19969493,8,19920101,19980802
0,42,47,2,0,10,4,19958335,19963146,5,19964198,19973821,6,19920103,19981231,8,19938266,19977047
0,45,47,2,7,9,4,19920102,19981201,5,19963510,19980729,6,19966541,19970799,8,19920101,19980802
0,39,41,2,0,10,4,19934049,19978672,5,19954454,19970046,6,19962221,19973828,8,19920101,19980802
0,48,49,2,0,10,4,19920102,19981201,5,19920131,19981031,6,19951498,19962793,8,19937951,19951451
0,34,42,2,3,9,4,19920102,19981201,5,19930212,19973380,6,19978430,19981063,8,19920101,19980802
0,24,32,2,9,10,4,19920102,19981201,5,19955023,19965009,6,19920103,19981231,8,19945433,19955741
0,47,48,2,8,9,4,19924421,19954893,5,19922515,19937505,6,19920103,19981231,8,19920101,19980802
0,46,50,2,0,10,4,19920102,19981201,5,19971118,19977727,6,19942266,19971392,8,19920101,19980802
0,16,40,2,9,10,4,19965945,19973079,5,19939048,19964120,6,19920103,19981231,8,19920101,19980802
0,42,46,2,8,9,4,19953876,19960383,5,19922732,19969219,6,19920103,19981231,8,19920101,19980802
0,49,50,2,0,10,4,19961806,19970352,5,19938575,19978524,6,19967453,19970849,8,19953485,19965687
0,19,44,2,9,10,4,19978286,19981168,5,19968314,19971457,6,19920103,19981231,8,19952942,19979121
0,1,50,2,7,8,4,19939227,19973739,5,19927433,19977598,6,19978216,19980214,8,19920101,19980802
0,1,50,2,5,6,4,19927455,19968606,5,19964248,19975423,6,19930669,19980308,8,19939202,19962122
0,49,50,2,7,8,4,19920102,19981201,5,19932651,19948027,6,19920103,19981231,8,19920101,19980802
0,10,20,2,1,4,4,19978994,19980479,5,19951138,19974655,6,19920103,19981231,8,19924518,19980500
0,8,13,2,1,2,4,19920102,19981201,5,19953014,19964425,6,19920103,19981231,8,19946211,19951690
0,3,36,2,7,9,4,19930170,19963330,5,19966879,19980213,6,19949788,19962865,8,19920101,19980802
0,34,41,2,2,9,4,19968417,19973235,5,19938484,19966650,6,19920103,19981231,8,19920101,19980802
0,24,25,2,9,10,4,19920102,19981201,5,19920131,19981031,6,19922523,19957959,8,19950372,19980625
0,42,50,2,6,10,4,19969354,19977881,5,19933044,19963285,6,19920103,19981231,8,19939370,19980529
0,19,34,2,4,6,4,19920102,19981201,5,19938952,19966977,6,19967631,19980832,8,19920101,19980802
0,40,46,2,0,10,4,19920102,19981201,5,19971935,19980199,6,19976587,19980937,8,19948320,19971132
0,34,42,2,0,10,4,19939955,19944312,5,19948562,19972051,6,19920103,19981231,8,19934073,19944783
0,1,50,2,9,10,4,19920102,19981201,5,19977398,19980516,6,19923817,19974781,8,19964411,19979597
0,44,45,2,3,10,4,19969020,19970534,5,19920131,19981031,6,19969693,19974413,8,19967717,19978517
0,49,50,2,4,5,4,19963055,19976888,5,19948353,19973695,6,19969093,19976542,8,19920101,19980802
0,24,31,2,0,6,4,19925726,19953314,5,19920131,19981031,6,19953425,19973364,8,19920101,19980802
0,48,49,2,3,6,4,19967690,19975251,5,19920131,19981031,6,19920103,19981231,8,19970557,19979471
0,49,50,2,9,10,4,19949571,19976732,5,19920131,19981031,6,19958817,19963957,8,19920101,19980802
0,9,41,2,8,9,4,19941935,19979224,5,19973075,19980383,6,19920103,19981231,8,19971038,19974856
0,21,35,2,8,9,4,19920102,19981201,5,19921994,19938322,6,19933065,19959422,8,19920101,19980802
0,25,39,2,7,10,4,19941153,19943550,5,19940281,19958739,6,19920103,19981231,8,19920101,19980802
0,1,50,2,9,10,4,19940817,19969735,5,19920131,19981031,6,19964688,19980724,8,19920101,19980802
0,49,50,2,4,10,4,19920102,19981201,5,19920131,19981031,6,19952227,19980732,8,19960335,19960541
0,46,50,2,1,3,4,19920102,19981201,5,19944488,19955751,6,19920103,19981231,8,19930596,19944118
0,45,46,2,6,8,4,19920102,19981201,5,19934764,19951369,6,19936086,19940664,8,19920101,19980802
0,1,50,2,6,7,4,19920102,19981201,5,19964795,19970232,6,19945844,19963889,8,19920101,19980802
0,16,28,2,6,8,4,19920102,19981201,5,19928990,19944355,6,19949364,19967435,8,19920101,19980802
0,36,49,2,0,10,4,19920102,19981201,5,19969547,19975462,6,19938048,19969390,8,19920101,19980802
0,29,41,2,2,3,4,19920102,19981201,5,19943339,19951768,6,19954142,19976983,8,19920101,19980802
0,1,50,2,2,4,4,19947159,19957522,5,19956952,19967983,6,19957221,19963511,8,19946731,19959521
0,1,50,2,2,3,4,19931928,19952307,5,19959996,19970142,6,19920103,19981231,8,19920101,19980802
0,46,48,2,2,4,4,19925490,19970563,5,19962960,19979689,6,19920103,19981231,8,19963780,19973010
0,49,50,2,5,7,4,19920102,19981201,5,19920131,19981031,6,19957973,19973054,8,19969804,19972152
0,32,49,2,4,5,4,19920102,19981201,5,19965035,19970181,6,19952717,19977489,8,19920101,19980802
0,22,43,2,8,9,4,19920102,19981201,5,19927074,19969261,6,19928158,19980421,8,19961003,19970523
0,31,33,2,0,10,4,19920102,19981201,5,19947637,19979938,6,19920103,19981231,8,19927437,19947565
0,43,46,2,0,10,4,19969931,19973604,5,19952886,19967300,6,19920103,19981231,8,19944377,19978550
0,8,47,2,0,1,4,19924435,19961605,5,19920131,19981031,6,19969986,19972447,8,19920101,19980802
0,23,41,2,1,6,4,19939944,19965945,5,19969757,19978872,6,19920103,19981231,8,19941467,19963054
0,45,46,2,5,6,4,19935514,19977806,5,19957352,19966296,6,19920103,19981231,8,19949092,19979282
0,38,44,2,9,10,4,19920102,19981201,5,19920131,19981031,6,19960047,19971050,8,19926404,19958665
0,22,39,2,5,7,4,19920102,19981201,5,19935041,19945705,6,19944987,19971815,8,19920101,19980802
0,47,49,2,2,9,4,19979128,19980256,5,19920131,19981031,6,19920103,19981231,8,19920101,19980802
0,48,49,2,2,6,4,19961012,19966150,5,19920131,19981031,6,19936115,19973234,8,19920101,19980802
0,4,21,2,9,10,4,19920102,19981201,5,19920131,19981031,6,19920103,19981231,8,19980204,19980225
0,49,50,2,6,9,4,19978840,19980353,5,19920131,19981031,6,19920103,19981231,8,19920101,19980802
0,1,50,2,8,9,4,19933532,19973060,5,19951360,19976354,6,19977028,19980747,8,19920101,19980802
0,49,50,2,7,10,4,19955536,19980208,5,19920131,19981031,6,19923547,19960601,8,19920101,19980802
0,33,48,2,6,10,4,19937666,19954493,5,19958108,19964268,6,19943170,19958445,8,19920101,19980802
0,31,46,2,7,9,4,19935882,19964592,5,19920131,19981031,6,19962309,19980270,8,19937722,19973387
0,9,45,2,8,9,4,19969814,19974969,5,19957058,19964882,6,19927025,19970948,8,19920101,19980802
0,35,39,2,8,10,4,19920102,19981201,5,19920131,19981031,6,19962145,19971383,8,19920901,19961359
0,6,8,2,2,6,4,19952989,19977088,5,19924399,19979459,6,19962717,19970570,8,19969645,19979006
0,43,45,2,0,10,4,19960978,19969872,5,19961059,19980450,6,19920103,19981231,8,19920101,19980802
0,13,26,2,8,9,4,19920102,19981201,5,19943174,19980642,6,19941170,19965540,8,19924939,19948953
0,12,19,2,8,9,4,19964070,19978284,5,19952390,19977609,6,19920103,19981231,8,19920301,19968915
0,1,50,2,7,10,4,19942493,19967905,5,19952308,19977248,6,19928484,19953319,8,19920101,19980802
0,49,50,2,1,2,4,19920102,19981201,5,19920131,19981031,6,19920103,19981231,8,19954824,19969306
0,45,50,2,4,9,4,19920102,19981201,5,19920131,19981031,6,19980163,19980302,8,19920101,19980802
0,47,48,2,6,9,4,19920102,19981201,5,19953889,19979142,6,19920103,19981231,8,19960886,19968196
0,46,47,2,8,9,4,19920102,19981201,5,19923696,19949489,6,19920103,19981231,8,19927226,19939356
0,39,47,2,0,10,4,19942188,19963674,5,19969203,19980873,6,19920103,19981231,8,19920101,19980802
0,47,50,2,0,10,4,19968763,19975393,5,19957455,19967347,6,19920103,19981231,8,19959861,19971029
0,40,45,2,9,10,4,19920102,19981201,5,19920131,19981031,6,19949475,19956571,8,19922183,19949905
0,15,33,2,1,3,4,19976625,19981181,5,19958651,19976973,6,19920103,19981231,8,19920101,19980802
0,42,43,2,3,5,4,19939575,19961232,5,19920131,19981031,6,19920103,19981231,8,19957368,19969689
0,44,48,2,0,10,4,19920102,19981201,5,19951582,19974029,6,19974613,19981175,8,19920101,19980802
0,1,50,2,9,10,4,19955467,19963586,5,19946064,19957773,6,19920103,19981231,8,19933247,19952151
0,38,49,2,0,10,4,19943947,19954181,5,19957038,19964852,6,19956390,19964876,8,19920101,19980802
0,27,36,2,0,10,4,19937510,19971914,5,19977919,19980568,6,19920103,19981231,8,19920101,19980802
0,43,44,2,0,10,4,19920102,19981201,5,19920131,19981031,6,19971511,19980982,8,19930634,19971259
0,14,33,2,3,9,4,19920102,19981201,5,19964907,19974919,6,19942954,19969560,8,19953068,19968508
0,47,48,2,0,10,4,19932358,19970171,5,19949654,19961286,6,19920103,19981231,8,19939372,19941568
0,18,24,2,2,6,4,19920102,19981201,5,19941068,19972707,6,19939375,19945996,8,19920101,19980802
0,1,50,2,9,10,4,19961913,19981152,5,19959739,19963143,6,19920103,19981231,8,19920101,19980802
0,44,48,2,0,10,4,19949585,19961019,5,19935177,19953813,6,19951885,19977326,8,19920101,19980802
0,8,15,2,0,1,4,19920102,19981201,5,19930438,19971975,6,19958294,19976475,8,19920554,19955317
0,1,15,2,4,6,4,19970349,19974521,5,19931451,19970340,6,19920103,19981231,8,19920101,19980802
0,43,44,2,0,10,4,19960038,19977992,5,19920131,19981031,6,19942203,19974361,8,19949467,19951251
0,1,50,2,9,10,4,19920102,19981201,5,19962904,19975786,6,19939143,19969818,8,19940411,19962991
0,47,50,2,0,10,4,19965331,19970458,5,19941432,19964955,6,19961196,19973657,8,19920101,19980802
0,22,30,2,3,7,4,19932049,19958116,5,19956826,19968639,6,19920103,19981231,8,19920101,19980802
0,19,29,2,0,7,4,19967139,19976928,5,19953822,19964293,6,19920103,19981231,8,19920101,19980802
0,1,50,2,5,8,4,19960902,19976567,5,19967833,19970814,6,19956425,19961988,8,19920101,19980802
0,48,50,2,0,10,4,19920102,19981201,5,19920131,19981031,6,19979305,19980324,8,19971033,19972005
0,49,50,2,8,9,4,19920102,19981201,5,19923064,19932842,6,19925782,19974139,8,19920101,19980802
0,1,50,2,3,6,4,19977292,19980129,5,19920131,19981031,6,19920103,19981231,8,19972275,19980208
0,40,41,2,9,10,4,19920102,19981201,5,19939285,19978043,6,19928880,19947866,8,19929153,19941344
0,46,47,2,0,10,4,19950118,19974135,5,19964000,19979477,6,19955600,19980368,8,19937496,19966759
0,34,44,2,9,10,4,19920102,19981201,5,19974303,19980459,6,19920103,19981231,8,19922037,19974014
0,27,42,2,5,7,4,19934750,19966003,5,19946279,19951576,6,19956826,19966780,8,19944187,19970907
0,47,49,2,4,5,4,19968146,19976394,5,19920131,19981031,6,19920103,19981231,8,19968249,19978867
0,37,49,2,4,7,4,19941043,19963303,5,19963375,19974117,6,19920103,19981231,8,19920101,19980802
0,41,50,2,0,6,4,19963943,19978365,5,19951067,19968393,6,19920103,19981231,8,19920101,19980802
0,38,39,2,0,10,4,19963748,19974432,5,19959292,19978582,6,19920103,19981231,8,19950851,19962480
0,17,19,2,4,10,4,19979757,19980505,5,19920131,19981031,6,19920103,19981231,8,19970676,19976969
0,31,42,2,6,10,4,19978337,19980231,5,19935994,19975159,6,19920103,19981231,8,19920101,19980802
0,28,33,2,5,6,4,19959297,19960370,5,19920131,19981031,6,19920103,19981231,8,19950704,19962723
0,44,46,2,9,10,4,19920102,19981201,5,19943417,19962397,6,19960328,19967067,8,19920101,19980802
0,45,49,2,0,10,4,19920102,19981201,5,19920131,19981031,6,19980919,19981136,8,19920101,19980802
0,45,50,2,0,10,4,19920102,19981201,5,19946781,19954767,6,19951593,19968670,8,19920101,19980802
0,1,50,2,2,4,4,19979901,19980316,5,19968185,19974096,6,19978145,19980154,8,19920101,19980802
0,1,50,2,1,4,4,19926206,19957724,5,19958607,19962524,6,19939998,19977206,8,19951160,19971290
0,46,47,2,5,8,4,19920102,19981201,5,19920809,19924169,6,19920103,19981231,8,19920101,19980802
0,1,50,2,7,8,4,19951491,19968110,5,19924504,19955167,6,19920103,19981231,8,19950387,19970246
0,34,42,2,4,7,4,19920102,19981201,5,19939081,19956709,6,19941137,19941332,8,19920101,19980802
0,1,50,2,9,10,4,19927168,19980223,5,19969360,19979483,6,19945800,19968090,8,19920101,19980802
0,18,47,2,8,9,4,19966845,19977747,5,19957081,19962250,6,19967606,19973262,8,19920101,19980802
0,29,39,2,9,10,4,19920102,19981201,5,19920131,19981031,6,19962066,19974688,8,19945096,19966628
0,26,46,2,6,10,4,19968799,19971285,5,19972044,19980354,6,19920103,19981231,8,19920101,19980802
0,28,50,2,3,5,4,19920102,19981201,5,19967353,19973455,6,19948825,19967909,8,19945218,19976208
0,16,31,2,5,7,4,19932786,19951590,5,19956519,19980017,6,19920103,19981231,8,19920101,19980802
0,46,47,2,8,9,4,19965650,19972407,5,19920131,19981031,6,19922865,19977052,8,19920101,19980802
0,36,38,2,6,7,4,19978080,19980532,5,19920131,19981031,6,19970915,19981129,8,19920101,19980802
0,41,50,2,0,10,4,19927509,19951342,5,19958343,19978111,6,19950330,19953216,8,19946019,19974115
0,27,30,2,0,10,4,19940368,19956298,5,19957374,19977339,6,19920103,19981231,8,19945973,19953736
0,1,50,2,8,9,4,19979170,19980753,5,19935880,19973080,6,19920103,19981231,8,19920101,19980802
0,1,50,2,7,10,4,19920102,19981201,5,19957796,19969557,6,19947169,19956477,8,19920101,19980802
0,1,50,2,8,10,4,19920102,19981201,5,19948104,19957231,6,19926509,19948322,8,19920101,19980802
0,48,49,2,7,8,4,19934795,19953739,5,19920131,19981031,6,19949396,19958324,8,19947448,19957927
0,36,44,2,0,10,4,19969943,19977999,5,19977525,19980283,6,19968030,19979300,8,19920101,19980802
0,20,40,2,7,9,4,19930628,19945419,5,19920131,19981031,6,19941963,19956297,8,19920101,19980802
0,26,46,2,4,7,4,19969689,19972488,5,19956802,19966499,6,19920103,19981231,8,19945797,19972769
0,1,50,2,5,7,4,19953157,19967422,5,19957528,19969828,6,19967361,19977972,8,19920101,19980802
0,23,34,2,7,10,4,19920102,19981201,5,19938889,19958216,6,19957747,19971242,8,19920101,19980802
0,23,25,2,8,9,4,19920102,19981201,5,19966751,19973343,6,19920103,19981231,8,19963310,19971392
0,44,47,2,0,10,4,19920102,19981201,5,19946636,19967595,6,19969433,19972255,8,19920101,19980802
0,4,10,2,8,9,4,19920102,19981201,5,19930111,19968380,6,19956911,19960269,8,19920101,19980802
0,3,25,2,4,6,4,19954916,19964690,5,19964711,19973105,6,19926638,19970432,8,19920101,19980802
0,35,36,2,0,10,4,19920102,19981201,5,19939412,19971470,6,19956109,19973539,8,19942422,19960073
0,7,44,2,9,10,4,19920102,19981201,5,19964450,19976576,6,19958279,19965546,8,19920993,19979213
0,16,43,2,6,7,4,19920102,19981201,5,19970163,19980327,6,19920103,19981231,8,19942019,19970035
0,40,43,2,0,7,4,19949964,19960136,5,19957090,19964374,6,19920103,19981231,8,19920101,19980802
0,45,46,2,9,10,4,19920102,19981201,5,19949191,19964492,6,19937550,19955696,8,19920101,19980802
0,1,50,2,5,6,4,19957170,19977593,5,19944051,19959363,6,19922880,19960464,8,19936475,19971144
0,5,31,2,1,3,4,19963233,19978095,5,19971184,19979800,6,19920103,19981231,8,19920101,19980802
0,36,44,2,0,8,4,19958781,19966569,5,19932166,19953605,6,19920103,19981231,8,19920101,19980802
0,33,42,2,0,10,4,19952233,19978190,5,19920131,19981031,6,19979541,19980147,8,19920101,19980802
0,44,46,2,7,8,4,19936348,19965527,5,19920131,19981031,6,19947669,19956599,8,19943068,19964311
0,1,50,2,9,10,4,19952087,19980317,5,19925829,19955418,6,19920103,19981231,8,19920101,19980802
0,11,15,2,0,10,4,19920102,19981201,5,19956928,19964079,6,19964355,19978571,8,19943156,19974630
0,28,33,2,0,10,4,19926090,19946441,5,19920131,19981031,6,19945637,19963363,8,19920101,19980802
0,49,50,2,1,2,4,19920102,19981201,5,19920131,19981031,6,19957279,19969403,8,19930318,19969784
0,17,30,2,2,9,4,19946547,19967463,5,19961384,19971326,6,19920103,19981231,8,19920101,19980802
0,46,49,2,0,10,4,19921093,19944663,5,19948597,19973042,6,19937871,19958477,8,19920101,19980802
0,1,50,2,0,10,4,19920102,19981201,5,19928769,19968126,6,19940441,19978546,8,19921656,19939902
0,42,50,2,0,10,4,19935369,19979838,5,19920131,19981031,6,19980100,19980356,8,19946636,19977741
0,22,35,2,9,10,4,19920102,19981201,5,19920131,19981031,6,19950845,19950986,8,19943037,19971569
0,33,46,2,8,9,4,19979566,19980653,5,19920131,19981031,6,19920103,19981231,8,19937141,19979643
0,45,46,2,9,10,4,19920102,19981201,5,19942144,19975749,6,19920103,19981231,8,19937232,19950942
0,13,15,2,8,9,4,19920102,19981201,5,19947459,19975808,6,19941178,19979236,8,19969442,19977920
0,1,50,2,5,6,4,19920102,19981201,5,19936560,19949263,6,19920180,19932118,8,19920101,19980802
0,48,49,2,7,8,4,19920102,19981201,5,19948578,19980176,6,19968326,19972774,8,19920101,19980802
0,26,49,2,3,6,4,19944632,19954894,5,19959930,19976818,6,19920103,19981231,8,19920101,19980802
0,11,13,2,5,10,4,19930223,19976361,5,19920131,19981031,6,19949378,19965158,8,19921601,19946976
0,41,42,2,3,10,4,19979188,19980381,5,19920131,19981031,6,19920103,19981231,8,19920101,19980802
0,34,39,2,8,9,4,19959616,19976959,5,19920131,19981031,6,19961807,19979719,8,19956173,19963674
0,37,42,2,1,3,4,19920102,19981201,5,19971086,19979928,6,19956060,19974031,8,19920101,19980802
0,1,50,2,8,10,4,19954024,19964568,5,19967473,19974843,6,19955348,19969062,8,19949966,19966433
0,49,50,2,9,10,4,19964356,19976052,5,19920131,19981031,6,19920103,19981231,8,19920101,19980802
0,37,39,2,4,7,4,19920102,19981201,5,19924187,19949252,6,19920103,19981231,8,19940623,19954604
0,42,43,2,5,7,4,19920102,19981201,5,19966177,19979347,6,19920103,19981231,8,19966915,19973650
0,49,50,2,8,10,4,19935429,19947962,5,19920131,19981031,6,19932350,19973622,8,19933589,19957487
0,17,42,2,0,10,4,19928063,19955446,5,19957260,19960602,6,19958751,19979677,8,19920101,19980802
0,33,42,2,0,10,4,19920102,19981201,5,19949726,19951126,6,19927367,19942011,8,19926965,19954161
0,28,36,2,6,8,4,19920102,19981201,5,19920131,19981031,6,19971101,19974297,8,19947744,19972433
0,38,43,2,2,6,4,19966272,19980747,5,19920131,19981031,6,19920103,19981231,8,19947148,19962505
0,47,50,2,9,10,4,19936914,19947770,5,19920131,19981031,6,19925983,19942579,8,19939655,19940903
0,1,50,2,4,7,4,19920102,19981201,5,19955333,19968777,6,19927915,19959575,8,19922763,19960566
0,1,50,2,5,8,4,19931305,19970288,5,19955988,19974115,6,19950059,19952514,8,19920101,19980802
0,1,50,2,0,2,4,19926718,19963040,5,19952092,19978966,6,19931747,19954458,8,19920101,19980802
0,13,36,2,1,2,4,19931852,19948459,5,19920131,19981031,6,19941317,19953972,8,19924222,19949794
0,43,50,2,0,10,4,19951532,19969123,5,19965422,19975163,6,19927652,19968821,8,19949055,19975356
0,14,35,2,9,10,4,19940971,19944984,5,19920131,19981031,6,19949557,19966876,8,19920644,19953364
0,35,39,2,0,6,4,19920102,19981201,5,19976992,19980187,6,19979560,19980910,8,19920101,19980802
0,31,37,2,3,5,4,19924073,19965051,5,19920131,19981031,6,19920103,19981231,8,19960916,19970419
0,11,23,2,1,4,4,19964180,19971798,5,19948716,19969028,6,19966998,19972294,8,19920101,19980802
0,7,16,2,3,4,4,19920102,19981201,5,19967648,19974090,6,19920103,19981231,8,19953542,19963573
0,46,48,2,6,8,4,19920102,19981201,5,19920131,19981031,6,19933890,19964076,8,19957643,19960459
0,25,36,2,3,8,4,19936318,19946588,5,19944208,19976418,6,19920103,19981231,8,19920101,19980802
0,37,42,2,6,9,4,19920102,19981201,5,19920131,19981031,6,19967979,19975045,8,19922041,19965757
0,1,50,2,9,10,4,19927177,19964585,5,19920131,19981031,6,19969558,19974554,8,19943070,19971640
0,28,35,2,9,10,4,19936802,19980790,5,19980588,19980927,6,19920103,19981231,8,19920101,19980802
0,30,50,2,3,5,4,19952850,19981166,5,19934354,19955661,6,19920103,19981231,8,19920101,19980802
0,34,45,2,0,10,4,19920102,19981201,5,19920131,19981031,6,19970411,19980328,8,19949173,19965187
0,24,29,2,4,7,4,19920102,19981201,5,19964771,19970310,6,19920103,19981231,8,19933351,19975451
0,8,21,2,5,7,4,19935703,19971911,5,19925567,19934002,6,19920103,19981231,8,19920101,19980802
0,48,50,2,4,10,4,19920102,19981201,5,19920131,19981031,6,19945508,19961653,8,19930621,19945229
0,12,21,2,5,8,4,19920102,19981201,5,19920131,19981031,6,19980198,19980648,8,19965405,19974627
0,30,37,2,0,10,4,19920102,19981201,5,19976985,19980850,6,19929258,19979236,8,19920101,19980802
0,48,49,2,8,9,4,19960782,19978375,5,19921663,19970172,6,19920103,19981231,8,19949680,19980759
0,11,17,2,1,4,4,19920102,19981201,5,19949201,19965400,6,19967785,19975990,8,19920101,19980802
0,46,48,2,0,10,4,19920102,19981201,5,19920131,19981031,6,19976277,19980884,8,19976126,19980228
0,38,42,2,2,10,4,19920102,19981201,5,19920131,19981031,6,19980308,19980674,8,19970441,19973095
0,30,49,2,4,8,4,19941636,19962339,5,19964777,19973340,6,19920103,19981231,8,19950055,19978059
0,12,30,2,7,10,4,19962561,19976660,5,19920131,19981031,6,19970240,19972521,8,19946500,19964947
0,1,50,2,6,8,4,19920102,19981201,5,19956460,19972480,6,19927634,19955608,8,19920101,19980802
0,37,40,2,9,10,4,19920102,19981201,5,19933381,19969343,6,19940686,19949056,8,19925648,19941977
0,1,50,2,7,9,4,19924093,19977190,5,19949046,19964729,6,19929232,19943648,8,19920101,19980802
0,10,12,2,8,9,4,19967570,19977848,5,19970440,19972467,6,19920103,19981231,8,19920101,19980802
0,1,50,2,9,10,4,19921326,19953478,5,19942553,19979445,6,19925816,19945315,8,19920101,19980802
0,32,48,2,0,10,4,19920102,19981201,5,19972873,19980726,6,19949467,19977618,8,19920101,19980802
0,45,50,2,4,5,4,19943517,19972038,5,19958046,19969882,6,19920103,19981231,8,19939498,19957580
0,16,45,2,8,9,4,19946397,19963844,5,19920131,19981031,6,19920103,19981231,8,19961016,19970495
0,21,37,2,8,9,4,19920102,19981201,5,19930069,19965155,6,19920103,19981231,8,19921079,19928074
0,1,50,2,2,5,4,19955707,19973910,5,19971259,19980550,6,19966103,19971598,8,19920101,19980802
0,49,50,2,8,9,4,19954052,19961828,5,19959960,19972221,6,19920103,19981231,8,19921036,19966388
0,18,23,2,8,10,4,19920102,19981201,5,19954312,19966200,6,19920103,19981231,8,19935507,19959116
0,9,42,2,3,8,4,19920102,19981201,5,19959290,19970846,6,19946183,19953841,8,19920101,19980802
0,22,42,2,3,8,4,19947977,19969288,5,19961409,19976295,6,19969092,19970295,8,19920101,19980802
0,49,50,2,9,10,4,19957592,19961615,5,19925667,19966134,6,19920103,19981231,8,19920101,19980802
0,41,43,2,7,8,4,19920102,19981201,5,19920131,19981031,6,19970098,19976031,8,19970617,19973043
0,40,41,2,8,9,4,19954958,19971100,5,19920131,19981031,6,19959981,19975100,8,19932191,19960592
0,5,9,2,0,10,4,19949367,19977226,5,19934431,19943685,6,19920103,19981231,8,19920101,19980802
0,30,31,2,6,7,4,19954793,19968653,5,19920131,19981031,6,19920103,19981231,8,19936258,19973826
0,16,24,2,0,10,4,19928852,19933061,5,19920131,19981031,6,19939373,19943820,8,19923053,19940802
0,40,45,2,0,10,4,19976318,19980429,5,19969966,19972630,6,19920103,19981231,8,19920101,19980802
0,42,43,2,0,10,4,19951059,19954861,5,19945807,19963418,6,19942112,19960156,8,19921647,19957568
0,40,41,2,9,10,4,19953999,19969192,5,19920131,19981031,6,19923514,19971773,8,19950457,19964811
0,44,46,2,2,9,4,19920102,19981201,5,19933499,19980293,6,19954261,19972352,8,19970436,19970606
0,3,37,2,7,8,4,19923600,19957213,5,19920131,19981031,6,19957207,19965519,8,19920101,19980802
0,9,16,2,3,5,4,19920102,19981201,5,19920131,19981031,6,19968589,19973941,8,19956800,19967930
0,16,33,2,0,10,4,19955464,19966531,5,19968673,19975826,6,19938849,19967905,8,19951733,19963157
0,34,37,2,6,7,4,19961559,19978472,5,19970315,19971027,6,19957053,19975191,8,19920101,19980802
0,30,33,2,7,9,4,19944531,19974452,5,19921606,19964078,6,19920103,19981231,8,19950943,19955919
0,49,50,2,0,5,4,19967545,19972382,5,19920131,19981031,6,19956647,19973856,8,19947359,19967090
0,16,32,2,0,4,4,19950924,19952249,5,19920131,19981031,6,19954496,19973897,8,19920101,19980802
0,14,23,2,0,10,4,19936786,19954153,5,19931968,19965907,6,19955888,19974952,8,19920101,19980802
0,17,19,2,0,10,4,19920102,19981201,5,19927913,19966622,6,19968479,19972109,8,19920101,19980802
0,6,25,2,9,10,4,19979582,19980773,5,19978498,19980530,6,19920103,19981231,8,19960370,19975797
0,34,46,2,1,9,4,19920102,19981201,5,19979565,19980506,6,19930403,19975035,8,19920101,19980802
0,12,34,2,2,5,4,19942982,19969425,5,19969910,19980824,6,19931757,19968162,8,19920101,19980802
0,1,50,2,3,4,4,19945923,19952835,5,19936583,19944526,6,19920103,19981231,8,19924664,19948190
0,36,37,2,2,8,4,19950822,19975282,5,19920325,19951621,6,19920103,19981231,8,19920849,19953009
0,6,33,2,7,9,4,19920102,19981201,5,19947957,19962410,6,19929194,19948160,8,19920101,19980802
0,1,50,2,9,10,4,19952602,19964187,5,19960745,19970603,6,19968999,19974770,8,19920101,19980802
0,39,50,2,0,9,4,19938801,19957493,5,19920131,19981031,6,19941381,19962915,8,19951109,19952999
0,1,50,2,3,4,4,19931880,19962126,5,19966417,19972448,6,19920103,19981231,8,19920101,19980802
0,1,50,2,9,10,4,19940383,19974598,5,19977094,19980554,6,19939303,19977784,8,19920101,19980802
0,20,40,2,0,10,4,19921896,19975725,5,19980081,19980376,6,19980044,19980968,8,19920101,19980802
0,35,41,2,0,10,4,19964233,19975248,5,19942948,19969579,6,19920103,19981231,8,19920101,19980802
0,35,39,2,0,10,4,19922107,19954822,5,19959859,19972236,6,19920103,19981231,8,19920101,19980802
0,4,16,2,9,10,4,19920102,19981201,5,19920131,19981031,6,19974124,19980138,8,19920101,19980802
0,37,39,2,0,9,4,19920102,19981201,5,19947714,19950735,6,19921489,19950243,8,19920101,19980802
0,1,50,2,4,6,4,19920102,19981201,5,19937981,19956328,6,19925381,19934401,8,19920101,19980802
0,31,35,2,9,10,4,19950238,19956414,5,19920131,19981031,6,19942288,19950814,8,19938249,19958451
0,49,50,2,8,9,4,19920102,19981201,5,19950838,19968320,6,19920103,19981231,8,19927877,19972272
0,23,47,2,0,3,4,19943778,19953353,5,19951427,19980232,6,19920103,19981231,8,19920101,19980802
0,26,45,2,0,7,4,19928437,19951339,5,19951976,19965982,6,19951436,19980001,8,19941205,19964266
0,3,14,2,9,10,4,19923119,19970375,5,19967736,19975031,6,19920103,19981231,8,19931136,19969513
0,19,33,2,7,9,4,19920102,19981201,5,19941838,19950174,6,19949628,19969772,8,19930988,19957272
0,1,50,2,8,9,4,19925958,19957924,5,19946096,19955536,6,19952808,19975136,8,19920101,19980802
0,29,31,2,3,8,4,19970972,19977084,5,19954323,19978517,6,19920103,19981231,8,19920101,19980802
0,1,50,2,3,5,4,19953485,19964720,5,19921197,19966044,6,19969663,19974422,8,19920101,19980802
0,30,34,2,8,9,4,19920102,19981201,5,19920131,19981031,6,19970520,19971065,8,19970270,19974538
0,3,20,2,3,6,4,19955044,19970003,5,19966099,19971329,6,19920103,19981231,8,19920101,19980802
0,14,21,2,4,5,4,19956352,19967921,5,19945169,19970797,6,19920103,19981231,8,19942010,19951464
0,27,44,2,0,10,4,19920102,19981201,5,19958793,19979755,6,19948822,19958922,8,19930774,19980780
0,22,25,2,6,8,4,19920102,19981201,5,19946429,19973170,6,19920103,19981231,8,19953105,19960347
0,45,46,2,9,10,4,19920102,19981201,5,19920131,19981031,6,19920103,19981231,8,19924003,19932385
0,1,50,2,5,9,4,19950393,19957651,5,19920131,19981031,6,19920103,19981231,8,19939346,19947918
0,43,45,2,0,1,4,19920102,19981201,5,19932211,19950771,6,19920103,19981231,8,19945616,19975292
0,40,45,2,0,7,4,19925887,19954905,5,19923153,19972537,6,19953090,19976984,8,19920101,19980802
0,8,30,2,6,9,4,19932126,19958774,5,19959532,19966595,6,19926647,19966154,8,19920101,19980802
0,23,31,2,3,4,4,19969103,19978365,5,19920131,19981031,6,19920103,19981231,8,19951139,19966751
0,42,44,2,9,10,4,19935241,19970474,5,19920131,19981031,6,19937753,19942759,8,19933432,19974538
0,1,50,2,1,2,4,19947332,19951704,5,19957319,19965273,6,19920103,19981231,8,19920101,19980802
0,41,45,2,0,10,4,19966487,19971828,5,19947930,19965604,6,19920103,19981231,8,19920101,19980802
0,38,45,2,4,6,4,19920102,19981201,5,19920131,19981031,6,19944578,19958251,8,19936661,19943947
0,36,42,2,7,9,4,19920102,19981201,5,19948111,19980257,6,19920103,19981231,8,19936314,19948309
0,33,36,2,3,4,4,19920102,19981201,5,19958942,19970088,6,19930132,19960818,8,19935997,19977856
0,47,48,2,8,9,4,19938056,19979228,5,19932974,19959776,6,19920103,19981231,8,19946343,19979821
0,1,50,2,2,10,4,19920102,19981201,5,19970131,19974692,6,19943326,19968663,8,19920101,19980802
0,37,43,2,8,10,4,19920102,19981201,5,19920131,19981031,6,19939734,19956316,8,19924464,19935625
0,2,5,2,1,6,4,19923733,19965156,5,19920131,19981031,6,19920103,19981231,8,19920735,19923828
0,26,40,2,7,9,4,19955360,19961168,5,19939366,19957609,6,19920103,19981231,8,19920101,19980802
0,40,42,2,2,8,4,19962519,19976205,5,19920131,19981031,6,19920103,19981231,8,19945546,19962894
0,1,50,2,3,4,4,19967286,19971183,5,19949570,19966491,6,19920103,19981231,8,19922181,19969560
0,36,46,2,0,10,4,19920102,19981201,5,19966878,19976040,6,19939667,19967041,8,19956609,19970316
0,28,39,2,6,9,4,19965318,19976497,5,19953253,19962309,6,19920103,19981231,8,19931514,19968987
0,1,50,2,7,8,4,19930504,19956465,5,19920131,19981031,6,19952417,19979183,8,19939051,19956772
0,1,50,2,7,8,4,19930685,19979370,5,19949165,19978095,6,19946152,19950120,8,19920101,19980802
0,9,16,2,0,10,4,19951225,19980012,5,19946937,19958461,6,19920103,19981231,8,19920101,19980802
0,1,50,2,5,6,4,19961483,19975490,5,19927397,19964241,6,19920103,19981231,8,19958032,19977127
0,45,47,2,6,7,4,19922304,19969548,5,19920131,19981031,6,19920103,19981231,8,19950551,19952958
0,1,2,2,0,7,4,19971082,19973578,5,19920131,19981031,6,19936988,19978137,8,19937749,19973057
0,32,42,2,9,10,4,19931013,19960521,5,19920131,19981031,6,19920103,19981231,8,19958610,19969104
0,39,44,2,0,10,4,19948257,19976853,5,19954167,19962073,6,19968247,19976401,8,19920101,19980802
0,18,24,2,0,10,4,19949208,19953945,5,19952177,19973536,6,19927386,19952941,8,19943956,19962596
0,3,9,2,0,10,4,19966093,19975729,5,19956584,19965156,6,19920103,19981231,8,19920101,19980802
0,10,39,2,7,9,4,19943880,19969838,5,19968253,19973539,6,19920103,19981231,8,19920101,19980802
0,43,47,2,3,10,4,19946593,19971278,5,19928473,19948273,6,19948685,19975507,8,19920101,19980802
0,25,47,2,6,8,4,19921517,19958776,5,19958462,19966248,6,19920103,19981231,8,19920101,19980802
0,39,43,2,1,10,4,19920102,19981201,5,19936514,19942454,6,19944788,19954295,8,19920101,19980802
0,32,37,2,0,10,4,19937803,19943747,5,19943980,19965591,6,19924542,19981167,8,19920101,19980802
0,11,37,2,8,10,4,19931556,19953068,5,19920131,19981031,6,19953906,19964588,8,19920101,19980802
0,14,45,2,5,9,4,19920102,19981201,5,19966613,19972296,6,19939346,19969579,8,19920101,19980802
0,1,50,2,4,6,4,19920102,19981201,5,19977517,19980832,6,19939474,19979410,8,19920101,19980802
0,46,47,2,4,10,4,19920102,19981201,5,19920131,19981031,6,19974216,19980597,8,19969863,19972901
0,35,37,2,8,9,4,19945437,19968503,5,19920131,19981031,6,19952824,19969917,8,19953983,19976325
0,23,24,2,9,10,4,19920102,19981201,5,19926819,19933829,6,19920103,19981231,8,19929271,19966142
0,1,50,2,9,10,4,19950046,19957376,5,19922919,19945057,6,19920103,19981231,8,19920101,19980802
0,30,33,2,0,10,4,19966428,19980163,5,19970575,19978253,6,19927368,19974417,8,19970468,19970518
0,43,48,2,0,10,4,19956527,19970367,5,19947235,19959946,6,19936859,19979260,8,19920101,19980802
0,20,35,2,8,10,4,19953693,19960233,5,19950379,19953356,6,19920103,19981231,8,19920101,19980802
0,1,50,2,1,3,4,19950707,19964674,5,19970126,19977417,6,19920103,19981231,8,19920101,19980802
0,49,50,2,0,4,4,19920102,19981201,5,19948768,19950396,6,19949224,19972937,8,19920101,19980802
0,49,50,2,0,10,4,19920102,19981201,5,19952537,19971001,6,19933433,19962618,8,19935174,19951984
0,16,20,2,8,9,4,19920102,19981201,5,19920131,19981031,6,19956952,19961653,8,19950494,19955869
0,49,50,2,5,6,4,19920102,19981201,5,19970644,19973340,6,19920103,19981231,8,19920101,19980802
0,11,20,2,0,2,4,19977352,19980862,5,19920131,19981031,6,19920103,19981231,8,19967837,19973464
0,1,18,2,3,6,4,19921244,19951011,5,19920131,19981031,6,19950983,19966063,8,19920101,19980802
0,16,38,2,3,5,4,19920102,19981201,5,19942052,19971635,6,19979024,19980119,8,19920101,19980802
0,3,39,2,4,8,4,19954737,19973964,5,19978260,19980862,6,19941072,19974657,8,19920101,19980802
0,22,39,2,9,10,4,19920102,19981201,5,19979518,19980391,6,19920103,19981231,8,19979255,19980359
0,12,16,2,8,9,4,19980652,19980938,5,19920131,19981031,6,19920103,19981231,8,19920101,19980802
0,34,47,2,2,4,4,19924866,19943045,5,19946381,19967449,6,19920103,19981231,8,19920101,19980802
0,2,18,2,3,7,4,19922253,19969798,5,19965089,19976669,6,19940493,19966644,8,19920101,19980802
0,6,13,2,3,4,4,19920102,19981201,5,19944967,19962163,6,19920103,19981231,8,19944450,19950411
0,30,41,2,0,10,4,19920102,19981201,5,19959377,19970638,6,19939348,19957005,8,19941206,19979458
0,23,36,2,0,10,4,19953710,19975662,5,19950459,19977839,6,19977388,19980885,8,19920101,19980802
0,33,43,2,0,4,4,19945155,19975381,5,19920131,19981031,6,19979743,19980469,8,19920101,19980802
0,18,21,2,0,10,4,19967226,19972341,5,19920131,19981031,6,19978361,19980883,8,19961632,19978143
0,30,46,2,2,4,4,19935092,19976868,5,19976690,19980688,6,19920103,19981231,8,19949142,19975525
0,48,49,2,0,10,4,19961087,19965969,5,19929985,19970445,6,19920103,19981231,8,19920101,19980802
0,40,44,2,9,10,4,19920102,19981201,5,19920131,19981031,6,19920103,19981231,8,19930769,19934074
0,1,50,2,6,7,4,19968951,19971374,5,19949179,19967680,6,19931024,19979698,8,19920101,19980802
0,48,50,2,0,10,4,19920102,19981201,5,19922670,19956542,6,19954249,19968442,8,19949624,19953936
0,12,27,2,0,10,4,19920102,19981201,5,19959978,19960278,6,19957941,19964997,8,19958693,19968675
0,48,49,2,3,4,4,19920102,19981201,5,19967738,19974396,6,19920103,19981231,8,19937978,19979886
0,33,44,2,0,10,4,19970767,19972416,5,19977853,19980127,6,19969424,19973869,8,19956088,19974707
0,12,19,2,0,10,4,19949238,19962404,5,19966740,19973345,6,19944060,19972388,8,19920101,19980802
0,1,42,2,5,6,4,19966802,19970657,5,19930652,19968384,6,19920103,19981231,8,19920101,19980802
0,9,31,2,2,10,4,19963811,19970104,5,19920131,19981031,6,19920103,19981231,8,19943714,19964145
0,37,45,2,9,10,4,19920102,19981201,5,19920131,19981031,6,19972098,19980326,8,19920101,19980802
0,26,44,2,0,5,4,19920102,19981201,5,19969253,19975633,6,19928325,19969177,8,19920101,19980802
0,23,31,2,0,3,4,19920102,19981201,5,19944842,19978295,6,19974969,19980801,8,19920101,19980802
0,47,50,2,1,5,4,19920102,19981201,5,19978801,19980530,6,19920103,19981231,8,19963822,19974194
0,47,48,2,0,10,4,19928409,19973786,5,19958397,19979992,6,19964228,19970216,8,19920101,19980802
0,39,40,2,7,8,4,19920102,19981201,5,19948749,19958688,6,19947991,19956127,8,19946438,19971466
0,41,42,2,7,8,4,19920102,19981201,5,19920131,19981031,6,19928345,19972836,8,19970313,19973036
0,1,50,2,0,10,4,19920102,19981201,5,19924186,19972392,6,19959325,19970180,8,19968708,19979543
0,13,28,2,2,8,4,19970050,19972591,5,19926557,19967554,6,19920103,19981231,8,19950016,19961938
0,1,50,2,9,10,4,19943416,19966905,5,19962933,19980397,6,19942922,19962009,8,19920101,19980802
0,36,45,2,1,8,4,19934920,19960199,5,19930395,19937892,6,19920103,19981231,8,19920101,19980802
0,45,49,2,8,10,4,19920102,19981201,5,19920131,19981031,6,19959641,19966123,8,19946031,19954537
0,31,47,2,7,9,4,19946735,19954369,5,19951906,19971659,6,19920103,19981231,8,19933811,19965574
0,35,48,2,2,6,4,19922010,19933435,5,19920131,19981031,6,19931397,19949556,8,19920101,19980802
0,27,42,2,4,10,4,19920102,19981201,5,19979305,19980896,6,19964158,19972235,8,19970078,19979068
0,43,48,2,0,10,4,19940529,19945096,5,19920131,19981031,6,19944394,19959226,8,19920101,19980802
0,47,48,2,9,10,4,19965371,19980457,5,19920131,19981031,6,19920103,19981231,8,19968865,19973626
0,25,46,2,8,10,4,19920102,19981201,5,19920131,19981031,6,19956680,19972531,8,19953483,19960117
0,13,49,2,5,7,4,19969421,19977188,5,19957308,19961916,6,19940860,19978938,8,19920101,19980802
0,29,44,2,1,7,4,19949843,19950652,5,19940485,19945251,6,19932090,19967450,8,19920101,19980802
0,44,45,2,0,2,4,19931933,19963908,5,19920131,19981031,6,19920103,19981231,8,19952337,19976346
0,1,50,2,8,9,4,19920102,19981201,5,19979774,19980349,6,19956232,19978825,8,19920101,19980802
0,1,50,2,4,7,4,19920102,19981201,5,19978099,19980576,6,19935999,19971776,8,19920101,19980802
0,21,25,2,4,7,4,19951035,19971251,5,19942998,19956591,6,19920103,19981231,8,19920101,19980802
0,43,46,2,3,10,4,19920102,19981201,5,19967871,19975014,6,19920103,19981231,8,19937978,19964560
0,1,50,2,8,10,4,19955789,19973491,5,19942813,19961421,6,19920103,19981231,8,19949161,19951004
0,1,50,2,8,9,4,19957160,19969235,5,19965934,19971582,6,19920103,19981231,8,19920101,19980802
0,32,39,2,1,5,4,19973000,19980622,5,19953344,19971683,6,19920103,19981231,8,19925676,19972594
0,1,50,2,8,9,4,19959292,19961583,5,19936021,19953520,6,19920103,19981231,8,19920101,19980802
0,1,50,2,5,7,4,19976723,19980388,5,19969674,19971165,6,19920103,19981231,8,19965327,19971633
0,1,50,2,4,6,4,19920102,19981201,5,19936571,19959258,6,19923615,19933521,8,19920101,19980802
0,1,50,2,9,10,4,19953914,19974942,5,19949413,19951999,6,19948560,19961961,8,19920101,19980802
0,32,33,2,9,10,4,19920102,19981201,5,19920131,19981031,6,19944198,19958455,8,19920101,19980802
0,40,50,2,6,10,4,19920102,19981201,5,19962016,19978204,6,19972779,19980879,8,19920101,19980802
0,35,42,2,0,10,4,19979649,19980807,5,19965297,19976906,6,19920103,19981231,8,19928177,19976553
0,48,49,2,8,10,4,19920102,19981201,5,19920131,19981031,6,19966318,19970829,8,19960106,19970238
0,1,50,2,8,9,4,19945493,19978921,5,19963718,19980416,6,19977081,19980249,8,19920101,19980802
0,38,43,2,0,10,4,19960456,19963790,5,19920131,19981031,6,19966662,19977230,8,19940879,19975752
0,15,33,2,3,8,4,19936113,19956171,5,19937549,19940126,6,19920103,19981231,8,19920101,19980802
0,1,50,2,9,10,4,19920102,19981201,5,19968372,19972175,6,19956672,19968473,8,19957297,19963348
0,32,40,2,3,10,4,19930636,19955985,5,19957537,19965395,6,19920103,19981231,8,19946004,19959494
0,1,50,2,9,10,4,19920102,19981201,5,19954222,19977831,6,19949905,19954773,8,19920101,19980802
0,44,45,2,9,10,4,19922940,19975398,5,19920131,19981031,6,19963388,19980001,8,19920101,19980802
0,1,50,2,7,8,4,19970897,19976277,5,19920131,19981031,6,19975832,19980653,8,19940866,19977187
0,10,23,2,4,9,4,19978312,19980993,5,19953190,19974273,6,19920103,19981231,8,19920101,19980802
0,44,47,2,0,10,4,19923297,19956844,5,19937502,19980232,6,19951390,19980246,8,19920101,19980802
0,36,47,2,3,4,4,19920102,19981201,5,19956785,19961126,6,19920103,19981231,8,19929125,19956004
0,16,38,2,7,8,4,19944131,19962207,5,19920131,19981031,6,19963790,19980455,8,19920101,19980802
0,17,41,2,8,9,4,19946798,19962578,5,19962377,19975029,6,19920103,19981231,8,19920101,19980802
0,18,27,2,3,4,4,19920102,19981201,5,19920131,19981031,6,19947554,19972929,8,19923268,19941709
0,15,45,2,2,5,4,19960487,19962286,5,19968371,19974762,6,19920103,19981231,8,19920101,19980802
0,9,12,2,0,10,4,19969180,19975208,5,19920131,19981031,6,19973252,19980977,8,19920101,19980802
0,29,42,2,8,9,4,19948285,19958667,5,19920131,19981031,6,19920103,19981231,8,19923800,19941278
0,49,50,2,9,10,4,19924778,19970487,5,19920131,19981031,6,19950518,19960662,8,19948357,19965308
0,2,40,2,4,6,4,19920102,19981201,5,19953013,19971423,6,19936819,19957894,8,19920101,19980802
0,44,45,2,1,10,4,19945862,19950956,5,19920131,19981031,6,19920103,19981231,8,19939655,19943013
0,1,50,2,3,9,4,19920102,19981201,5,19980808,19980897,6,19920103,19981231,8,19961525,19980563
0,25,39,2,5,9,4,19920102,19981201,5,19946780,19966587,6,19921272,19947451,8,19920101,19980802
0,31,43,2,8,9,4,19932134,19973376,5,19958713,19974141,6,19920103,19981231,8,19945206,19957339
0,19,40,2,1,3,4,19920102,19981201,5,19942473,19953340,6,19959068,19967090,8,19920101,19980802
0,44,50,2,7,9,4,19969903,19980184,5,19920131,19981031,6,19920103,19981231,8,19950448,19967616
0,31,44,2,0,10,4,19920102,19981201,5,19954138,19961301,6,19942651,19953222,8,19920101,19980802
0,42,46,2,0,10,4,19978637,19980575,5,19965378,19978009,6,19920103,19981231,8,19961678,19971370
0,47,48,2,0,10,4,19920102,19981201,5,19942520,19968898,6,19920103,19981231,8,19921083,19945239
0,35,41,2,0,10,4,19951254,19961611,5,19924258,19958379,6,19920103,19981231,8,19920101,19980802
0,43,48,2,4,8,4,19920102,19981201,5,19932951,19942160,6,19945619,19969282,8,19920101,19980802
0,47,48,2,4,5,4,19969821,19971664,5,19957269,19976947,6,19920103,19981231,8,19920101,19980802
0,34,42,2,1,9,4,19942727,19965773,5,19920407,19945791,6,19920103,19981231,8,19920101,19980802
0,32,34,2,0,7,4,19920102,19981201,5,19948474,19969669,6,19921483,19960336,8,19925334,19942933
0,2,10,2,0,10,4,19943557,19959428,5,19954399,19980018,6,19920103,19981231,8,19934956,19965270
0,44,49,2,8,10,4,19920102,19981201,5,19941027,19941460,6,19920103,19981231,8,19936595,19955502
0,1,50,2,8,9,4,19948950,19957260,5,19957964,19966386,6,19920103,19981231,8,19930256,19954323
0,40,43,2,0,10,4,19956401,19975033,5,19928631,19954758,6,19936035,19972131,8,19920101,19980802
0,37,46,2,0,10,4,19969096,19980484,5,19936094,19964569,6,19920103,19981231,8,19920101,19980802
0,6,44,2,1,5,4,19960811,19968340,5,19961014,19969974,6,19962497,19980512,8,19920101,19980802
0,19,44,2,7,8,4,19925352,19957750,5,19925917,19934042,6,19932848,19973906,8,19920101,19980802
0,25,49,2,9,10,4,19947381,19960162,5,19957375,19976365,6,19920103,19981231,8,19920101,19980802
0,13,35,2,6,7,4,19932729,19979075,5,19980005,19980397,6,19920103,19981231,8,19920101,19980802
0,17,18,2,5,6,4,19920102,19981201,5,19920131,19981031,6,19955031,19964061,8,19927857,19974673
0,13,22,2,2,4,4,19971034,19971936,5,19920131,19981031,6,19920103,19981231,8,19920101,19980802
0,1,50,2,8,9,4,19964488,19973989,5,19977237,19980546,6,19954233,19979684,8,19920101,19980802
0,1,50,2,0,6,4,19920102,19981201,5,19941039,19951115,6,19952939,19966909,8,19937573,19962606
0,26,35,2,9,10,4,19978903,19980344,5,19920131,19981031,6,19920103,19981231,8,19920101,19980802
0,23,45,2,7,8,4,19920102,19981201,5,19920131,19981031,6,19967315,19972942,8,19966829,19970129
0,6,43,2,3,6,4,19921551,19954876,5,19920131,19981031,6,19956332,19960111,8,19920101,19980802
0,45,46,2,4,9,4,19920102,19981201,5,19920131,19981031,6,19971023,19979324,8,19921896,19974658
0,35,36,2,0,10,4,19920102,19981201,5,19929075,19969065,6,19947472,19953320,8,19929884,19946093
0,1,50,2,7,9,4,19920102,19981201,5,19920131,19981031,6,19970363,19978381,8,19951680,19965938
0,6,16,2,1,2,4,19920102,19981201,5,19979832,19980826,6,19974278,19980228,8,19920101,19980802
0,10,28,2,7,8,4,19936363,19954995,5,19932709,19942342,6,19949367,19964882,8,19920101,19980802
0,26,43,2,2,4,4,19928774,19973249,5,19920131,19981031,6,19979310,19980359,8,19920101,19980802
0,29,38,2,0,10,4,19949590,19980817,5,19965469,19974650,6,19952669,19963169,8,19920101,19980802
0,41,46,2,0,10,4,19949915,19962106,5,19964743,19971238,6,19928037,19978870,8,19937027,19964496
0,19,26,2,2,4,4,19920102,19981201,5,19920131,19981031,6,19957409,19970534,8,19925941,19954246
0,26,31,2,5,6,4,19920102,19981201,5,19920131,19981031,6,19979108,19980860,8,19977498,19980418
0,11,25,2,0,10,4,19920102,19981201,5,19979421,19980875,6,19966373,19972498,8,19920101,19980802
0,43,45,2,8,10,4,19935033,19976370,5,19920131,19981031,6,19920103,19981231,8,19960666,19962746
0,44,49,2,1,5,4,19920102,19981201,5,19949680,19979858,6,19920103,19981231,8,19936165,19948540
0,2,15,2,8,9,4,19920102,19981201,5,19968488,19970732,6,19920103,19981231,8,19950572,19967297
0,5,17,2,8,9,4,19968089,19974986,5,19959958,19970262,6,19920103,19981231,8,19920101,19980802
0,1,50,2,7,8,4,19968173,19976426,5,19920131,19981031,6,19979510,19980262,8,19954367,19974527
0,1,50,2,6,8,4,19920102,19981201,5,19974206,19980562,6,19948378,19977352,8,19920101,19980802
0,1,50,2,1,2,4,19934630,19960056,5,19929947,19936794,6,19920103,19981231,8,19920101,19980802
0,38,43,2,2,3,4,19979660,19980423,5,19965945,19980375,6,19920103,19981231,8,19920101,19980802
0,1,50,2,0,10,4,19930336,19954014,5,19956928,19970980,6,19929076,19951163,8,19924007,19962994
0,1,50,2,4,5,4,19940854,19967418,5,19943695,19961286,6,19969663,19972946,8,19920849,19977608
0,46,47,2,7,8,4,19958257,19978509,5,19948384,19965411,6,19920103,19981231,8,19956619,19963435
0,29,32,2,3,10,4,19932810,19979589,5,19955484,19963686,6,19961527,19975627,8,19920101,19980802
0,1,50,2,5,6,4,19969426,19981174,5,19936800,19964978,6,19942285,19976847,8,19957957,19965578
0,37,50,2,5,9,4,19945612,19972250,5,19929893,19944821,6,19920103,19981231,8,19920101,19980802
0,9,46,2,7,9,4,19940805,19956048,5,19953169,19968207,6,19920103,19981231,8,19920101,19980802
0,1,50,2,9,10,4,19930547,19937728,5,19934401,19965672,6,19923397,19940892,8,19920101,19980802
0,29,35,2,1,9,4,19945320,19958775,5,19948263,19963498,6,19955637,19965771,8,19920101,19980802
0,38,39,2,9,10,4,19923244,19969661,5,19958783,19963028,6,19920103,19981231,8,19920101,19980802
0,7,15,2,4,7,4,19935778,19974928,5,19961174,19966296,6,19920103,19981231,8,19920101,19980802
0,8,42,2,9,10,4,19948336,19976458,5,19920131,19981031,6,19977912,19980434,8,19942713,19972761
0,1,50,2,7,8,4,19932094,19962539,5,19920131,19981031,6,19928028,19956637,8,19930601,19931067
0,1,50,2,7,9,4,19963657,19980882,5,19974143,19980869,6,19963636,19974443,8,19920101,19980802
0,31,32,2,8,10,4,19920102,19981201,5,19936225,19969314,6,19938120,19974241,8,19959450,19962824
0,4,13,2,4,6,4,19938377,19941958,5,19920131,19981031,6,19920103,19981231,8,19925937,19934363
0,1,50,2,7,10,4,19920102,19981201,5,19977352,19980377,6,19957337,19972276,8,19920101,19980802
0,1,50,2,8,9,4,19923832,19971290,5,19967309,19979148,6,19921861,19964057,8,19920101,19980802
0,35,48,2,2,8,4,19948694,19969087,5,19926397,19942618,6,19920103,19981231,8,19920101,19980802
0,28,29,2,9,10,4,19920102,19981201,5,19920131,19981031,6,19939186,19962953,8,19957109,19977794
0,22,48,2,6,7,4,19938198,19949939,5,19920131,19981031,6,19944751,19955973,8,19930367,19957384
0,1,50,2,4,7,4,19920102,19981201,5,19942173,19971237,6,19928813,19949791,8,19920101,19980802
0,1,50,2,8,9,4,19920102,19981201,5,19967182,19971207,6,19923625,19961365,8,19932174,19978433
0,39,42,2,0,10,4,19920102,19981201,5,19966542,19979315,6,19921053,19973260,8,19970871,19974207
0,45,48,2,8,10,4,19920102,19981201,5,19952461,19976160,6,19920103,19981231,8,19921852,19958143
0,31,43,2,0,10,4,19971754,19980193,5,19943254,19978402,6,19920103,19981231,8,19951389,19974553
0,17,20,2,8,10,4,19920102,19981201,5,19951600,19978957,6,19968938,19979101,8,19931686,19964512
0,18,49,2,1,4,4,19947858,19962434,5,19956270,19974682,6,19948788,19956060,8,19946995,19976219
0,1,50,2,7,9,4,19926826,19976769,5,19943423,19961156,6,19967753,19971125,8,19920101,19980802
0,19,46,2,9,10,4,19947060,19964346,5,19966004,19974068,6,19920103,19981231,8,19943999,19970688
0,10,11,2,3,5,4,19936570,19971562,5,19920131,19981031,6,19920103,19981231,8,19964115,19974904
0,3,15,2,2,5,4,19941053,19966071,5,19942855,19970208,6,19967237,19970868,8,19920101,19980802
0,35,50,2,2,4,4,19920102,19981201,5,19926511,19977339,6,19978331,19980691,8,19920101,19980802
0,44,47,2,4,6,4,19951066,19954370,5,19920131,19981031,6,19920103,19981231,8,19929087,19972160
0,1,50,2,8,9,4,19948160,19965714,5,19950466,19969690,6,19962431,19972299,8,19920101,19980802
0,14,19,2,8,10,4,19920102,19981201,5,19920131,19981031,6,19920103,19981231,8,19976405,19980362
0,18,45,2,1,3,4,19920102,19981201,5,19980050,19980734,6,19930971,19980127,8,19920101,19980802
0,1,50,2,6,7,4,19939419,19980359,5,19969522,19975699,6,19924927,19964152,8,19920101,19980802
0,1,50,2,0,1,4,19932845,19948414,5,19942755,19952967,6,19920103,19981231,8,19932371,19942744
0,1,50,2,7,8,4,19969115,19972479,5,19957741,19962087,6,19920103,19981231,8,19941046,19967571
0,8,50,2,0,1,4,19928540,19954256,5,19920131,19981031,6,19955767,19975710,8,19937843,19954437
0,4,11,2,8,10,4,19964836,19975845,5,19920131,19981031,6,19920103,19981231,8,19945024,19961676
0,23,38,2,7,10,4,19920378,19965660,5,19964792,19974311,6,19920103,19981231,8,19920101,19980802
0,37,40,2,1,3,4,19920102,19981201,5,19920131,19981031,6,19954968,19970207,8,19946986,19958941
0,1,50,2,9,10,4,19941191,19954332,5,19942829,19963471,6,19957315,19976541,8,19920101,19980802
0,41,49,2,2,6,4,19950478,19957077,5,19959171,19975542,6,19934538,19980718,8,19939217,19973064
0,27,30,2,2,3,4,19954984,19961076,5,19920131,19981031,6,19952333,19969925,8,19957236,19967644
0,49,50,2,0,10,4,19920102,19981201,5,19920131,19981031,6,19971126,19975228,8,19920101,19980802
0,1,50,2,7,9,4,19936230,19956184,5,19932579,19957964,6,19958715,19972948,8,19932789,19960148
0,49,50,2,9,10,4,19960014,19970167,5,19920131,19981031,6,19920103,19981231,8,19937279,19961222
0,1,50,2,8,9,4,19977253,19980363,5,19957964,19974248,6,19920103,19981231,8,19955721,19975901
0,38,39,2,9,10,4,19964096,19972481,5,19920131,19981031,6,19920103,19981231,8,19953745,19975090
0,1,50,2,9,10,4,19920102,19981201,5,19955629,19966480,6,19939243,19956710,8,19933906,19966330
0,41,48,2,0,10,4,19933484,19970306,5,19964540,19970364,6,19920103,19981231,8,19967561,19976982
0,10,20,2,0,10,4,19920102,19981201,5,19966431,19976868,6,19954084,19967491,8,19920101,19980802
0,28,29,2,0,10,4,19920102,19981201,5,19920718,19967921,6,19951038,19975451,8,19951158,19954266
0,13,22,2,0,10,4,19920102,19981201,5,19937415,19980922,6,19925300,19931787,8,19924665,19946535
0,20,49,2,9,10,4,19923534,19931430,5,19935341,19960563,6,19920103,19981231,8,19920101,19980802
0,33,34,2,0,10,4,19920102,19981201,5,19979829,19980856,6,19920103,19981231,8,19962246,19975353
0,42,44,2,6,10,4,19944034,19969460,5,19920131,19981031,6,19920103,19981231,8,19930820,19942166
0,16,43,2,9,10,4,19922233,19943654,5,19948882,19972734,6,19939565,19970424,8,19938939,19946557
0,44,50,2,0,10,4,19925452,19932452,5,19926671,19963886,6,19935081,19966885,8,19920101,19980802
0,4,24,2,7,8,4,19978910,19980912,5,19955938,19978505,6,19920103,19981231,8,19920101,19980802
0,47,48,2,0,10,4,19969815,19974610,5,19920131,19981031,6,19932498,19971693,8,19956628,19963654
0,13,14,2,0,10,4,19920102,19981201,5,19965963,19976506,6,19920103,19981231,8,19939916,19965538
0,2,43,2,0,2,4,19962637,19978222,5,19920131,19981031,6,19978982,19980259,8,19920101,19980802
0,29,42,2,0,10,4,19920102,19981201,5,19979094,19980249,6,19967721,19971252,8,19943576,19978703
0,26,31,2,0,1,4,19923588,19965002,5,19920131,19981031,6,19940107,19979678,8,19924077,19933924
0,28,36,2,2,6,4,19920102,19981201,5,19921471,19948907,6,19948272,19954673,8,19936411,19960412
0,12,24,2,2,10,4,19957107,19968012,5,19964546,19978557,6,19958044,19961363,8,19920101,19980802
0,1,50,2,9,10,4,19922793,19956635,5,19957879,19971251,6,19943423,19974665,8,19947418,19978419
0,1,41,2,5,6,4,19921975,19959466,5,19958175,19964179,6,19920103,19981231,8,19943628,19974391
0,46,48,2,0,10,4,19920102,19981201,5,19948260,19952656,6,19957086,19976911,8,19920101,19980802
0,34,40,2,5,8,4,19920102,19981201,5,19920131,19981031,6,19920103,19981231,8,19971109,19972506
0,6,41,2,8,9,4,19920102,19981201,5,19956457,19978647,6,19931391,19953742,8,19920101,19980802
0,13,20,2,8,9,4,19926605,19972675,5,19920131,19981031,6,19936962,19940473,8,19920101,19980802
0,37,44,2,8,9,4,19931989,19970215,5,19920131,19981031,6,19965019,19977202,8,19920101,19980802
0,44,45,2,0,10,4,19979647,19980209,5,19920131,19981031,6,19979075,19980692,8,19920101,19980802
0,3,31,2,7,10,4,19920331,19969073,5,19967768,19972461,6,19920103,19981231,8,19920101,19980802
0,49,50,2,7,8,4,19920102,19981201,5,19920131,19981031,6,19920103,19981231,8,19960026,19968446
0,48,50,2,9,10,4,19957286,19966993,5,19920131,19981031,6,19920103,19981231,8,19960396,19961593
0,44,50,2,0,10,4,19920102,19981201,5,19965277,19971111,6,19951054,19962164,8,19920101,19980802
0,32,39,2,9,10,4,19979849,19980432,5,19970822,19980278,6,19920103,19981231,8,19920101,19980802
0,31,41,2,2,9,4,19940052,19961327,5,19969741,19978072,6,19920103,19981231,8,19920101,19980802
0,38,49,2,0,10,4,19920102,19981201,5,19965219,19972935,6,19949208,19961458,8,19920101,19980802
0,24,25,2,0,10,4,19968307,19976644,5,19920131,19981031,6,19971053,19975302,8,19920101,19980802
0,34,47,2,0,10,4,19956957,19963364,5,19951565,19963938,6,19966572,19978188,8,19920101,19980802
0,48,50,2,8,10,4,19922824,19970593,5,19920131,19981031,6,19920103,19981231,8,19961702,19975034
0,42,46,2,0,10,4,19925334,19945882,5,19923311,19978412,6,19946242,19966389,8,19920101,19980802
0,38,46,2,5,10,4,19920102,19981201,5,19948525,19951108,6,19920103,19981231,8,19942156,19950169
0,26,40,2,6,8,4,19920102,19981201,5,19961172,19969990,6,19969084,19980609,8,19920101,19980802
0,1,50,2,0,1,4,19945673,19960881,5,19939869,19942116,6,19934381,19954597,8,19920101,19980802
0,25,36,2,0,10,4,19946845,19966127,5,19959755,19978966,6,19944344,19952673,8,19943308,19954289
0,26,45,2,9,10,4,19938716,19959590,5,19924064,19933881,6,19933568,19957474,8,19920101,19980802
0,19,34,2,0,10,4,19946416,19953203,5,19945779,19953712,6,19952575,19967999,8,19920101,19980802
0,36,40,2,8,9,4,19923367,19944407,5,19920131,19981031,6,19929909,19953701,8,19926296,19930532
0,37,39,2,4,5,4,19977845,19980853,5,19920131,19981031,6,19920103,19981231,8,19920101,19980802
0,40,41,2,9,10,4,19940986,19978404,5,19943718,19957624,6,19920103,19981231,8,19920101,19980802
0,42,49,2,1,9,4,19926473,19966749,5,19966979,19976314,6,19920103,19981231,8,19920101,19980802
0,27,37,2,6,7,4,19920102,19981201,5,19920131,19981031,6,19957951,19972515,8,19929022,19956675
0,40,50,2,6,10,4,19920102,19981201,5,19970031,19974525,6,19955557,19970146,8,19953623,19970284
0,48,49,2,3,10,4,19962807,19971960,5,19937889,19970275,6,19967154,19977625,8,19920101,19980802
0,26,50,2,7,8,4,19941294,19971139,5,19922717,19944616,6,19920103,19981231,8,19920101,19980802
0,21,40,2,6,9,4,19921755,19931487,5,19920131,19981031,6,19935678,19967530,8,19920101,19980802
0,37,48,2,2,6,4,19969410,19971844,5,19940179,19965865,6,19948767,19980559,8,19920101,19980802
0,28,29,2,5,6,4,19960264,19962725,5,19920131,19981031,6,19932742,19979019,8,19944789,19968139
0,20,37,2,0,10,4,19936625,19975117,5,19967551,19971530,6,19936750,19963251,8,19920101,19980802
0,42,50,2,6,8,4,19920102,19981201,5,19968940,19975473,6,19933228,19981117,8,19935933,19961812
0,44,46,2,0,10,4,19920102,19981201,5,19955639,19963403,6,19966021,19970854,8,19947155,19969106
0,25,27,2,4,6,4,19920102,19981201,5,19978354,19980835,6,19978977,19980810,8,19920101,19980802
0,12,19,2,0,10,4,19920102,19981201,5,19968210,19978053,6,19949255,19969315,8,19938965,19970803
0,1,50,2,7,9,4,19920102,19981201,5,19944895,19951669,6,19929247,19946044,8,19920101,19980802
0,34,35,2,9,10,4,19946308,19955181,5,19920131,19981031,6,19942609,19964151,8,19929735,19974371
0,48,49,2,1,8,4,19920102,19981201,5,19920131,19981031,6,19948495,19968677,8,19926430,19942747
0,26,45,2,8,10,4,19925420,19945960,5,19943252,19957207,6,19920103,19981231,8,19925561,19959463
0,18,33,2,6,8,4,19930425,19942183,5,19943821,19976010,6,19920103,19981231,8,19920101,19980802
0,47,48,2,8,9,4,19955974,19964596,5,19920131,19981031,6,19920103,19981231,8,19920101,19980802
0,8,30,2,8,9,4,19920221,19979971,5,19979373,19980775,6,19920103,19981231,8,19920101,19980802
0,4,33,2,9,10,4,19920102,19981201,5,19943609,19969445,6,19964733,19971446,8,19949071,19964560
0,1,50,2,6,9,4,19923278,19963771,5,19963794,19975239,6,19967238,19979705,8,19920101,19980802
0,46,47,2,9,10,4,19954822,19974250,5,19966295,19972398,6,19920103,19981231,8,19920101,19980802
0,40,42,2,0,10,4,19920102,19981201,5,19924861,19933208,6,19935014,19958161,8,19920101,19980802
0,33,44,2,6,8,4,19920102,19981201,5,19954071,19975960,6,19978106,19980387,8,19920101,19980802
0,1,50,2,6,9,4,19938630,19972585,5,19969519,19978904,6,19932724,19967156,8,19920101,19980802
0,31,44,2,8,9,4,19920102,19981201,5,19940742,19948089,6,19942457,19973895,8,19920101,19980802
0,39,42,2,0,10,4,19953756,19960154,5,19920131,19981031,6,19943355,19976930,8,19948959,19970556
0,8,33,2,0,10,4,19920102,19981201,5,19920131,19981031,6,19943483,19973719,8,19951227,19959148
0,38,48,2,0,10,4,19923604,19956171,5,19956007,19972281,6,19920103,19981231,8,19920101,19980802
0,20,34,2,6,9,4,19979040,19981083,5,19965795,19975816,6,19920103,19981231,8,19920101,19980802
0,39,44,2,7,8,4,19947087,19960671,5,19920131,19981031,6,19920103,19981231,8,19940467,19950205
0,19,30,2,4,5,4,19957132,19961507,5,19920131,19981031,6,19920103,19981231,8,19926011,19959579
0,48,49,2,9,10,4,19920102,19981201,5,19958093,19977266,6,19920103,19981231,8,19946411,19968811
0,17,18,2,3,4,4,19934141,19942880,5,19920131,19981031,6,19933998,19958919,8,19920101,19980802
0,1,50,2,0,1,4,19920102,19981201,5,19944865,19969921,6,19934476,19946727,8,19931347,19978960
0,27,44,2,8,10,4,19964967,19979291,5,19950075,19967465,6,19920103,19981231,8,19920101,19980802
0,49,50,2,0,10,4,19931434,19960351,5,19955867,19969739,6,19920103,19981231,8,19931695,19978401
0,36,48,2,1,2,4,19939628,19969836,5,19920131,19981031,6,19925465,19977515,8,19921248,19937145
0,1,50,2,6,7,4,19920102,19981201,5,19952700,19968256,6,19944414,19956689,8,19920489,19965940
0,27,34,2,4,9,4,19935318,19951788,5,19930311,19935366,6,19920103,19981231,8,19925884,19942668
0,1,50,2,9,10,4,19939335,19978861,5,19959954,19964568,6,19931800,19952093,8,19920101,19980802
0,49,50,2,7,8,4,19952060,19962944,5,19920131,19981031,6,19920103,19981231,8,19920101,19980802
0,1,50,2,7,8,4,19930257,19975492,5,19932320,19979338,6,19979393,19980199,8,19920101,19980802
0,49,50,2,7,9,4,19920102,19981201,5,19920131,19981031,6,19952149,19962884,8,19958279,19964485
0,48,49,2,8,9,4,19920102,19981201,5,19944589,19958187,6,19943148,19970863,8,19920101,19980802
0,37,40,2,0,10,4,19920102,19981201,5,19967477,19973559,6,19945463,19970244,8,19957948,19964108
0,21,34,2,0,2,4,19951110,19978370,5,19920131,19981031,6,19946406,19952135,8,19920101,19980802
0,19,26,2,0,10,4,19935522,19964526,5,19940813,19950772,6,19949206,19960583,8,19950565,19962350
0,1,50,2,0,4,4,19952330,19961913,5,19968694,19970115,6,19959421,19970140,8,19920101,19980802
0,1,50,2,5,6,4,19921757,19958202,5,19920131,19981031,6,19955682,19972045,8,19920101,19980802
0,21,41,2,7,9,4,19920102,19981201,5,19926107,19934910,6,19939088,19941148,8,19920101,19980802
0,19,20,2,0,10,4,19948574,19969360,5,19920131,19981031,6,19947590,19950243,8,19920101,19980802
0,1,50,2,1,2,4,19966159,19970705,5,19926707,19969287,6,19920103,19981231,8,19948701,19974766
0,13,28,2,3,7,4,19959716,19967668,5,19920131,19981031,6,19965357,19979932,8,19920101,19980802
0,44,49,2,2,9,4,19964611,19975463,5,19948714,19967918,6,19920103,19981231,8,19932812,19966732
0,20,27,2,5,8,4,19920102,19981201,5,19939882,19980942,6,19920103,19981231,8,19970386,19970439
0,43,48,2,0,2,4,19920102,19981201,5,19920131,19981031,6,19956048,19963306,8,19939972,19955125
0,34,41,2,0,9,4,19920102,19981201,5,19979867,19980307,6,19958678,19979310,8,19920101,19980802
0,1,50,2,8,9,4,19960120,19964210,5,19941560,19952804,6,19920103,19981231,8,19920101,19980802
0,35,42,2,1,2,4,19927559,19964930,5,19920131,19981031,6,19927453,19950575,8,19949048,19950271
0,31,33,2,1,7,4,19932967,19980960,5,19920131,19981031,6,19954238,19967652,8,19940791,19958669
0,1,50,2,4,9,4,19971216,19978775,5,19920131,19981031,6,19969076,19975556,8,19931909,19977325
0,1,50,2,9,10,4,19948143,19955567,5,19946089,19963741,6,19956265,19962961,8,19920101,19980802
0,45,46,2,9,10,4,19920102,19981201,5,19959422,19980577,6,19965793,19971938,8,19952474,19970616
0,1,50,2,3,4,4,19920102,19981201,5,19979315,19980996,6,19937167,19978876,8,19920101,19980802
0,1,50,2,3,4,4,19949448,19976245,5,19936125,19942122,6,19920103,19981231,8,19939548,19958579
0,14,21,2,2,7,4,19958978,19965422,5,19920131,19981031,6,19964804,19976911,8,19920101,19980802
0,41,42,2,0,10,4,19958704,19968264,5,19931131,19961262,6,19920103,19981231,8,19926956,19952604
0,28,29,2,5,6,4,19920102,19981201,5,19920131,19981031,6,19965832,19974680,8,19920101,19980802
0,25,40,2,9,10,4,19920102,19981201,5,19929630,19961284,6,19961453,19980585,8,19920101,19980802
0,47,49,2,9,10,4,19920102,19981201,5,19970642,19976230,6,19920103,19981231,8,19920101,19980802
0,44,48,2,7,10,4,19920102,19981201,5,19976495,19980428,6,19920103,19981231,8,19924449,19975497
0,2,42,2,4,5,4,19978717,19980113,5,19920131,19981031,6,19920103,19981231,8,19953619,19976724
0,47,50,2,0,10,4,19963494,19974917,5,19946845,19967902,6,19944085,19972807,8,19940629,19969227
0,43,47,2,0,10,4,19920102,19981201,5,19951588,19963776,6,19968450,19973128,8,19947524,19961922
0,20,34,2,3,5,4,19931151,19952872,5,19920131,19981031,6,19955121,19970544,8,19942821,19964140
0,29,41,2,0,10,4,19920102,19981201,5,19945520,19980597,6,19938347,19948762,8,19927136,19965952
0,21,34,2,8,10,4,19943401,19980457,5,19933280,19948109,6,19920103,19981231,8,19937596,19965863
0,16,17,2,5,6,4,19933658,19962620,5,19927512,19965243,6,19957221,19963003,8,19920101,19980802
0,1,50,2,6,7,4,19920102,19981201,5,19957207,19973479,6,19948727,19955833,8,19950106,19960019
0,43,49,2,1,4,4,19920102,19981201,5,19940045,19954020,6,19935127,19953768,8,19930922,19934445
0,13,18,2,5,7,4,19944452,19961269,5,19920131,19981031,6,19961174,19980028,8,19941995,19968847
0,30,35,2,0,10,4,19922436,19947186,5,19944027,19956693,6,19929641,19978235,8,19922374,19956195
0,38,39,2,8,9,4,19967396,19972318,5,19920131,19981031,6,19920103,19981231,8,19965395,19972634
0,19,32,2,7,9,4,19940740,19950164,5,19944468,19954053,6,19920103,19981231,8,19920101,19980802
0,1,50,2,4,5,4,19920102,19981201,5,19959309,19961005,6,19930148,19957308,8,19920101,19980802
0,18,27,2,4,5,4,19920102,19981201,5,19944569,19973380,6,19955559,19975742,8,19932187,19958307
0,30,35,2,4,5,4,19945742,19954625,5,19920131,19981031,6,19920103,19981231,8,19927695,19943143
0,42,46,2,0,10,4,19920102,19981201,5,19960916,19968070,6,19969546,19977563,8,19920101,19980802
0,45,47,2,6,7,4,19970754,19978470,5,19920131,19981031,6,19920103,19981231,8,19920101,19980802
0,46,50,2,0,10,4,19966494,19970279,5,19932034,19962537,6,19920103,19981231,8,19955387,19963150
0,37,38,2,5,7,4,19957267,19968351,5,19937785,19964251,6,19920103,19981231,8,19956680,19979462
0,36,42,2,0,10,4,19960633,19966423,5,19931823,19971670,6,19966046,19979691,8,19920101,19980802
0,17,33,2,6,9,4,19941686,19974632,5,19940194,19949371,6,19920103,19981231,8,19920101,19980802
0,9,10,2,0,9,4,19979583,19980606,5,19920131,19981031,6,19920103,19981231,8,19955392,19974573
0,1,50,2,4,5,4,19948022,19954710,5,19944918,19975832,6,19954995,19975881,8,19920101,19980802
0,1,50,2,8,10,4,19968151,19972229,5,19964974,19974312,6,19977745,19980372,8,19920101,19980802
0,46,49,2,5,10,4,19951097,19959675,5,19920131,19981031,6,19920103,19981231,8,19920101,19980802
0,17,18,2,0,10,4,19957321,19969097,5,19942468,19970352,6,19920103,19981231,8,19960897,19964027
0,48,49,2,1,3,4,19920102,19981201,5,19927661,19973986,6,19920103,19981231,8,19950274,19956164
0,4,5,2,0,10,4,19920102,19981201,5,19953833,19977945,6,19966796,19976560,8,19955023,19962655
0,30,38,2,3,5,4,19945090,19975639,5,19920131,19981031,6,19920103,19981231,8,19936258,19948346
0,26,50,2,7,8,4,19920102,19981201,5,19926579,19965945,6,19961685,19973011,8,19920101,19980802
0,1,50,2,9,10,4,19958757,19969594,5,19965590,19978005,6,19920103,19981231,8,19929151,19979631
0,24,41,2,5,10,4,19957554,19980914,5,19920308,19953562,6,19944129,19975850,8,19920101,19980802
0,25,47,2,7,8,4,19938489,19957086,5,19920131,19981031,6,19957190,19964575,8,19920101,19980802
0,49,50,2,0,10,4,19920102,19981201,5,19956378,19963549,6,19946811,19962665,8,19950259,19959400
0,47,49,2,3,4,4,19967879,19975032,5,19920131,19981031,6,19920103,19981231,8,19962598,19976159
0,10,39,2,5,6,4,19920102,19981201,5,19920131,19981031,6,19921022,19970918,8,19941157,19949868
0,31,35,2,2,9,4,19947987,19974518,5,19936484,19943036,6,19920103,19981231,8,19920101,19980802
0,1,50,2,9,10,4,19946622,19958717,5,19952679,19962694,6,19950248,19979226,8,19920101,19980802
0,23,34,2,6,10,4,19959831,19967853,5,19920131,19981031,6,19966107,19979316,8,19920101,19980802
0,1,50,2,8,9,4,19944890,19978757,5,19966778,19978322,6,19979936,19980815,8,19920101,19980802
0,1,50,2,4,7,4,19925688,19960539,5,19925823,19940243,6,19937668,19962750,8,19933520,19955931
0,1,50,2,7,10,4,19921206,19963638,5,19948747,19952795,6,19935446,19943224,8,19920101,19980802
0,49,50,2,1,7,4,19920102,19981201,5,19920131,19981031,6,19970935,19979166,8,19945665,19978289
0,41,47,2,9,10,4,19971002,19977270,5,19952219,19975234,6,19920103,19981231,8,19920101,19980802
0,40,48,2,4,6,4,19976455,19980742,5,19920131,19981031,6,19920103,19981231,8,19939480,19972151
0,48,50,2,9,10,4,19920102,19981201,5,19920131,19981031,6,19979385,19980961,8,19920101,19980802
0,19,20,2,4,8,4,19920102,19981201,5,19949910,19950533,6,19920103,19981231,8,19934451,19965478
0,48,49,2,2,7,4,19970823,19976258,5,19920131,19981031,6,19920103,19981231,8,19965201,19974343
0,3,17,2,8,9,4,19920102,19981201,5,19920131,19981031,6,19980903,19981209,8,19980336,19980663
0,39,48,2,0,10,4,19920102,19981201,5,19934811,19951118,6,19955696,19965210,8,19920101,19980802
0,22,31,2,3,9,4,19962896,19979817,5,19921259,19963411,6,19920103,19981231,8,19920101,19980802
0,22,27,2,3,4,4,19952549,19977888,5,19920131,19981031,6,19920103,19981231,8,19946396,19954559
0,20,43,2,4,7,4,19942616,19952178,5,19920131,19981031,6,19956849,19963469,8,19937024,19977528
0,1,50,2,8,9,4,19920102,19981201,5,19958370,19977097,6,19941244,19958186,8,19920101,19980802
0,45,50,2,2,7,4,19920102,19981201,5,19978888,19980212,6,19920103,19981231,8,19920101,19980802
0,41,44,2,0,2,4,19920102,19981201,5,19920131,19981031,6,19970825,19978310,8,19920101,19980802
0,18,30,2,0,8,4,19920102,19981201,5,19955450,19963036,6,19931698,19959157,8,19920101,19980802
0,44,48,2,0,10,4,19948443,19950135,5,19947184,19970663,6,19920103,19981231,8,19937763,19977316
0,1,50,2,6,7,4,19949175,19966732,5,19935953,19947835,6,19933597,19977487,8,19920101,19980802
0,45,46,2,6,7,4,19920102,19981201,5,19933569,19961754,6,19920249,19941781,8,19920101,19980802
0,23,24,2,0,1,4,19920102,19981201,5,19936528,19962905,6,19920103,19981231,8,19933148,19950252
0,48,49,2,0,10,4,19971098,19974193,5,19920131,19981031,6,19968446,19974569,8,19920448,19974142
0,44,49,2,7,9,4,19926297,19978138,5,19956764,19973199,6,19920103,19981231,8,19960976,19968880
0,45,46,2,0,10,4,19975831,19980932,5,19979439,19980315,6,19920103,19981231,8,19955550,19974501
0,7,25,2,9,10,4,19972742,19980195,5,19937339,19980261,6,19920103,19981231,8,19920101,19980802
0,12,42,2,8,10,4,19939117,19962153,5,19926873,19933690,6,19920103,19981231,8,19925228,19948010
0,1,50,2,9,10,4,19920102,19981201,5,19948518,19957711,6,19925980,19944132,8,19920101,19980802
0,18,50,2,6,8,4,19921824,19948263,5,19920131,19981031,6,19942008,19960339,8,19920101,19980802
0,9,10,2,0,4,4,19979945,19980574,5,19977950,19981024,6,19920103,19981231,8,19920101,19980802
0,22,31,2,0,10,4,19960784,19967336,5,19968627,19977561,6,19920103,19981231,8,19920101,19980802
0,1,50,2,8,9,4,19938704,19958795,5,19930501,19933942,6,19934961,19955082,8,19920101,19980802
0,7,12,2,7,10,4,19920102,19981201,5,19951418,19966762,6,19920103,19981231,8,19932625,19952776
0,33,41,2,2,8,4,19920102,19981201,5,19941543,19951359,6,19957914,19968736,8,19920101,19980802
0,35,48,2,0,10,4,19940595,19965960,5,19946069,19972547,6,19928463,19942753,8,19920101,19980802
0,8,39,2,0,10,4,19920102,19981201,5,19979753,19980696,6,19980833,19981064,8,19920101,19980802
0,15,47,2,1,2,4,19953595,19977381,5,19946019,19953269,6,19920103,19981231,8,19930264,19957679
0,1,50,2,5,6,4,19957434,19967927,5,19926742,19956470,6,19920103,19981231,8,19920101,19980802
0,44,49,2,0,10,4,19954150,19978686,5,19944098,19951357,6,19920103,19981231,8,19920101,19980802
0,11,20,2,3,7,4,19920394,19925031,5,19920131,19981031,6,19925062,19930385,8,19920101,19980802
0,26,27,2,0,10,4,19936472,19978323,5,19949455,19967705,6,19920103,19981231,8,19933544,19947836
0,17,33,2,5,10,4,19969000,19980046,5,19920131,19981031,6,19979378,19981033,8,19920101,19980802
0,1,50,2,2,3,4,19956490,19962359,5,19969625,19974244,6,19920103,19981231,8,19925454,19973570
0,3,28,2,7,9,4,19980019,19980121,5,19920131,19981031,6,19920103,19981231,8,19963752,19974355
0,35,36,2,9,10,4,19957433,19971432,5,19940394,19969636,6,19922597,19979403,8,19920101,19980802
0,1,50,2,6,7,4,19936390,19958780,5,19920131,19981031,6,19959918,19961313,8,19933108,19960614
0,30,33,2,0,10,4,19930994,19967877,5,19920131,19981031,6,19967495,19975234,8,19920101,19980802
0,34,38,2,0,10,4,19940252,19963864,5,19924370,19953987,6,19920103,19981231,8,19925839,19934041
0,47,50,2,0,10,4,19969230,19970393,5,19958801,19961915,6,19920103,19981231,8,19954605,19972413
0,1,50,2,7,8,4,19959886,19967710,5,19965037,19980487,6,19920103,19981231,8,19956818,19964589
0,22,39,2,3,8,4,19927948,19950302,5,19920131,19981031,6,19940543,19969584,8,19942454,19979769
0,30,49,2,6,10,4,19958954,19961154,5,19948140,19955305,6,19920103,19981231,8,19920101,19980802
0,1,50,2,8,10,4,19920102,19981201,5,19957017,19966343,6,19938104,19954111,8,19941742,19969093
0,12,48,2,0,10,4,19920102,19981201,5,19979980,19980102,6,19920279,19980858,8,19946835,19977883
0,1,50,2,8,10,4,19925957,19974689,5,19949101,19961524,6,19927672,19947249,8,19920101,19980802
0,1,50,2,4,6,4,19959780,19981170,5,19976407,19980732,6,19965849,19973064,8,19920101,19980802
0,31,34,2,0,10,4,19932839,19951286,5,19952184,19966571,6,19942615,19970851,8,19947518,19956539
0,44,45,2,2,7,4,19920102,19981201,5,19920131,19981031,6,19960288,19968148,8,19960611,19971919
0,30,40,2,2,5,4,19964202,19974988,5,19952564,19965935,6,19965134,19973327,8,19925602,19962962
0,32,38,2,7,10,4,19961239,19970464,5,19936700,19979569,6,19920103,19981231,8,19969939,19971498
0,22,29,2,3,9,4,19936295,19970894,5,19925698,19932381,6,19920103,19981231,8,19920101,19980802
0,1,50,2,5,7,4,19965134,19977292,5,19969158,19979166,6,19975027,19981080,8,19920101,19980802
0,37,41,2,0,10,4,19920102,19981201,5,19920131,19981031,6,19940317,19945514,8,19928064,19939077
0,21,30,2,9,10,4,19920102,19981201,5,19957143,19960306,6,19924439,19972978,8,19920101,19980802
0,8,25,2,5,9,4,19929484,19963918,5,19920131,19981031,6,19967899,19971916,8,19920101,19980802
0,44,47,2,1,6,4,19920102,19981201,5,19920131,19981031,6,19980250,19980379,8,19920101,19980802
0,2,46,2,9,10,4,19920102,19981201,5,19967039,19975323,6,19922561,19966419,8,19920101,19980802
0,35,36,2,5,7,4,19930189,19944801,5,19920131,19981031,6,19920103,19981231,8,19934386,19944850
0,20,38,2,8,10,4,19946035,19954964,5,19920131,19981031,6,19920103,19981231,8,19950952,19960997
0,15,16,2,8,9,4,19920102,19981201,5,19940118,19965475,6,19920103,19981231,8,19946546,19959095
0,11,39,2,6,7,4,19929647,19963201,5,19935110,19946122,6,19949334,19954253,8,19920101,19980802
0,17,20,2,2,9,4,19952669,19974540,5,19966376,19976061,6,19920103,19981231,8,19921924,19964762
0,1,19,2,0,10,4,19929664,19942988,5,19934787,19945395,6,19943117,19975472,8,19920101,19980802
0,24,36,2,0,6,4,19920102,19981201,5,19967943,19973451,6,19922898,19965541,8,19948188,19972215
0,13,34,2,7,8,4,19920102,19981201,5,19951155,19951590,6,19920103,19981231,8,19930533,19957812
0,5,10,2,8,9,4,19920102,19981201,5,19920131,19981031,6,19964237,19975586,8,19933158,19965595
0,47,48,2,0,10,4,19926307,19973495,5,19920131,19981031,6,19964518,19975865,8,19924800,19963859
0,24,33,2,5,7,4,19920102,19981201,5,19920131,19981031,6,19920103,19981231,8,19980109,19980284
0,1,50,2,1,2,4,19926782,19959262,5,19920131,19981031,6,19954620,19964297,8,19928818,19974701
0,45,50,2,0,10,4,19920335,19971128,5,19950860,19952954,6,19955124,19968956,8,19920101,19980802
0,38,42,2,8,9,4,19920102,19981201,5,19920131,19981031,6,19920701,19927466,8,19920101,19980802
0,19,27,2,6,9,4,19936045,19967316,5,19950375,19953891,6,19955477,19962433,8,19920101,19980802
0,45,46,2,9,10,4,19958271,19969835,5,19959484,19974351,6,19920103,19981231,8,19920101,19980802
0,41,43,2,0,10,4,19958279,19970091,5,19956702,19970353,6,19934886,19975259,8,19927014,19958323
0,1,50,2,5,7,4,19946612,19971077,5,19966610,19976702,6,19956458,19966071,8,19939445,19963944
0,33,47,2,8,9,4,19920102,19981201,5,19938355,19957665,6,19957433,19977626,8,19920101,19980802
0,45,47,2,7,8,4,19937134,19957090,5,19950689,19972402,6,19920103,19981231,8,19920101,19980802
0,39,45,2,9,10,4,19920102,19981201,5,19920131,19981031,6,19980758,19980998,8,19920101,19980802
0,35,45,2,9,10,4,19920102,19981201,5,19977247,19980281,6,19920103,19981231,8,19920101,19980802
0,13,22,2,2,10,4,19920102,19981201,5,19966887,19976897,6,19941078,19964084,8,19958249,19966670
0,40,46,2,8,9,4,19920102,19981201,5,19980494,19980646,6,19920103,19981231,8,19920101,19980802
0,1,50,2,3,4,4,19946536,19968298,5,19970073,19975139,6,19920103,19981231,8,19960694,19963082
0,1,50,2,2,7,4,19980380,19980464,5,19920131,19981031,6,19920103,19981231,8,19938731,19972149
0,1,50,2,6,7,4,19920102,19981201,5,19920131,19981031,6,19921780,19938924,8,19931084,19938784
0,29,31,2,3,4,4,19920102,19981201,5,19950919,19975634,6,19949451,19960759,8,19952940,19977762
0,20,33,2,9,10,4,19920102,19981201,5,19939681,19980181,6,19941070,19945315,8,19921674,19965445
0,35,46,2,9,10,4,19958085,19974651,5,19920131,19981031,6,19957838,19970170,8,19939507,19958563
0,1,50,2,8,9,4,19967892,19972802,5,19948707,19963705,6,19964473,19977712,8,19920101,19980802
0,3,9,2,4,6,4,19934747,19975711,5,19920131,19981031,6,19920103,19981231,8,19924029,19932013
0,36,45,2,8,10,4,19956034,19975390,5,19920131,19981031,6,19920103,19981231,8,19943411,19954084
0,40,41,2,7,9,4,19920102,19981201,5,19957394,19963082,6,19920103,19981231,8,19956350,19977284
0,39,41,2,0,10,4,19920102,19981201,5,19934548,19959719,6,19957643,19965870,8,19943165,19967758
0,33,50,2,0,4,4,19920102,19981201,5,19962205,19970729,6,19959997,19965721,8,19920101,19980802
0,35,39,2,6,7,4,19933285,19980131,5,19962568,19972974,6,19920103,19981231,8,19955288,19970468
0,16,40,2,8,10,4,19920102,19981201,5,19959805,19964069,6,19963187,19973628,8,19920101,19980802
0,1,50,2,6,8,4,19944710,19954058,5,19959936,19975584,6,19953452,19980393,8,19936527,19980229
0,47,49,2,6,8,4,19920102,19981201,5,19945368,19978523,6,19962457,19978380,8,19938146,19964952
0,8,18,2,4,5,4,19920102,19981201,5,19961694,19979342,6,19967969,19970368,8,19951137,19976768
0,10,18,2,0,10,4,19936431,19972274,5,19920131,19981031,6,19978279,19980557,8,19944382,19976651
0,41,43,2,0,10,4,19920102,19981201,5,19940738,19946800,6,19944691,19977676,8,19920101,19980802
0,42,45,2,3,8,4,19920102,19981201,5,19920131,19981031,6,19920103,19981231,8,19976701,19980226
0,41,50,2,4,7,4,19920102,19981201,5,19960745,19963777,6,19969501,19975547,8,19920101,19980802
0,12,38,2,1,3,4,19949041,19976288,5,19980041,19980313,6,19920103,19981231,8,19920101,19980802
0,39,42,2,6,8,4,19920102,19981201,5,19934710,19974690,6,19965074,19975404,8,19946537,19968020
0,33,49,2,5,9,4,19937695,19964285,5,19939626,19978209,6,19966177,19976024,8,19920101,19980802
0,1,50,2,6,8,4,19930334,19975677,5,19968788,19978706,6,19937702,19967166,8,19920101,19980802
0,6,14,2,0,10,4,19942995,19958763,5,19920922,19946495,6,19920103,19981231,8,19937174,19965182
0,41,42,2,3,4,4,19934808,19973923,5,19920131,19981031,6,19920103,19981231,8,19951986,19967743
0,1,50,2,9,10,4,19920102,19981201,5,19965217,19980867,6,19935615,19966608,8,19920101,19980802
0,30,46,2,4,8,4,19940955,19954779,5,19956962,19967366,6,19920103,19981231,8,19920101,19980802
0,7,9,2,0,10,4,19964042,19970169,5,19920131,19981031,6,19953530,19977367,8,19920101,19980802
0,14,15,2,8,9,4,19957378,19964066,5,19920131,19981031,6,19938148,19965009,8,19920101,19980802
0,30,32,2,6,7,4,19932575,19964514,5,19937375,19940508,6,19920103,19981231,8,19920101,19980802
0,20,36,2,3,8,4,19921929,19975952,5,19977865,19980291,6,19920103,19981231,8,19920101,19980802
0,19,37,2,6,8,4,19920102,19981201,5,19969453,19970144,6,19955234,19971215,8,19920101,19980802
0,44,49,2,0,3,4,19920102,19981201,5,19956872,19978612,6,19920103,19981231,8,19961070,19962976
0,49,50,2,5,6,4,19920102,19981201,5,19967866,19977181,6,19920103,19981231,8,19920101,19980802
0,45,46,2,4,5,4,19929253,19962692,5,19947009,19956743,6,19920103,19981231,8,19920101,19980802
0,39,48,2,1,6,4,19927383,19966654,5,19941026,19974543,6,19967545,19978092,8,19920101,19980802
0,46,50,2,0,10,4,19940440,19958736,5,19920131,19981031,6,19920103,19981231,8,19947193,19950138
0,1,50,2,3,5,4,19920102,19981201,5,19968900,19976267,6,19947961,19961907,8,19920101,19980802
0,1,50,2,7,8,4,19943405,19963935,5,19967041,19979743,6,19920103,19981231,8,19920101,19980802
0,17,37,2,1,6,4,19920747,19939587,5,19920131,19981031,6,19936926,19973116,8,19920101,19980802
0,13,20,2,0,10,4,19932628,19954430,5,19954874,19976710,6,19920103,19981231,8,19920101,19980802
0,28,44,2,8,10,4,19966354,19980977,5,19956188,19965482,6,19920103,19981231,8,19920101,19980802
0,9,30,2,0,4,4,19980092,19980897,5,19924840,19975469,6,19920103,19981231,8,19920101,19980802
0,1,50,2,3,6,4,19937310,19957577,5,19959677,19971355,6,19956743,19979286,8,19920101,19980802
0,43,49,2,2,5,4,19920102,19981201,5,19920131,19981031,6,19977902,19981127,8,19978462,19980170
0,1,42,2,6,7,4,19936279,19957728,5,19920131,19981031,6,19955645,19968484,8,19921600,19953389
0,1,50,2,3,6,4,19945668,19975308,5,19955582,19965613,6,19935235,19955558,8,19920101,19980802
0,12,38,2,6,8,4,19964361,19973688,5,19932147,19963458,6,19925277,19978749,8,19939733,19977413
0,1,50,2,0,3,4,19958299,19962409,5,19961753,19979299,6,19961568,19973645,8,19953086,19978316
0,1,50,2,1,2,4,19920102,19981201,5,19969415,19974952,6,19951971,19964431,8,19920101,19980802
0,2,33,2,7,10,4,19920102,19981201,5,19959763,19975430,6,19946396,19956524,8,19920101,19980802
0,11,40,2,9,10,4,19923995,19952081,5,19920131,19981031,6,19958064,19971417,8,19926710,19980640
0,47,48,2,9,10,4,19920102,19981201,5,19920131,19981031,6,19930311,19955461,8,19948549,19962524
0,1,50,2,0,10,4,19963025,19976861,5,19920131,19981031,6,19945451,19971430,8,19933647,19960946
0,43,49,2,5,8,4,19967240,19975446,5,19958673,19974949,6,19920103,19981231,8,19957045,19968580
0,24,45,2,3,6,4,19941023,19961911,5,19967576,19978011,6,19920103,19981231,8,19920101,19980802
0,38,39,2,2,3,4,19958949,19975405,5,19920131,19981031,6,19940561,19967257,8,19920101,19980802
0,27,39,2,2,10,4,19960460,19977827,5,19976840,19980581,6,19920103,19981231,8,19920101,19980802
0,1,26,2,6,7,4,19950698,19975305,5,19958157,19962488,6,19970036,19974717,8,19920101,19980802
0,1,50,2,5,6,4,19956606,19973621,5,19977090,19980673,6,19945252,19973024,8,19920101,19980802
0,8,42,2,5,6,4,19920102,19981201,5,19965002,19971306,6,19951564,19965620,8,19920101,19980802
0,30,31,2,3,5,4,19930989,19964761,5,19920131,19981031,6,19920103,19981231,8,19923499,19938524
0,38,46,2,5,7,4,19928071,19930572,5,19920131,19981031,6,19920103,19981231,8,19921088,19924743
0,11,12,2,9,10,4,19947163,19955705,5,19920131,19981031,6,19920103,19981231,8,19920101,19980802
0,1,50,2,8,9,4,19920102,19981201,5,19925662,19930284,6,19922766,19951497,8,19924745,19945930
0,28,29,2,7,8,4,19920102,19981201,5,19966007,19971575,6,19936314,19975384,8,19965675,19971294
0,15,24,2,0,10,4,19945434,19953777,5,19939427,19943430,6,19920103,19981231,8,19920101,19980802
0,39,43,2,0,10,4,19949945,19968503,5,19961199,19971465,6,19920103,19981231,8,19920101,19980802
0,47,49,2,4,6,4,19920102,19981201,5,19931209,19956937,6,19951063,19980482,8,19945702,19977246
0,37,49,2,9,10,4,19920102,19981201,5,19971149,19976367,6,19920103,19981231,8,19920101,19980802
0,16,25,2,0,10,4,19933004,19959531,5,19956978,19960334,6,19920103,19981231,8,19920965,19953626
0,1,50,2,0,1,4,19947976,19966574,5,19955693,19964342,6,19946248,19956907,8,19924988,19977991
0,24,29,2,0,10,4,19955573,19980519,5,19970990,19973542,6,19977262,19980531,8,19965226,19971339
0,12,30,2,0,2,4,19944915,19964272,5,19920131,19981031,6,19964072,19975205,8,19938658,19965816
0,26,48,2,1,2,4,19947118,19965213,5,19920131,19981031,6,19963691,19973230,8,19920101,19980802
0,14,43,2,9,10,4,19935917,19953052,5,19920131,19981031,6,19956459,19970900,8,19920101,19980802
0,26,27,2,4,8,4,19920102,19981201,5,19968596,19980558,6,19980192,19981179,8,19920101,19980802
0,3,8,2,5,6,4,19920102,19981201,5,19969893,19978499,6,19951848,19978655,8,19954399,19966398
0,29,40,2,0,10,4,19954352,19968427,5,19963880,19974172,6,19928465,19967816,8,19920101,19980802
0,24,45,2,8,9,4,19946051,19966444,5,19920131,19981031,6,19968523,19973276,8,19920101,19980802
0,28,38,2,5,10,4,19942162,19971784,5,19923976,19943925,6,19920103,19981231,8,19920101,19980802
0,9,42,2,6,9,4,19924418,19955909,5,19943406,19954708,6,19957903,19971416,8,19920101,19980802
0,40,46,2,3,6,4,19920102,19981201,5,19979634,19980461,6,19920103,19981231,8,19928301,19972744
0,47,48,2,8,9,4,19920102,19981201,5,19920131,19981031,6,19932845,19968959,8,19953601,19962584
0,24,40,2,6,7,4,19920102,19981201,5,19935930,19968019,6,19962516,19979318,8,19920101,19980802
0,11,31,2,3,7,4,19924537,19972684,5,19975807,19980817,6,19951472,19973003,8,19920101,19980802
0,30,44,2,7,8,4,19959570,19976554,5,19961583,19971194,6,19920103,19981231,8,19953775,19965381
0,37,42,2,8,10,4,19950086,19976230,5,19920131,19981031,6,19943571,19955802,8,19935821,19941532
0,1,50,2,4,7,4,19972630,19980805,5,19967285,19977881,6,19977804,19980156,8,19920101,19980802
0,10,19,2,0,10,4,19920102,19981201,5,19955320,19963082,6,19949306,19958936,8,19934723,19972431
0,35,41,2,2,3,4,19920102,19981201,5,19971613,19980799,6,19920103,19981231,8,19970825,19980283
0,1,50,2,7,8,4,19925283,19954853,5,19920131,19981031,6,19958354,19974354,8,19947779,19958066
0,30,32,2,6,8,4,19979045,19980578,5,19920131,19981031,6,19920103,19981231,8,19920101,19980802
0,1,50,2,7,8,4,19920102,19981201,5,19980805,19980974,6,19980989,19981194,8,19920101,19980802
0,1,50,2,7,8,4,19920102,19981201,5,19956478,19978895,6,19928340,19955841,8,19920101,19980802
0,5,36,2,6,9,4,19968078,19972352,5,19973716,19980435,6,19978611,19980194,8,19969663,19975596
0,15,43,2,7,8,4,19933586,19979936,5,19924009,19934649,6,19922943,19944983,8,19920101,19980802
0,23,28,2,0,10,4,19965438,19979541,5,19925584,19966308,6,19949085,19975490,8,19920101,19980802
0,48,49,2,6,7,4,19920102,19981201,5,19920131,19981031,6,19942675,19970043,8,19959773,19967788
0,12,24,2,9,10,4,19920102,19981201,5,19960494,19975953,6,19971117,19971990,8,19920101,19980802
0,22,23,2,8,10,4,19935381,19980243,5,19920131,19981031,6,19931178,19942584,8,19940012,19945281
0,44,47,2,0,10,4,19959900,19964364,5,19959140,19966494,6,19920103,19981231,8,19938405,19951637
0,49,50,2,0,10,4,19942850,19973087,5,19920131,19981031,6,19920103,19981231,8,19928634,19944066
0,38,45,2,2,10,4,19920102,19981201,5,19973637,19980301,6,19947336,19972883,8,19920101,19980802
0,28,37,2,0,10,4,19943501,19956987,5,19923896,19945994,6,19920103,19981231,8,19920101,19980802
0,39,45,2,0,10,4,19960397,19971446,5,19920131,19981031,6,19977792,19981103,8,19920101,19980802
0,44,45,2,9,10,4,19966773,19970674,5,19920131,19981031,6,19920103,19981231,8,19949145,19974646
0,41,47,2,0,10,4,19954736,19965324,5,19942704,19962295,6,19920103,19981231,8,19960942,19979620
0,43,44,2,0,10,4,19951026,19964579,5,19950856,19956566,6,19920103,19981231,8,19920101,19980802
0,25,46,2,9,10,4,19920102,19981201,5,19925080,19964341,6,19967648,19970437,8,19960165,19978253
0,40,44,2,6,10,4,19955809,19960251,5,19920131,19981031,6,19928459,19970448,8,19938145,19952147
0,1,50,2,5,7,4,19971174,19973802,5,19976801,19980242,6,19920103,19981231,8,19926350,19977226
0,17,22,2,1,4,4,19920102,19981201,5,19936788,19976746,6,19952652,19963715,8,19937009,19953356
0,49,50,2,6,7,4,19957359,19979599,5,19957814,19978024,6,19920103,19981231,8,19969396,19977044
0,1,50,2,2,4,4,19930225,19966616,5,19958677,19964833,6,19937635,19952985,8,19920101,19980802
0,21,29,2,5,9,4,19959566,19979705,5,19920131,19981031,6,19978836,19980580,8,19920101,19980802
0,40,49,2,9,10,4,19970946,19974109,5,19920131,19981031,6,19920103,19981231,8,19920101,19980802
0,1,50,2,4,7,4,19920102,19981201,5,19978352,19980973,6,19920103,19981231,8,19963613,19971096
0,31,50,2,8,9,4,19920102,19981201,5,19933202,19952315,6,19958969,19972944,8,19920101,19980802
0,9,16,2,3,5,4,19955602,19969895,5,19957128,19970348,6,19920103,19981231,8,19923879,19958866
0,33,36,2,5,8,4,19953331,19969896,5,19920131,19981031,6,19946595,19962833,8,19943693,19958448
0,34,40,2,1,10,4,19920102,19981201,5,19959831,19960859,6,19927998,19952259,8,19920101,19980802
0,38,50,2,8,9,4,19920102,19981201,5,19947905,19955729,6,19951992,19971002,8,19920101,19980802
0,1,50,2,9,10,4,19920102,19981201,5,19941316,19953245,6,19939475,19951509,8,19928815,19941072
0,45,48,2,0,10,4,19927577,19976640,5,19968256,19970664,6,19920103,19981231,8,19941855,19961154
0,48,49,2,3,6,4,19920102,19981201,5,19964742,19970687,6,19925251,19972227,8,19953201,19980392
0,14,35,2,6,10,4,19920102,19981201,5,19979278,19980945,6,19941427,19975999,8,19920101,19980802
0,19,20,2,9,10,4,19957911,19965961,5,19920131,19981031,6,19920103,19981231,8,19949627,19979476
0,1,50,2,5,6,4,19922051,19964656,5,19958480,19966577,6,19967302,19979439,8,19920101,19980802
0,17,39,2,6,7,4,19920102,19981201,5,19958442,19967332,6,19961947,19977273,8,19920101,19980802
0,39,50,2,5,6,4,19968823,19971637,5,19960360,19971701,6,19920103,19981231,8,19951511,19965575
0,1,50,2,7,8,4,19934820,19971012,5,19927866,19937899,6,19920103,19981231,8,19920101,19980802
0,48,49,2,8,9,4,19935533,19940859,5,19920131,19981031,6,19923290,19980547,8,19928916,19955262
0,45,46,2,5,6,4,19928073,19975096,5,19920131,19981031,6,19956575,19968979,8,19920101,19980802
0,1,50,2,9,10,4,19946070,19953357,5,19940484,19950041,6,19920103,19981231,8,19920101,19980802
0,37,42,2,1,8,4,19971182,19972161,5,19920131,19981031,6,19920103,19981231,8,19955504,19971903
0,23,35,2,0,10,4,19950601,19954458,5,19932740,19957121,6,19953508,19965137,8,19937149,19976934
0,18,20,2,2,3,4,19929396,19962203,5,19946621,19952673,6,19948765,19979083,8,19943797,19979040
0,27,37,2,9,10,4,19920102,19981201,5,19920131,19981031,6,19948658,19977416,8,19930772,19947627
0,47,49,2,9,10,4,19920102,19981201,5,19957630,19972879,6,19920103,19981231,8,19967562,19972254
0,30,32,2,2,8,4,19920102,19981201,5,19920131,19981031,6,19949979,19966328,8,19929675,19948135
0,37,41,2,0,3,4,19920102,19981201,5,19920131,19981031,6,19956058,19961250,8,19938381,19957928
0,19,21,2,1,2,4,19958939,19979227,5,19920131,19981031,6,19920103,19981231,8,19965317,19970552
0,41,44,2,0,10,4,19950519,19965683,5,19920131,19981031,6,19968207,19973558,8,19924497,19970023
0,13,22,2,1,3,4,19934537,19967455,5,19952017,19965488,6,19920103,19981231,8,19930466,19959361
0,37,41,2,0,10,4,19934910,19963559,5,19920131,19981031,6,19969459,19980300,8,19920101,19980802
0,6,9,2,7,9,4,19979265,19980771,5,19980565,19980902,6,19920103,19981231,8,19920101,19980802
0,47,48,2,6,7,4,19956262,19965152,5,19920131,19981031,6,19960693,19973066,8,19920101,19980802
0,31,32,2,9,10,4,19947605,19954790,5,19920131,19981031,6,19920103,19981231,8,19920101,19980802
0,1,50,2,4,6,4,19935361,19976332,5,19953768,19961391,6,19949861,19959083,8,19920101,19980802
0,23,35,2,9,10,4,19920102,19981201,5,19967155,19978111,6,19942344,19975591,8,19928354,19969704
0,6,34,2,6,7,4,19950254,19959924,5,19955713,19979991,6,19920103,19981231,8,19920101,19980802
0,36,40,2,0,10,4,19920631,19934502,5,19920131,19981031,6,19935035,19948057,8,19921120,19951622
0,19,28,2,6,8,4,19920102,19981201,5,19979261,19980546,6,19920103,19981231,8,19969274,19976065
0,25,44,2,1,2,4,19938143,19961172,5,19941133,19944475,6,19920103,19981231,8,19927385,19946079
0,49,50,2,1,2,4,19920102,19981201,5,19920131,19981031,6,19965624,19977402,8,19953146,19974201
0,1,50,2,8,9,4,19920102,19981201,5,19957809,19962470,6,19943127,19954395,8,19920101,19980802
0,47,48,2,9,10,4,19920102,19981201,5,19920131,19981031,6,19949803,19971448,8,19948252,19956446
0,25,34,2,0,10,4,19938310,19959664,5,19920131,19981031,6,19953160,19977144,8,19920101,19980802
0,1,18,2,0,10,4,19961105,19965048,5,19935772,19969283,6,19961323,19981135,8,19920101,19980802
0,45,48,2,1,2,4,19959763,19968527,5,19937030,19960783,6,19920103,19981231,8,19920101,19980802
0,9,27,2,3,4,4,19920102,19981201,5,19930486,19937003,6,19932314,19954581,8,19920101,19980802
0,1,50,2,4,5,4,19950893,19963447,5,19968575,19975133,6,19920103,19981231,8,19936605,19962673
0,27,35,2,3,6,4,19920102,19981201,5,19961135,19969316,6,19920103,19981231,8,19920101,19980802
0,27,29,2,4,7,4,19920102,19981201,5,19929480,19978319,6,19948183,19951060,8,19922921,19942233
0,11,37,2,5,6,4,19976518,19980296,5,19926480,19975197,6,19961677,19981180,8,19920101,19980802
0,42,50,2,0,10,4,19920102,19981201,5,19978700,19980829,6,19969743,19972055,8,19920101,19980802
0,46,50,2,8,9,4,19940424,19964235,5,19930588,19950282,6,19949147,19963420,8,19924102,19979399
0,17,47,2,2,5,4,19950654,19955774,5,19951409,19963356,6,19920103,19981231,8,19920101,19980802
0,1,50,2,4,5,4,19928800,19937506,5,19933479,19966708,6,19920103,19981231,8,19927393,19953720
0,24,32,2,2,5,4,19922991,19977568,5,19920131,19981031,6,19933264,19975734,8,19970877,19974551
0,43,48,2,0,10,4,19969895,19972579,5,19920131,19981031,6,19979933,19980746,8,19920101,19980802
0,35,36,2,0,10,4,19958949,19976340,5,19920131,19981031,6,19935340,19960390,8,19932342,19955420
0,25,29,2,0,10,4,19924920,19953701,5,19958505,19962706,6,19920103,19981231,8,19937020,19952665
0,28,35,2,0,10,4,19966462,19977239,5,19924211,19963838,6,19920103,19981231,8,19944851,19976173
0,19,26,2,8,9,4,19920102,19981201,5,19968533,19974132,6,19920103,19981231,8,19935543,19963611
0,1,50,2,7,8,4,19970484,19974346,5,19920131,19981031,6,19920103,19981231,8,19942492,19970276
0,38,39,2,0,9,4,19920102,19981201,5,19941388,19950360,6,19945460,19978989,8,19920101,19980802
0,9,45,2,0,1,4,19920102,19981201,5,19940656,19958521,6,19953614,19973529,8,19930220,19963333
0,30,33,2,0,10,4,19939138,19949277,5,19943573,19978822,6,19920103,19981231,8,19920101,19980802
0,30,49,2,8,10,4,19978788,19980408,5,19961886,19977228,6,19920103,19981231,8,19920101,19980802
0,24,28,2,0,10,4,19920102,19981201,5,19936307,19965602,6,19965652,19972284,8,19944355,19963605
0,1,50,2,9,10,4,19925956,19963071,5,19962180,19974625,6,19920103,19981231,8,19920101,19980802
0,7,11,2,5,8,4,19924534,19940238,5,19920131,19981031,6,19938090,19942374,8,19920101,19980802
0,49,50,2,7,8,4,19969346,19970632,5,19942922,19972743,6,19955040,19972511,8,19920101,19980802
0,19,31,2,0,3,4,19931621,19965879,5,19961384,19976447,6,19920103,19981231,8,19930415,19970202
0,1,50,2,2,9,4,19959080,19960203,5,19930194,19970568,6,19920103,19981231,8,19960000,19964467
0,1,50,2,9,10,4,19955789,19967096,5,19965234,19978492,6,19920103,19981231,8,19920101,19980802
0,14,47,2,2,6,4,19920102,19981201,5,19957076,19971164,6,19932495,19958398,8,19926956,19979272
0,28,47,2,8,10,4,19927348,19952707,5,19920131,19981031,6,19956759,19963308,8,19920101,19980802
0,1,50,2,6,8,4,19940906,19961561,5,19957631,19976857,6,19933995,19959969,8,19920101,19980802
0,37,40,2,5,10,4,19969800,19972890,5,19920131,19981031,6,19920103,19981231,8,19921260,19966498
