23
23
24
23
23
24
23
23
23
24
24
23
24
24
24
23
23
24
24
23
23
23
24
24
25
23
23
23
24
24
23
23
23
23
23
24
24
24
23
573
615
621
23
23
23
23
23
24
24
24
24
24
25
23
23
23
23
24
23
23
23
23
24
24
23
23
23
23
584
23
23
24
24
25
23
23
583
24
23
23
23
23
23
23
24
24
24
23
23
23
23
23
23
24
24
24
23
23
23
24
23
23
26
570
24
23
23
23
23
574
23
24
23
23
23
23
23
24
24
24
24
23
23
23
23
23
23
24
24
23
3634
21
2188
24
23
23
23
24
23
24
21
21
21
21
21
21
21
21
21
21
22
21
21
21
21
21
21
1087
24
23
24
23
23
24
23
23
23
21
22
21
21
21
21
21
21
21
21
21
21
21
21
22
21
22
21
21
21
21
21
21
21
21
21
21
21
23
21
21
21
21
21
22
21
21
21
21
21
21
21
21
22
22
21
22
21
21
21
21
21
21
21
21
21
22
21
21
21
22
21
21
21
21
536
21
21
21
21
21
21
21
21
21
21
21
528
21
21
22
22
22
21
21
24
21
21
21
21
21
21
21
21
21
21
21
562
22
21
21
21
21
21
21
21
21
21
21
21
21
22
22
21
21
21
21
21
21
21
22
21
21
21
21
21
21
23
21
21
22
21
21
21
21
576
563
21
21
21
21
21
21
21
22
21
22
21
21
21
21
21
21
21
21
22
22
22
22
22
22
530
21
21
22
21
22
22
22
21
21
21
21
21
21
21
21
21
21
22
21
21
21
22
23
21
21
21
21
21
21
21
21
21
23
21
21
21
21
21
21
21
21
21
21
21
22
21
22
21
21
21
22
22
22
22
21
21
21
21
21
21
21
21
21
21
22
21
21
21
21
21
21
21
21
21
542
21
21
21
21
23
21
21
21
21
21
21
2157
23
24
24
27
24
23
24
23
24
23
23
2755
24
24
623
24
24
24
23
23
23
24
23
24
24
24
24
25
22
25
21
22
22
22
22
22
22
1497
22
568
22
22
22
22
22
22
22
22
22
22
22
22
24
22
22
23
22
22
22
23
22
22
22
22
569
22
22
21
22
22
22
22
22
22
22
21
22
22
22
22
21
29
22
23
22
22
22
22
25
22
22
22
22
22
22
22
21
22
22
22
22
22
22
23
22
22
22
21
22
22
22
22
22
22
22
22
22
21
22
22
22
22
22
22
22
22
22
22
22
22
22
22
22
22
22
22
22
23
22
568
22
22
22
22
22
22
22
22
22
22
22
567
22
22
22
22
22
22
22
22
22
22
22
584
22
24
575
22
22
22
22
23
22
22
22
22
22
22
22
23
22
22
22
23
22
22
22
22
22
571
22
575
22
22
25
22
22
23
22
22
22
22
22
22
22
22
22
22
22
22
22
22
22
23
22
22
574
22
22
22
22
22
23
22
22
22
22
22
22
22
22
22
22
22
22
22
22
22
22
22
22
22
22
22
22
22
21
22
22
22
22
23
22
22
1675
24
25
24
24
25
24
25
2783
25
25
25
24
25
25
25
24
24
25
25
24
25
24
25
24
25
24
25
25
25
627
25
1154
23
23
23
23
22
23
22
23
23
22
22
23
587
23
22
22
23
22
23
23
22
23
23
23
25
23
22
25
22
22
23
22
22
23
22
587
23
581
22
23
23
22
23
22
23
22
22
23
23
22
23
22
23
22
23
23
25
22
23
23
23
23
585
23
22
23
23
23
22
23
22
23
23
22
23
22
23
23
22
23
23
22
23
22
25
23
22
22
23
22
23
23
22
23
23
22
22
23
22
22
594
23
23
23
23
22
23
23
592
23
23
23
23
24
23
23
23
23
23
22
23
22
23
22
23
23
23
23
22
23
587
23
594
23
22
23
23
23
23
22
23
25
22
23
23
585
23
23
23
23
22
23
23
22
23
23
22
23
23
23
23
23
23
23
23
22
25
22
590
23
588
23
23
22
23
23
23
23
22
23
22
23
23
23
22
22
23
1701
25
25
2246
26
25
25
25
25
25
25
26
25
25
26
24
26
25
25
25
25
25
25
25
25
23
24
595
23
23
23
23
1183
26
25
26
25
25
26
26
25
25
26
25
26
26
25
25
25
25
24
23
23
23
23
23
23
609
23
596
24
23
24
24
23
23
23
23
23
23
23
23
588
24
23
23
23
24
25
23
23
23
23
23
23
23
23
23
23
23
23
23
23
23
23
584
23
590
23
23
24
24
24
24
23
23
25
23
23
23
23
23
23
24
594
23
24
604
23
23
23
23
23
23
23
23
23
23
23
24
24
23
24
24
23
24
24
23
23
24
24
603
24
24
23
24
603
24
24
24
24
24
24
24
24
24
23
23
23
23
23
23
23
23
23
23
23
23
24
24
23
567
23
598
24
24
24
24
23
24
23
23
23
23
23
23
585
23
23
23
23
23
1717
25
26
26
25
2275
26
26
26
26
26
26
26
24
24
23
24
23
24
23
24
24
24
23
24
23
24
24
23
24
23
24
23
24
23
24
1137
26
27
610
24
24
24
23
24
24
24
24
23
24
24
23
25
24
24
24
24
24
24
23
24
23
25
595
24
23
26
24
617
24
23
24
24
24
24
24
24
23
24
23
24
23
27
23
24
24
24
24
24
23
24
23
24
577
24
584
24
24
24
23
24
23
24
24
23
24
23
24
584
23
24
24
24
24
616
23
24
23
24
613
24
24
24
25
24
24
24
26
24
23
24
23
24
23
24
23
24
24
24
23
24
24
24
24
24
24
24
24
24
24
606
26
24
610
24
24
24
24
24
24
23
24
23
24
24
24
23
24
23
24
23
24
23
24
24
24
24
583
24
23
29
24
611
23
24
23
24
23
24
23
24
23
24
26
23
24
24
24
24
24
24
24
24
23
24
24
24
1453
2
2
2
2
2
2
2
2
2
2
2
2
2
3
2
2
2
2
3
3
2
2
714
23
564
1667
24
23
24
23
23
24
23
21
21
21
21
21
21
21
21
21
21
21
21
21
21
21
21
21
21
21
21
1110
23
23
23
24
23
24
21
22
21
21
21
21
21
21
21
21
21
21
21
21
21
21
22
22
22
21
22
22
22
22
22
21
22
21
23
21
21
21
21
21
21
21
22
22
21
21
21
21
21
21
21
21
21
21
21
21
550
21
22
21
21
21
23
21
21
21
21
21
21
21
21
21
21
21
21
21
21
21
21
21
21
21
21
21
21
21
21
21
21
21
21
22
21
21
21
21
21
21
21
21
535
21
21
21
21
21
21
21
21
22
21
21
21
21
21
21
21
21
21
23
21
21
21
21
21
21
21
21
21
21
21
21
21
21
21
21
22
22
22
21
21
21
21
21
21
21
21
21
23
22
21
22
22
21
21
22
21
21
21
21
528
566
21
21
21
21
21
21
21
21
21
21
21
21
21
21
23
22
21
21
21
21
21
21
21
21
21
21
21
565
21
21
21
21
21
21
21
21
21
21
22
21
21
22
22
23
21
22
22
21
21
21
21
21
21
21
21
22
21
22
21
21
21
21
22
22
22
22
21
21
21
21
21
22
21
21
21
21
21
21
21
21
21
21
21
21
527
21
21
21
21
21
21
21
21
21
21
21
21
21
21
23
21
21
22
22
22
2200
24
2219
24
25
22
21
22
22
22
22
22
22
21
22
21
22
22
21
22
1143
24
24
24
24
24
24
24
24
24
24
22
23
22
22
22
21
22
22
22
22
22
21
22
21
1101
620
24
25
24
24
24
25
24
24
24
22
22
22
22
21
22
22
22
22
22
22
22
22
21
22
22
21
22
545
22
22
22
22
22
22
22
22
24
22
22
22
22
22
22
22
22
22
22
22
22
22
22
22
22
22
22
22
22
22
22
22
21
22
22
21
22
23
22
21
22
22
22
22
22
21
22
22
22
22
23
22
22
22
21
22
546
23
22
22
22
22
22
22
22
24
22
22
22
22
22
22
22
22
22
22
21
582
22
586
22
22
22
21
22
22
21
22
22
21
22
22
22
21
24
22
21
590
22
22
22
23
22
22
21
22
22
22
22
22
22
22
23
22
22
22
22
22
22
22
22
22
544
572
22
22
22
22
22
22
22
22
21
22
22
25
22
22
22
22
22
22
22
22
22
22
22
22
22
22
22
545
22
22
22
22
22
22
22
22
22
22
22
22
22
22
22
22
23
22
22
22
21
22
1663
22
2191
25
25
25
24
25
25
25
25
24
25
24
25
24
24
25
26
22
23
23
22
23
1149
25
25
25
25
24
25
25
25
24
25
25
24
25
1215
41
24
23
22
23
23
23
22
23
22
23
22
23
22
22
23
22
584
23
22
23
23
23
22
23
23
22
23
23
24
25
22
23
23
22
23
22
23
22
22
23
22
573
586
23
23
23
22
23
22
23
23
22
23
22
22
23
22
25
22
23
22
23
22
23
23
22
23
22
26
23
579
22
23
22
23
23
23
23
22
23
23
22
23
22
23
25
23
23
23
22
23
23
23
600
23
599
23
23
23
22
23
22
23
23
22
22
23
22
23
22
22
23
23
23
25
23
22
580
23
23
23
23
22
23
23
22
23
22
23
23
22
632
23
23
22
23
22
23
23
22
23
23
28
22
23
23
23
22
23
583
22
23
22
23
23
22
23
23
22
23
23
23
23
22
23
22
22
23
22
23
23
22
23
23
582
587
22
23
2239
25
25
26
25
25
1161
26
25
25
25
26
25
26
25
24
25
25
25
25
25
25
25
25
25
25
25
25
1197
25
26
1177
26
25
25
25
26
25
25
26
25
25
25
26
25
26
25
25
26
25
25
25
25
636
25
26
25
26
25
26
25
26
25
26
25
25
26
646
26
25
26
25
25
25
26
25
25
25
26
25
25
25
26
26
25
640
25
25
26
23
23
23
27
24
24
24
23
23
23
23
23
23
23
23
23
23
23
23
23
23
989
594
24
24
617
24
26
23
24
23
595
24
23
23
23
23
23
23
23
23
23
23
23
23
23
23
23
24
24
24
24
23
606
23
23
604
23
23
23
23
23
23
23
23
24
24
24
24
23
24
23
23
23
23
23
23
23
593
23
23
23
23
23
26
24
24
24
23
24
23
23
610
23
23
23
23
23
23
23
23
23
23
23
23
23
24
23
23
24
1122
24
24
23
23
23
2259
27
26
26
26
26
26
25
25
26
25
26
26
23
24
23
24
23
24
24
1137
25
26
664
1205
26
26
26
26
26
26
26
26
26
26
26
24
24
24
24
24
24
24
23
24
23
24
23
24
24
24
605
24
24
616
24
24
23
24
24
24
23
24
26
23
24
23
24
23
24
24
23
24
23
24
24
603
24
23
25
24
24
24
24
24
24
24
24
24
23
619
24
26
24
24
24
24
24
24
24
23
24
24
24
24
24
24
24
609
24
24
24
24
24
618
24
24
24
24
24
26
24
24
24
25
24
24
24
24
24
23
24
24
23
613
24
24
623
625
24
24
23
24
24
24
24
24
24
26
24
23
24
24
24
24
24
24
24
24
24
24
23
24
23
24
607
24
24
611
24
24
24
24
24
24
24
24
25
24
24
23
24
23
24
23
24
24
25
24
24
1159
26
26
1536
2
2
2
2
2
2
2
2
2
2
2
2
2
2
2
2
2
2
2
2
2
2
703
22
22
21
21
21
21
21
21
21
21
23
21
21
22
21
21
21
21
22
21
21
1130
24
23
24
23
24
21
21
22
21
21
22
22
21
21
21
21
21
21
21
21
21
21
21
21
578
21
21
21
21
21
21
21
21
24
21
21
21
21
21
21
21
21
21
21
21
21
21
21
22
21
21
21
21
21
21
21
21
21
21
22
21
23
21
22
22
21
21
21
21
21
21
21
21
21
22
21
21
21
21
21
22
21
22
22
21
21
21
21
21
22
21
21
21
22
21
21
21
21
21
21
21
21
21
20
21
21
21
21
21
21
21
21
21
21
21
21
21
21
23
21
21
21
21
21
21
21
22
22
22
21
21
21
22
21
21
21
21
21
21
21
21
21
21
21
21
21
24
21
23
21
21
21
21
21
21
21
21
21
21
22
22
22
22
22
21
21
21
21
21
21
21
22
21
21
21
22
21
21
21
21
21
21
21
21
21
21
21
21
21
21
21
21
21
21
21
21
21
21
21
21
21
21
21
22
21
23
22
22
23
22
22
27
23
22
582
21
21
21
21
21
21
22
22
22
21
21
21
561
21
21
21
21
23
22
21
21
21
21
22
21
21
21
21
21
21
21
21
21
21
21
21
21
569
21
21
21
21
21
22
21
28
21
21
20
22
21
21
21
21
21
21
21
21
22
21
21
21
21
21
21
21
21
21
21
21
21
21
21
21
23
21
21
21
21
21
22
21
21
21
21
21
21
21
21
22
21
21
21
21
21
21
21
22
21
21
21
21
23
22
21
21
22
21
21
21
21
21
22
21
22
21
21
21
21
21
21
21
21
21
21
21
21
22
22
21
22
21
21
5449
24
24
25
24
25
24
24
25
24
598
22
22
22
594
23
23
23
22
22
22
22
22
22
22
22
23
22
22
22
21
22
22
22
23
22
22
573
24
22
22
22
22
23
22
21
22
22
22
21
574
22
22
21
22
22
22
21
22
22
22
21
22
22
22
22
24
22
22
22
22
22
22
22
22
578
22
22
22
22
23
22
22
22
22
22
22
22
23
22
22
22
22
22
22
23
22
22
22
22
22
22
22
22
22
22
22
22
22
22
22
22
22
22
23
22
22
22
22
22
22
22
22
24
22
22
22
22
22
22
22
22
22
22
22
22
22
22
22
22
22
22
22
22
22
22
22
22
22
21
22
23
22
22
22
22
22
22
22
22
22
22
22
22
22
22
22
22
22
22
21
580
22
22
22
22
22
22
22
22
24
588
25
22
22
577
22
22
22
22
22
22
22
22
22
22
22
22
22
22
22
22
22
22
21
22
22
22
584
22
22
22
22
22
22
22
22
21
22
22
22
581
22
22
22
22
22
23
22
22
22
21
22
22
22
22
22
24
22
22
22
21
22
22
22
22
558
22
22
22
22
21
22
22
22
22
22
24
22
22
22
22
22
21
22
23
22
22
4908
25
23
23
23
22
23
23
23
23
23
23
22
23
23
23
23
23
23
23
23
22
23
23
23
23
22
23
23
24
22
23
22
23
23
23
22
23
23
23
23
23
23
23
23
23
23
23
22
23
23
23
24
22
23
581
23
23
24
23
22
23
22
23
23
590
22
23
23
646
23
23
22
23
22
23
23
23
23
22
23
22
23
23
23
23
25
23
22
23
23
23
578
22
23
22
23
23
23
23
23
23
22
23
23
590
23
22
23
23
23
22
23
23
23
24
23
23
23
23
23
23
23
23
23
23
23
24
23
23
557
23
22
23
22
23
23
23
23
22
27
23
23
24
23
23
23
22
23
22
23
23
604
23
22
23
23
23
23
23
23
23
23
22
23
22
23
22
23
23
23
25
22
23
23
23
23
23
23
23
22
23
22
23
22
23
23
23
22
23
22
23
22
23
23
23
23
23
22
23
24
22
23
23
23
23
23
560
23
23
22
23
22
23
22
23
22
560
23
23
22
584
23
23
22
23
22
23
25
23
22
23
22
23
22
23
23
23
23
23
23
23
22
23
557
23
23
22
23
23
23
23
23
22
23
22
23
3238
1730
25
26
25
26
579
23
24
23
24
24
23
24
24
23
23
24
24
23
23
24
24
23
23
23
24
24
618
23
24
23
23
23
24
26
23
23
23
24
24
24
23
23
23
24
24
23
23
24
24
24
23
23
23
24
23
23
24
24
23
23
23
25
24
24
23
23
23
24
24
24
24
24
23
23
24
24
24
24
23
23
24
578
24
24
23
23
23
24
23
23
25
576
23
24
24
573
24
23
23
23
23
24
23
23
24
24
24
23
24
24
24
23
24
23
23
24
24
23
576
23
23
23
24
24
23
23
23
24
24
23
23
573
610
24
24
23
23
573
23
23
24
24
24
23
23
23
23
31
24
24
24
24
23
23
23
24
24
23
23
579
23
23
24
24
23
23
24
24
23
23
23
24
24
23
23
25
24
24
23
23
24
24
23
23
23
24
24
23
23
23
24
24
23
23
24
24
23
24
23
23
23
24
24
24
26
23
23
23
23
24
24
23
23
24
576
24
23
23
23
23
23
23
24
23
571
23
23
24
3226
1209
27
26
630
26
26
27
26
26
26
26
26
27
26
25
24
586
584
24
24
24
24
586
24
24
24
24
24
25
24
24
24
24
24
24
24
24
24
24
24
23
26
24
24
585
24
24
24
24
24
24
24
24
24
24
24
24
24
24
24
24
23
27
24
24
24
24
24
24
24
25
24
24
24
24
24
24
24
24
24
24
24
24
24
24
24
24
25
24
24
24
24
24
24
24
24
24
24
26
583
24
24
24
24
24
24
24
24
24
581
24
24
24
582
634
24
23
587
24
24
24
24
24
24
24
24
24
27
24
24
585
581
25
24
24
24
582
24
24
24
24
24
24
24
25
24
23
25
24
24
24
24
24
24
24
26
24
24
586
24
24
24
24
24
24
24
24
24
24
24
24
24
24
24
24
26
24
24
24
24
25
24
24
26
24
24
24
24
24
24
24
24
24
24
24
24
24
24
24
24
1316
691
24
23
1656
22
21
22
21
21
21
22
22
22
21
21
21
21
569
22
21
21
21
21
21
22
22
22
21
21
21
22
23
533
21
21
22
22
22
22
22
21
21
21
21
21
21
22
22
22
532
21
21
21
21
21
21
22
22
22
22
23
21
21
21
21
21
529
21
21
21
21
22
21
21
21
21
21
22
22
22
22
22
22
22
22
21
21
21
23
22
21
21
21
21
21
22
22
21
22
22
21
21
21
21
22
22
22
22
22
22
21
21
21
21
21
21
21
24
22
21
21
21
21
21
21
21
21
21
22
22
22
21
22
22
21
21
21
21
22
21
21
21
21
21
21
23
21
21
21
21
22
22
22
22
22
21
21
21
21
21
21
21
21
22
22
22
21
21
21
22
22
21
21
21
22
21
21
21
21
21
21
21
21
21
22
22
22
1138
23
24
24
24
23
24
26
24
24
23
24
23
23
23
21
22
21
21
21
584
22
22
21
21
21
22
22
21
21
21
21
21
22
22
536
23
21
21
22
22
21
24
22
21
21
22
22
21
21
22
21
578
24
23
24
23
24
24
24
23
327
28
28
28
28
29
28
28
577
22
23
22
21
21
21
21
22
22
22
21
21
22
22
21
22
22
21
21
21
3321
25
24
25
24
23
28
25
24
1698
24
24
25
24
24
25
24
24
25
24
25
24
24
24
24
24
24
24
24
25
24
24
25
24
24
24
24
24
24
24
23
24
24
25
24
24
24
24
25
24
24
24
24
24
24
24
24
25
24
24
24
24
637
24
23
24
39
22
22
22
23
25
22
22
22
22
22
22
22
22
22
22
563
22
22
22
22
22
22
23
22
22
22
22
22
22
22
546
22
22
22
22
22
22
22
22
22
22
22
22
22
22
22
22
543
22
22
22
22
22
22
22
22
22
22
23
22
22
23
22
22
547
22
22
23
23
22
22
22
22
22
22
22
22
22
22
22
22
22
23
25
22
547
22
22
22
23
22
22
22
22
1150
25
24
24
24
24
25
24
24
24
24
25
24
24
24
24
24
24
25
24
24
25
24
25
24
24
25
24
25
24
24
24
25
24
25
24
24
24
25
24
23
24
24
24
24
25
25
24
24
24
25
25
24
636
24
24
27
24
28
22
22
22
22
22
22
22
22
22
22
22
22
22
22
547
23
23
22
22
22
22
22
22
22
23
22
23
23
24
550
22
22
22
22
22
22
23
22
22
22
22
22
22
22
22
22
3367
25
25
25
25
24
25
25
25
25
25
24
25
24
1700
26
25
25
24
23
24
24
23
23
23
23
23
23
26
23
22
23
23
23
23
22
23
23
604
25
25
25
25
25
25
25
23
579
23
23
22
23
23
23
23
24
23
23
23
23
23
23
23
23
23
23
23
23
23
23
23
23
23
23
25
22
23
23
23
23
23
23
23
23
23
23
22
24
22
23
23
23
23
23
23
23
22
23
22
23
583
23
25
23
23
22
23
23
22
23
23
22
23
23
23
23
23
23
23
23
561
22
23
22
23
22
23
22
23
23
25
23
23
23
22
559
23
23
22
23
22
23
22
23
23
23
23
23
24
23
23
23
606
25
25
25
25
25
25
25
23
23
23
23
22
1160
25
25
29
25
25
25
25
25
25
25
24
25
25
25
25
25
24
24
25
23
23
23
23
23
607
24
25
25
25
25
25
25
25
605
24
25
25
25
25
25
24
24
24
24
26
25
25
25
23
23
23
23
23
24
23
23
23
23
23
23
23
23
23
23
23
23
23
22
23
23
23
23
23
23
23
24
23
23
23
23
23
23
23
23
23
23
561
23
23
23
23
26
23
22
23
23
23
22
23
23
24
23
23
23
26
23
3269
26
26
26
25
26
25
26
26
26
1716
26
26
26
25
26
26
25
26
26
26
26
25
26
26
25
26
26
26
26
25
26
622
25
24
24
23
24
23
24
23
24
24
24
24
619
24
24
23
23
24
24
23
24
25
24
26
24
24
24
23
25
24
23
24
23
24
23
24
24
577
24
24
23
24
24
23
23
24
577
23
24
24
23
24
24
23
24
23
23
26
23
24
24
23
23
24
23
23
24
24
24
24
23
24
24
23
24
24
23
23
24
24
23
24
24
23
23
25
23
24
24
23
23
24
24
23
24
24
23
24
24
580
23
24
23
24
24
23
24
23
24
24
23
24
24
25
26
24
23
24
24
577
24
23
23
24
23
23
24
24
1179
26
26
26
26
25
26
26
26
26
26
26
24
23
24
23
24
23
24
24
23
24
23
666
25
25
26
26
25
25
25
25
25
25
25
25
623
23
24
25
24
24
24
24
24
24
24
23
24
24
24
39
25
41
26
26
26
26
26
26
26
636
24
24
23
24
24
24
25
24
580
24
24
23
24
24
24
24
24
23
24
23
24
24
24
24
23
24
24
2824
27
26
26
26
26
26
26
26
27
2569
22
21
22
21
21
22
21
21
21
22
21
21
21
21
21
21
22
22
22
22
21
21
21
21
21
21
21
22
22
22
22
22
22
21
21
21
21
22
24
22
22
21
21
21
21
21
22
22
21
21
21
21
21
21
21
21
21
21
21
21
21
21
21
21
576
21
23
21
22
22
22
22
22
22
21
21
21
21
22
21
21
21
21
21
21
21
21
21
21
21
22
21
21
21
21
22
21
22
21
22
22
21
21
21
21
21
21
21
21
21
21
21
21
21
21
21
21
21
21
21
21
21
21
22
21
22
22
24
22
22
21
22
22
22
22
21
21
21
21
21
21
21
21
22
21
21
22
21
22
22
21
25
21
21
21
21
22
21
22
22
21
22
21
21
21
21
21
21
21
22
22
21
21
21
21
21
21
21
22
21
22
21
21
21
22
21
21
22
21
22
21
22
21
22
22
22
534
21
21
21
21
22
22
22
21
22
22
21
24
22
21
21
21
21
21
21
21
21
21
21
21
21
22
22
21
21
22
22
1097
24
23
26
23
24
23
26
23
21
22
21
22
21
21
21
21
21
22
22
22
22
21
21
21
22
22
21
21
21
21
22
22
22
22
21
22
21
21
21
21
21
21
22
22
22
21
21
21
22
21
21
21
21
22
22
22
22
21
21
22
22
21
21
541
22
21
21
22
22
21
21
21
22
22
21
22
21
21
22
22
21
21
22
22
21
21
22
22
22
21
21
22
24
21
22
22
21
21
22
22
21
22
22
21
21
21
22
22
21
21
21
22
23
22
22
21
21
22
22
21
23
21
21
21
22
22
22
22
22
22
21
21
22
21
21
21
22
22
21
21
22
21
21
22
21
4372
24
25
24
24
24
24
24
24
25
24
24
25
24
2204
25
25
25
24
24
25
24
25
25
25
24
25
25
24
25
25
24
25
25
24
25
24
26
23
22
23
23
23
22
23
23
23
22
22
22
22
23
22
22
22
22
22
22
23
23
23
23
23
557
22
22
24
23
23
23
23
23
22
22
22
23
23
23
22
22
22
22
22
22
22
23
23
23
23
23
22
23
23
23
24
22
22
22
22
22
23
23
23
22
22
22
22
22
23
22
22
23
22
22
22
23
23
22
22
22
22
23
24
22
22
22
22
551
23
22
22
22
22
23
23
23
22
22
23
23
22
22
22
22
23
23
23
22
23
22
22
24
23
23
23
23
22
22
23
22
22
22
22
22
22
22
22
22
22
22
23
23
22
22
23
23
23
22
22
23
22
23
22
22
25
22
22
23
23
22
22
22
22
22
22
22
23
23
22
22
22
22
22
22
22
22
22
22
24
556
23
23
23
23
23
22
22
22
22
1138
24
25
25
25
25
24
25
25
24
26
25
24
25
24
23
22
22
23
22
23
22
22
23
23
22
22
22
23
22
22
23
23
22
22
23
23
23
23
22
22
22
23
23
23
23
22
22
22
22
23
22
22
558
23
22
22
23
23
22
22
23
23
22
22
23
23
22
22
22
23
25
23
22
23
23
23
22
23
23
23
23
22
22
23
22
22
23
23
23
23
22
22
23
23
22
23
22
22
24
22
22
23
23
23
22
22
23
23
22
22
22
22
23
23
23
22
554
23
23
22
22
23
23
22
22
23
22
24
22
22
3776
25
26
25
26
25
25
26
23
23
1682
25
25
26
25
26
25
26
25
26
25
26
25
25
25
26
26
26
25
26
571
24
23
23
23
23
23
24
24
23
569
23
23
23
23
24
23
23
23
23
23
23
24
23
23
23
23
25
23
23
23
23
23
23
23
24
24
24
23
23
24
23
23
23
23
23
23
24
24
24
23
23
23
23
23
23
25
24
23
23
23
23
24
569
24
24
24
24
24
24
24
24
23
24
23
23
23
23
23
23
23
23
23
23
25
23
23
23
23
23
23
23
23
23
23
23
23
23
23
23
23
23
23
23
23
23
23
23
23
23
24
23
24
24
23
23
23
23
23
23
24
23
23
23
23
23
23
567
23
23
23
23
23
23
23
23
23
23
23
23
23
576
23
23
23
23
23
23
1138
25
25
26
25
26
25
25
26
25
26
25
26
25
26
26
25
26
25
24
23
24
24
569
23
24
24
24
23
24
24
23
23
570
23
23
24
23
24
24
23
23
23
23
24
24
24
29
23
23
23
23
24
24
24
23
23
23
24
23
23
23
23
23
23
23
24
24
24
24
24
23
23
24
24
26
24
23
23
23
23
23
23
23
23
24
573
23
23
23
23
24
24
24
23
23
23
23
23
24
24
23
23
23
25
23
23
23
23
23
3276
26
26
26
26
26
26
26
24
24
1654
26
26
27
26
26
26
26
24
25
24
25
24
24
24
24
24
24
24
25
24
24
24
24
24
585
25
24
24
24
24
24
588
24
24
24
24
24
24
24
24
24
24
24
24
25
24
25
24
24
25
24
25
24
24
583
24
24
24
24
24
24
24
24
24
585
24
24
24
24
24
25
24
25
24
24
29
24
24
24
24
24
24
24
24
24
24
25
24
24
24
24
25
24
24
24
24
24
24
24
24
24
24
24
25
24
24
24
25
24
25
24
24
24
24
24
24
24
606
25
25
26
25
29
26
25
25
26
26
28
26
25
28
27
25
26
25
26
25
24
24
24
588
24
24
24
24
24
24
24
1106
24
24
24
24
24
24
24
26
24
24
24
24
24
24
24
24
24
24
24
24
24
24
24
24
24
24
893
32
32
32
31
31
31
627
24
27
24
25
24
24
24
24
24
24
24
24
25
24
24
24
24
24
24
24
24
24
587
24
24
24
24
24
24
24
26
24
591
24
24
24
24
24
24
24
24
24
24
25
24
24
24
24
24
24
24
24
24
24
1841
3
2
3
3
2
2
3
3
2
3
2
3
2
3
3
705
26
22
22
22
22
22
547
23
21
21
22
21
21
21
21
21
21
21
21
1083
22
38
22
22
21
21
21
22
22
21
21
22
22
22
22
22
21
22
22
22
22
21
548
21
22
22
21
21
21
22
22
21
21
21
22
22
21
21
22
22
21
21
21
23
21
22
22
21
21
22
21
21
21
22
22
22
21
21
21
21
21
21
22
21
21
545
21
21
21
21
22
23
21
21
21
21
22
21
21
21
21
21
21
21
22
22
22
21
21
22
22
21
21
22
22
21
21
21
21
21
23
21
22
22
22
21
21
21
21
22
22
21
21
24
22
21
21
21
21
22
22
21
21
22
22
21
22
21
23
22
21
21
21
21
22
22
21
21
21
21
22
22
21
21
21
22
22
22
22
21
21
21
22
21
21
22
541
24
21
1037
21
22
21
22
21
22
21
22
22
22
21
22
21
21
22
22
21
22
22
21
21
22
22
21
24
21
21
21
22
536
22
21
21
22
21
22
22
24
21
21
22
22
22
22
21
22
22
21
21
21
22
21
533
21
21
22
22
21
21
22
22
21
22
22
21
22
21
21
22
22
21
21
22
22
21
21
22
21
21
22
22
24
21
21
22
21
21
22
21
22
22
21
22
22
21
535
22
21
21
22
21
21
22
22
21
22
21
21
22
23
21
21
22
22
3811
25
24
24
25
24
24
24
24
24
616
24
24
25
22
22
22
23
23
23
23
22
22
22
22
23
23
22
22
22
22
25
22
22
1110
24
25
592
25
22
22
23
22
22
22
23
22
23
22
22
22
22
22
22
22
23
23
22
22
22
22
22
23
23
22
22
24
548
22
22
22
22
22
22
23
23
23
23
22
22
22
22
22
22
22
22
22
22
22
22
549
22
22
22
22
24
22
22
22
22
23
22
23
23
23
22
22
22
23
22
22
22
22
22
22
22
22
22
22
22
22
22
22
25
23
22
22
22
22
23
23
23
23
548
22
22
22
23
22
22
22
22
22
22
22
22
23
22
23
22
22
22
554
22
22
22
22
22
22
22
22
22
1117
24
25
24
25
24
25
24
25
25
24
24
24
24
25
25
22
23
23
22
23
22
22
22
553
23
22
547
22
22
22
22
22
23
23
23
23
23
23
23
23
22
22
24
22
22
22
22
22
22
22
23
23
23
23
23
23
550
22
23
23
22
22
22
22
22
22
22
22
22
23
23
25
22
22
22
22
22
22
22
555
22
23
23
23
23
23
3258
25
25
24
26
25
25
25
25
25
25
25
25
25
25
25
25
607
25
25
25
25
25
25
25
25
24
23
23
23
23
22
23
22
1147
25
25
25
25
25
25
25
25
25
25
25
608
25
25
25
26
25
25
23
23
24
23
23
22
23
22
23
23
23
23
22
23
23
23
22
576
23
23
573
23
22
23
23
23
22
25
23
23
23
23
24
23
23
23
23
22
23
23
23
23
23
23
22
23
23
23
23
22
578
23
23
23
23
25
23
23
23
23
23
23
23
23
23
23
23
23
22
23
23
23
23
577
23
23
22
23
23
22
588
26
23
23
27
23
23
23
22
23
23
22
23
23
23
23
1167
25
25
26
24
25
25
25
25
25
25
25
26
24
24
23
22
23
595
23
22
23
23
23
23
23
23
23
23
23
593
23
23
23
24
23
23
23
22
23
23
23
25
23
23
23
23
23
23
23
23
23
26
22
597
23
24
591
23
23
23
23
23
23
23
23
22
23
23
23
24
23
23
23
23
23
23
23
23
23
23
3334
26
26
23
24
23
23
23
24
24
23
23
23
24
24
23
23
24
24
23
24
24
23
24
23
23
23
24
24
644
25
24
23
23
24
1254
24
23
27
40
26
25
25
25
25
25
25
25
25
40
24
24
604
24
24
23
26
23
23
24
24
23
23
24
23
24
24
23
24
24
610
24
24
23
24
24
23
23
24
23
23
24
610
24
26
24
24
23
23
24
24
23
23
24
24
23
23
24
24
24
23
24
23
23
24
24
627
25
25
624
24
23
24
26
23
24
24
23
24
24
23
24
23
24
23
23
23
24
23
24
23
23
24
608
23
24
23
24
24
23
23
25
24
24
23
24
23
23
24
1144
26
26
26
26
26
26
24
26
25
25
27
25
26
26
26
26
46
25
634
24
24
24
24
23
24
24
23
24
25
23
24
24
24
24
23
591
25
23
24
24
23
24
23
24
23
26
23
24
23
23
24
24
23
604
24
24
24
24
24
23
24
23
24
24
24
587
24
23
24
23
24
23
23
26
23
24
24
24
24
23
3357
26
27
26
27
26
27
24
24
24
24
24
620
25
25
25
24
25
24
24
24
24
24
24
24
24
25
25
24
24
24
24
24
24
25
1183
26
27
26
27
27
26
26
26
27
26
26
27
26
26
26
26
647
27
26
27
27
26
27
26
27
24
25
25
24
24
24
24
24
24
24
628
24
24
24
24
24
25
25
25
25
25
25
24
24
24
24
24
591
24
24
24
24
24
24
24
24
24
24
24
24
24
25
24
24
24
626
24
24
25
24
24
24
24
24
24
24
26
588
24
24
24
24
24
25
24
25
24
24
25
25
24
24
629
24
24
25
25
24
25
25
25
25
25
25
1116
26
27
27
26
27
26
26
27
26
27
26
27
27
25
27
27
26
27
26
27
26
27
644
26
27
27
24
24
25
24
25
24
25
25
25
24
24
24
24
593
25
25
25
25
26
25
24
24
24
24
24
24
24
31
24
24
25
25
596
25
25
24
24
24
24
25
24
24
24
24
24
24
24
24
25
591
24
24
25
25
25
25
27
24
24
24
25
24
3193
24
22
22
21
22
21
22
21
22
22
22
22
21
22
21
22
23
22
22
22
21
22
21
22
547
22
21
22
22
22
22
22
21
22
22
22
22
21
22
546
22
22
21
22
21
22
21
22
22
22
22
21
22
22
22
22
21
21
22
22
22
24
21
21
22
21
21
22
21
22
22
21
22
22
21
22
21
22
22
21
22
23
22
21
21
22
22
21
22
22
21
22
22
21
22
22
22
21
22
539
21
22
22
1614
24
24
24
25
22
22
21
22
22
22
22
21
22
21
22
22
21
22
21
22
21
22
22
22
22
22
22
22
21
22
22
22
23
21
22
21
22
24
22
22
22
22
22
22
21
22
22
22
21
21
22
21
22
22
22
22
543
22
22
22
23
22
21
22
22
23
21
22
22
22
22
21
22
22
22
21
22
22
22
22
22
22
22
22
22
22
22
22
22
23
21
22
22
22
22
21
22
22
22
22
22
21
22
21
22
21
22
21
1125
24
24
24
24
24
24
22
22
22
22
22
22
22
22
22
22
588
22
22
22
22
22
22
22
22
22
21
22
22
22
22
22
21
24
22
22
22
22
22
22
22
22
22
22
22
22
22
22
22
22
22
22
22
22
23
21
22
21
22
22
22
23
22
22
22
22
21
23
22
22
21
22
22
21
22
22
546
22
22
22
1562
1684
26
25
24
1179
24
25
25
25
25
24
24
25
24
25
25
24
25
595
24
25
24
25
22
22
23
22
25
23
23
23
22
22
23
23
22
23
23
23
22
22
22
22
22
23
23
23
22
22
22
23
23
22
23
23
23
22
23
22
23
23
23
23
23
23
23
23
23
23
22
557
23
22
22
22
22
22
23
23
24
22
22
22
22
22
22
23
586
23
24
23
23
23
23
23
23
22
22
22
22
22
23
23
1087
24
23
22
22
23
22
23
23
22
23
23
22
22
22
23
23
22
22
23
23
22
23
22
22
554
22
22
23
556
562
22
23
23
559
23
23
22
22
22
23
23
23
22
22
23
1154
25
25
25
25
24
24
25
25
25
23
23
23
22
22
23
23
22
22
22
23
23
22
23
23
22
23
23
22
22
23
23
22
23
22
23
23
22
24
22
22
23
22
23
22
22
23
22
22
23
22
23
23
22
556
22
23
23
22
23
23
22
23
22
22
23
25
23
22
22
23
561
23
23
22
23
23
22
22
23
23
23
23
22
23
23
23
2550
26
25
25
24
25
26
25
25
1725
26
25
25
25
24
26
25
25
25
26
25
23
24
23
23
23
23
23
23
569
566
23
23
23
561
23
23
23
23
23
23
23
23
23
23
23
571
23
23
25
23
23
23
23
24
24
23
23
23
23
23
23
23
23
23
23
23
23
23
23
23
23
23
23
23
23
23
25
26
24
23
24
23
23
23
23
23
23
23
23
23
23
23
23
23
23
23
23
1160
26
25
26
25
25
24
23
23
23
23
23
23
23
23
23
23
23
23
571
23
23
24
24
23
23
23
23
23
23
23
23
24
25
23
565
23
23
23
23
23
23
23
23
653
25
25
25
24
24
25
39
23
23
23
23
23
23
24
24
23
23
26
24
1124
614
26
25
26
614
25
26
25
26
25
25
25
26
26
26
25
637
23
24
23
23
23
25
24
24
24
23
23
23
24
24
24
24
24
23
24
24
23
23
23
24
24
23
23
23
23
24
23
23
23
27
23
24
23
24
24
24
23
23
23
23
23
23
23
23
23
23
2236
26
27
23
24
42
25
25
25
25
25
25
25
25
27
40
24
24
23
1708
26
26
25
26
26
25
25
25
26
26
26
26
26
26
26
26
622
26
26
26
26
26
26
26
26
629
26
26
26
26
25
25
25
26
26
26
26
26
25
26
26
26
26
27
26
623
621
25
26
26
623
26
26
26
26
26
26
26
26
26
1186
29
26
26
26
26
26
26
26
26
26
26
26
27
26
26
26
26
26
26
26
26
25
26
26
26
26
26
26
26
26
26
26
27
26
25
26
26
26
27
26
26
26
26
26
26
25
26
26
26
26
25
26
628
26
26
26
26
26
26
26
26
26
26
25
27
26
26
26
26
26
26
632
26
26
27
26
26
26
26
26
26
1177
26
25
27
26
27
26
26
26
26
26
26
26
26
26
27
623
25
26
25
27
26
26
26
26
27
25
26
26
26
26
26
26
27
25
26
625
626
26
26
26
628
26
26
26
27
26
26
25
2260
26
27
26
26
26
26
27
26
26
25
26
27
27
27
27
26
26
27
1198
26
27
27
26
27
27
26
27
26
27
26
27
26
26
27
26
634
27
26
27
26
26
27
27
27
26
26
27
26
26
26
27
26
26
26
636
27
26
27
26
26
26
27
26
25
646
26
26
27
26
27
27
27
26
26
27
26
26
27
26
26
637
27
26
27
25
27
26
26
27
26
27
26
27
26
26
26
26
26
27
1197
26
636
26
27
27
635
27
27
26
26
27
26
26
646
26
27
26
26
27
27
27
26
26
26
27
26
27
27
26
26
27
26
643
26
26
26
27
26
27
27
26
26
26
27
27
27
26
26
2020
23
23
24
24
24
24
24
23
24
23
23
24
22
24
24
23
23
24
24
24
23
24
24
24
23
24
24
23
24
578
24
24
23
24
23
24
23
23
24
1150
24
24
24
24
1129
23
24
24
23
24
24
24
24
23
24
24
24
24
24
23
24
23
24
24
24
24
24
24
24
23
24
24
23
24
1085
23
1160
24
24
23
24
24
24
24
24
23
24
24
24
24
24
24
24
23
24
25
24
24
24
22
22
22
22
22
22
22
22
22
22
21
22
22
554
22
22
22
22
22
22
22
22
22
22
22
22
22
24
22
21
23
22
22
23
22
22
22
21
22
22
22
23
22
22
22
22
22
22
22
23
21
22
22
23
22
22
23
22
542
22
22
22
22
22
23
22
22
22
22
22
22
22
22
22
22
22
22
22
22
22
21
22
544
22
24
22
22
22
21
22
22
21
540
25
22
22
22
584
22
22
21
22
22
22
22
22
22
21
22
22
22
22
22
24
22
21
22
21
22
21
22
22
22
21
22
22
22
541
23
569
22
22
1662
25
24
25
23
22
22
22
1120
24
25
24
24
24
25
23
24
24
24
24
25
24
24
25
24
25
24
25
25
22
23
22
22
22
22
22
22
22
22
22
22
22
22
23
22
23
22
22
22
22
22
23
23
23
22
22
23
23
1119
24
25
24
25
24
1154
25
24
25
25
25
25
24
25
25
24
25
25
24
24
25
22
23
23
22
22
23
23
22
22
23
22
22
22
1105
25
25
24
25
1151
28
24
26
24
24
24
26
24
24
24
26
24
23
24
24
24
39
23
22
22
23
22
22
23
22
22
22
23
22
557
22
563
23
22
565
23
22
23
23
22
23
23
557
22
22
23
23
23
23
22
22
23
23
23
23
22
22
23
23
24
23
22
22
23
27
22
22
22
23
22
22
23
23
22
22
23
23
22
23
23
22
22
23
23
22
23
23
23
24
23
23
22
556
22
23
22
23
23
557
23
23
22
22
23
22
22
22
23
23
22
23
23
22
22
23
22
26
23
23
23
22
23
23
22
23
23
22
557
22
22
23
39
625
23
23
22
25
23
22
1172
25
57
23
1127
25
601
25
25
602
25
24
1169
25
25
25
25
25
25
25
24
25
26
25
25
25
23
23
23
23
23
23
23
23
23
23
586
23
23
22
23
23
23
23
23
22
23
23
1112
25
26
23
1132
25
25
25
26
25
25
25
24
26
25
25
25
26
25
26
25
25
25
25
25
25
25
26
24
23
23
23
23
23
24
565
23
23
23
23
563
23
23
23
23
23
23
567
23
23
23
594
24
588
23
23
567
23
23
566
23
23
23
23
23
24
24
23
23
24
23
23
23
23
23
23
23
23
23
23
24
23
23
572
26
23
23
23
23
23
23
23
23
23
23
567
23
23
23
575
23
23
24
23
23
23
586
23
23
23
1123
23
24
24
23
23
566
23
23
23
23
23
23
1082
23
23
23
573
23
566
23
24
570
23
23
1121
25
26
25
26
1176
26
25
26
26
25
26
26
25
26
25
26
25
25
25
26
26
26
24
23
24
24
23
23
23
23
24
23
24
23
24
573
23
23
24
579
24
23
24
24
23
24
578
24
23
25
582
24
23
23
23
24
570
24
24
23
23
23
23
570
24
24
24
571
24
574
23
23
571
23
23
575
23
23
26
24
582
23
24
24
24
24
23
23
23
23
23
24
24
23
24
24
23
24
24
23
23
23
23
24
24
23
25
23
23
1146
26
26
26
25
26
620
26
26
25
26
26
25
1152
26
26
26
623
26
26
26
24
24
577
24
23
24
24
24
24
1096
26
26
26
624
26
1157
26
27
963
47
24
586
24
24
23
24
580
24
24
24
23
24
24
24
27
24
23
24
24
24
24
23
24
24
24
24
25
23
24
25
24
24
24
24
24
596
24
24
24
24
23
578
23
24
23
24
23
24
579
24
24
24
577
24
24
23
24
24
586
24
23
27
23
24
24
582
24
24
23
577
24
581
25
24
578
24
1177
26
26
26
26
26
631
27
25
24
25
24
24
24
23
24
24
24
24
24
24
24
24
24
24
24
24
24
1136
27
26
26
26
24
24
24
24
24
24
24
24
581
24
24
24
25
24
24
1110
27
26
26
631
26
26
26
26
27
1139
27
25
27
26
27
27
632
27
26
26
631
26
634
26
27
633
26
636
26
26
26
26
26
637
26
24
24
24
24
24
24
24
24
24
24
24
24
25
24
25
24
24
24
25
24
595
24
24
24
24
28
24
26
25
25
25
24
24
592
24
25
25
25
25
24
590
25
24
25
590
25
24
24
24
24
592
25
24
25
24
24
27
1119
27
27
26
639
26
637
27
27
1160
28
636
26
26
27
26
27
638
26
27
27
27
24
25
25
24
24
25
25
24
24
25
25
25
25
24
25
25
1186
26
27
26
27
27
27
26
27
24
25
24
25
24
1387
3
3
3
692
25
24
24
24
24
24
21
589
22
540
21
23
22
21
21
22
22
21
22
22
22
22
21
22
22
21
22
21
21
21
22
22
21
1048
25
25
24
24
24
23
24
23
585
24
24
23
24
24
23
23
24
24
23
24
24
24
24
24
24
24
27
22
22
1126
24
24
24
24
24
24
24
24
24
24
24
24
24
24
24
24
24
24
24
23
24
24
25
22
22
22
1102
25
24
589
24
24
24
24
24
24
24
24
24
24
23
24
24
24
586
25
22
23
22
22
21
22
22
22
22
22
22
21
22
22
22
22
21
22
22
21
22
22
22
22
22
22
22
22
22
22
543
22
545
21
22
22
22
22
22
21
22
22
22
22
22
22
22
22
22
22
22
22
21
22
22
22
571
24
25
23
24
24
24
39
21
541
22
22
21
22
22
22
23
22
22
22
22
23
22
22
22
22
22
22
22
22
558
22
22
22
22
22
22
22
22
22
21
22
22
1616
25
24
25
24
25
26
23
24
25
27
22
22
1632
24
25
24
25
25
24
25
24
24
25
24
24
25
24
25
25
24
25
554
22
23
23
22
22
23
22
22
22
23
23
22
22
22
23
23
22
22
22
22
22
22
22
22
23
23
22
24
23
23
22
1111
25
601
24
25
25
25
24
24
24
24
25
25
24
25
24
25
24
24
25
24
24
25
22
22
23
1105
25
25
24
24
25
24
25
24
1213
23
23
23
22
23
23
22
23
24
23
23
23
22
23
23
22
23
22
23
23
581
24
24
24
24
24
24
24
24
24
40
23
23
561
23
22
24
23
23
22
22
23
22
22
23
23
595
25
24
24
24
24
24
24
24
39
25
25
25
25
25
35
24
24
24
680
23
22
22
23
22
22
23
40
24
23
24
40
25
25
25
25
25
25
25
25
25
25
24
24
24
24
24
40
23
22
23
555
23
601
39
24
24
24
24
24
24
24
24
38
23
23
22
23
23
22
23
22
23
23
22
23
24
553
23
23
23
22
23
23
39
24
1947
41
24
41
25
25
26
40
26
26
25
26
42
25
1791
28
28
28
29
28
29
28
57
39
23
23
23
23
23
23
23
23
23
23
572
23
23
23
23
22
23
23
23
23
23
23
23
563
24
23
1154
26
25
25
26
25
26
26
25
25
24
23
23
23
24
23
23
24
23
23
23
23
23
23
23
23
23
23
61
28
28
28
28
28
28
29
29
72
25
23
23
23
23
1144
23
24
23
23
23
23
1093
26
25
26
25
26
24
26
26
25
26
24
23
23
23
23
23
23
23
23
23
23
23
23
605
28
28
31
28
28
29
43
55
568
23
23
23
23
23
25
24
23
23
23
23
23
23
601
26
41
23
23
24
23
23
23
23
23
24
23
23
23
23
23
23
23
23
587
25
25
24
25
24
25
24
25
24
25
40
23
569
24
24
703
24
24
23
23
23
23
23
23
23
23
23
24
23
23
23
23
23
23
23
23
23
23
23
23
23
23
23
23
40
24
25
25
24
25
25
24
25
24
25
25
27
25
669
25
40
23
24
24
24
1763
70
39
25
25
25
25
24
25
25
25
25
1770
26
27
26
26
25
26
25
26
26
26
26
26
26
26
26
25
26
26
26
25
622
25
26
24
23
24
24
42
25
25
25
25
25
44
754
24
23
41
25
25
25
25
25
25
25
25
25
25
25
1190
23
24
24
24
24
24
23
24
23
24
23
24
23
24
40
25
25
1164
62
31
714
25
25
27
25
25
668
24
24
24
24
24
24
24
23
24
23
24
24
24
24
24
24
23
585
24
24
24
24
24
24
579
24
24
24
23
24
23
24
24
24
24
24
699
40
24
24
24
24
24
24
24
24
24
24
23
24
24
24
23
28
24
24
24
578
24
24
24
24
23
24
24
24
24
23
24
23
24
578
24
24
24
24
23
24
24
24
24
25
23
24
24
23
597
24
24
24
24
24
23
24
24
24
24
23
25
24
24
24
24
24
721
23
24
1091
1191
26
26
26
27
26
26
26
26
26
1842
27
27
26
27
27
27
27
28
25
24
24
24
25
25
25
25
24
25
24
586
24
24
24
25
24
24
25
24
24
24
24
617
25
25
24
26
24
25
24
24
24
24
24
24
24
24
24
24
24
1258
24
24
25
24
24
24
24
24
24
24
24
26
24
24
25
24
1127
26
27
27
26
27
27
26
27
26
26
26
27
26
27
657
27
26
27
26
27
25
24
24
25
25
24
24
24
25
24
25
25
718
24
24
592
603
24
24
25
25
25
24
24
24
25
610
26
25
24
25
25
25
24
24
25
24
24
24
25
40
26
26
41
27
43
704
24
24
25
25
24
24
24
46
32
33
31
700
25
25
24
24
25
24
24
24
25
24
24
24
24
24
24
25
24
597
24
24
25
25
24
25
24
26
24
25
25
25
25
24
24
24
594
24
25
25
25
25
24
24
24
24
24
24
25
24
25
1785
27
27
27
27
27
26
26
27
26
27
27
27
26
27
27
27
27
1341
3
303
6
4
4
3
3
3
3
4
4
4
4
4
3
3
825
31
31
31
30
30
30
56
22
22
23
21
22
21
22
21
22
22
22
22
22
22
22
21
22
21
1095
23
25
24
24
23
22
22
22
22
21
22
22
22
22
21
22
21
22
21
22
22
22
22
22
22
22
22
22
22
22
22
22
23
21
22
22
22
22
23
22
23
22
21
23
22
22
22
22
22
22
21
22
21
22
21
22
21
22
22
22
22
23
22
22
22
22
21
22
22
22
22
1171
22
22
22
22
585
22
22
22
22
22
22
22
22
22
22
22
553
22
22
21
22
22
22
21
22
22
22
22
22
22
22
22
22
22
21
22
22
22
23
23
22
22
22
550
23
22
22
571
26
26
25
26
26
26
26
25
54
22
22
22
22
22
22
22
23
22
22
22
22
21
22
22
22
23
22
22
22
22
22
22
22
22
22
22
22
22
22
22
21
22
22
22
22
22
22
22
23
21
1066
22
22
22
22
22
22
22
22
22
23
22
22
22
22
22
22
22
22
22
22
22
21
22
22
561
22
22
23
22
22
609
25
40
549
22
22
22
22
551
22
22
22
23
22
22
22
22
21
22
22
2105
24
24
24
43
26
26
28
26
26
26
26
26
26
57
22
22
22
23
1121
25
25
24
23
22
22
23
22
22
22
23
1118
25
25
25
25
25
24
25
25
25
24
25
25
25
24
25
24
23
23
22
23
22
23
22
22
23
22
23
23
22
23
23
23
22
23
22
22
23
23
22
22
42
24
24
23
26
23
24
24
24
24
1091
25
25
24
25
25
25
25
25
24
25
25
25
24
25
24
25
24
25
25
23
23
22
23
22
559
23
22
23
23
23
553
22
23
552
23
23
22
22
609
23
23
22
22
22
23
23
25
23
23
22
562
23
23
22
22
23
22
23
23
22
23
23
23
23
22
22
23
23
22
556
23
23
22
23
22
24
23
23
22
23
22
1113
25
24
25
25
25
25
25
25
28
40
41
26
26
25
25
27
29
26
27
56
24
24
24
24
27
24
24
24
24
40
22
23
22
23
22
23
23
23
23
23
23
22
23
23
22
23
23
24
22
23
559
22
23
23
23
23
22
23
22
23
23
23
23
22
23
22
23
23
22
23
23
23
23
23
23
564
23
23
22
23
22
2176
26
26
611
25
25
25
25
1155
25
26
23
24
23
23
23
1138
25
26
25
26
25
25
26
26
25
25
26
25
26
25
25
26
26
25
25
23
23
24
567
23
23
23
23
23
23
23
23
23
23
23
1098
26
25
26
26
26
25
26
26
25
25
23
23
24
24
24
23
24
23
23
23
23
23
24
24
24
23
23
23
23
23
23
23
23
23
23
23
23
25
24
24
23
23
23
24
23
24
23
23
23
24
569
23
23
23
23
23
23
23
23
23
23
23
23
24
24
24
25
23
23
24
24
23
23
23
23
571
23
23
24
23
24
568
24
23
568
23
23
23
23
572
26
23
23
23
24
24
24
1151
26
26
25
26
25
26
25
25
25
25
26
25
26
26
25
26
26
25
26
25
25
26
574
23
24
24
23
24
23
24
24
24
25
24
571
24
24
23
23
24
24
23
23
23
24
23
23
24
24
24
26
23
23
24
24
24
23
23
23
23
27
23
24
24
24
23
23
23
23
23
24
24
24
24
24
23
23
24
24
24
24
24
24
24
24
2208
25
25
25
26
25
25
25
26
26
26
26
26
24
24
24
24
24
23
24
24
24
24
1102
24
24
24
23
24
24
24
1130
27
26
624
27
24
24
24
578
24
24
24
24
24
24
24
1136
26
26
26
26
26
27
26
26
26
26
26
27
27
24
24
24
24
24
24
24
24
23
585
24
24
24
23
25
23
24
24
24
24
24
582
25
24
24
24
24
29
25
24
25
24
24
25
24
24
24
24
24
24
24
24
24
25
24
24
24
25
25
24
23
24
24
24
24
24
25
24
24
24
24
24
24
24
24
24
24
25
24
24
24
24
588
24
24
24
24
24
24
24
24
23
24
24
26
24
24
24
24
24
25
24
24
24
24
587
24
24
24
25
24
24
1108
24
24
24
582
25
24
24
26
585
24
24
24
24
24
24
24
590
24
25
24
25
24
24
24
24
24
25
24
24
24
24
23
24
24
24
27
25
24
24
589
25
24
24
24
24
24
24
24
24
2220
26
27
26
27
27
24
25
24
24
24
24
25
25
24
24
25
24
24
24
25
24
613
24
24
24
24
24
25
25
1170
26
24
25
24
24
25
25
24
24
24
25
25
25
24
24
24
25
24
25
24
25
25
24
25
24
24
600
25
26
24
24
24
25
1145
27
27
27
640
27
27
25
27
639
27
27
26
27
27
26
26
643
27
27
26
25
25
24
24
25
25
24
24
25
24
25
25
24
25
25
25
25
24
25
593
24
25
25
24
25
25
24
25
26
593
24
25
25
24
24
25
25
24
25
25
24
24
25
25
25
25
24
25
25
24
25
600
25
25
24
24
27
1179
27
27
27
27
27
27
27
27
27
27
26
27
26
27
26
27
27
27
26
27
27
27
27
27
28
24
25
25
593
25
25
25
24
24
25
592
25
25
25
596
25
25
24
25
601
25
24
25
24
25
3168
24
25
24
24
24
24
24
24
24
24
26
22
22
22
22
22
22
22
22
21
1114
24
23
25
24
24
24
24
24
24
24
24
24
24
25
1095
22
23
22
22
22
22
22
22
22
22
23
23
22
22
22
22
22
22
22
22
22
22
22
22
23
22
22
24
22
23
22
22
22
22
22
22
22
22
22
22
22
22
22
22
22
22
22
22
22
22
1621
22
23
23
23
22
22
22
22
22
22
22
22
22
22
22
22
22
22
22
22
22
22
23
22
22
22
24
22
22
22
22
22
22
22
22
574
22
22
22
22
1098
26
27
25
24
25
24
25
24
25
23
25
24
23
22
23
23
23
23
22
23
574
22
22
23
22
23
23
23
550
23
22
22
22
22
23
23
22
22
22
24
22
22
22
22
578
23
23
23
23
23
22
22
22
22
22
23
23
23
22
586
22
23
23
22
23
23
23
22
23
22
23
23
22
23
26
22
22
22
22
23
23
22
22
22
22
22
22
23
23
23
22
22
22
22
22
23
24
22
22
23
23
22
22
22
22
22
22
22
23
23
593
22
22
22
22
22
22
22
22
22
22
22
23
23
24
22
22
22
22
22
23
23
23
22
22
22
23
23
23
22
22
22
23
22
22
22
2319
42
39
25
54
1151
25
25
25
25
25
25
25
26
25
24
24
25
25
25
1177
25
25
25
22
23
23
23
23
24
23
22
1146
25
24
25
25
26
25
25
25
24
25
25
25
25
25
25
26
23
582
23
24
23
23
23
23
23
23
22
23
23
1710
26
28
25
25
25
25
25
25
23
23
23
23
23
23
23
23
23
23
24
23
24
23
23
23
23
24
23
23
23
24
23
23
23
24
23
23
25
23
23
23
23
23
24
23
23
23
24
24
23
24
23
23
23
578
23
23
597
23
23
23
23
23
23
23
25
23
23
24
23
23
567
23
23
23
23
566
23
23
23
23
23
23
23
23
23
23
23
23
23
23
569
23
23
25
24
23
23
23
23
23
23
23
569
23
23
23
23
23
24
23
23
23
23
24
23
23
23
23
23
23
562
25
23
23
23
23
23
23
23
23
23
23
565
23
23
23
24
24
23
23
23
23
23
23
23
25
23
23
23
23
25
23
23
23
24
24
23
23
23
23
23
23
23
23
23
23
23
24
1666
26
25
26
25
1130
26
25
25
26
26
25
25
26
25
24
26
25
25
25
26
336
31
30
1190
26
28
24
24
24
23
23
1160
26
26
26
25
26
26
26
26
25
26
26
26
26
25
26
27
26
24
26
24
23
23
579
24
24
23
24
24
1688
26
26
25
25
27
26
26
26
25
25
26
26
26
24
24
24
23
24
23
24
23
24
24
584
24
23
24
24
24
23
24
24
24
23
24
578
24
24
23
26
26
24
24
23
24
23
24
24
24
23
23
24
24
24
24
23
24
23
24
24
23
24
24
23
24
23
24
24
24
25
23
603
24
23
24
23
576
24
24
24
24
23
24
24
24
24
24
24
24
23
24
23
24
24
24
579
24
26
24
24
24
24
24
582
23
24
23
24
26
24
23
24
24
23
24
24
24
23
24
23
24
24
23
24
23
25
577
24
24
24
24
24
586
24
24
24
24
24
24
23
24
23
24
23
24
24
24
23
24
24
24
24
24
24
28
23
578
23
24
23
24
24
24
24
1688
26
25
26
26
642
26
26
25
26
26
26
26
24
24
24
24
24
24
1154
26
26
27
26
1185
26
26
27
26
26
26
27
26
27
26
24
24
24
24
24
24
24
24
24
24
590
24
1680
27
26
27
26
26
26
27
26
26
27
25
24
24
25
25
25
25
24
24
24
24
25
25
24
24
24
24
24
590
24
24
24
24
24
593
24
24
26
24
24
24
24
24
24
24
24
24
24
24
24
24
24
24
25
25
25
24
24
588
24
24
24
24
24
24
26
592
25
24
24
24
597
24
27
24
24
24
24
24
25
24
25
25
25
25
590
24
24
25
25
598
25
25
24
27
25
25
25
24
24
24
24
24
24
24
24
24
24
24
25
25
591
25
602
25
24
24
24
24
25
25
25
26
24
24
24
24
24
24
25
25
25
25
24
25
24
24
24
24
26
25
25
592
25
25
1660
25
24
25
24
25
25
24
24
24
25
24
24
25
25
24
24
24
25
24
24
25
25
24
24
25
24
1121
25
24
25
24
25
25
25
1106
25
24
25
24
601
25
25
24
25
24
25
25
25
25
27
25
25
25
2147
3
4
3
4
720
25
24
622
25
24
24
24
22
22
22
22
22
22
22
22
22
22
22
22
22
22
23
22
22
22
22
543
22
21
546
22
21
22
22
22
24
21
41
23
23
23
23
24
23
23
24
24
23
23
23
23
23
23
23
23
23
24
24
24
24
23
23
23
41
22
23
22
22
21
22
22
22
22
22
21
22
22
21
22
545
22
22
22
22
23
22
22
22
22
22
22
22
23
21
22
22
23
22
22
22
21
1118
24
24
23
24
24
24
25
24
24
24
24
24
24
24
24
23
22
22
22
22
22
21
22
1120
24
24
24
24
24
24
24
25
24
25
24
24
24
24
24
25
24
23
23
22
22
22
23
22
22
22
22
22
22
22
22
22
22
1636
24
25
24
25
24
23
23
22
22
22
23
22
22
23
23
23
22
22
22
22
22
22
22
22
25
22
22
22
23
23
22
22
22
24
22
22
22
1065
25
25
598
25
25
24
24
25
25
25
25
25
25
24
25
25
24
24
25
25
25
22
23
22
22
22
23
22
22
22
23
23
23
22
22
22
22
22
22
22
23
23
22
22
22
22
22
22
22
1710
25
25
24
24
25
25
25
25
24
25
25
24
24
25
25
25
25
25
25
25
24
24
23
22
570
23
22
23
1136
623
23
23
25
23
23
23
23
23
22
23
22
23
22
23
23
22
25
22
23
22
23
23
22
23
23
23
22
23
22
22
23
23
23
562
23
22
23
23
23
22
23
23
23
23
22
24
23
23
23
23
23
23
23
23
23
23
22
23
22
23
22
23
23
22
23
23
22
23
22
22
23
557
23
25
557
23
23
24
23
23
23
22
23
22
23
23
23
23
22
23
23
23
22
23
23
22
23
23
23
25
23
23
1088
24
22
23
23
23
23
23
23
23
23
23
23
23
23
23
23
23
23
23
23
23
23
23
23
25
23
22
1095
25
25
25
25
25
25
25
26
25
24
26
25
25
26
25
25
25
25
25
1638
650
24
39
25
25
26
25
25
25
25
26
25
39
25
24
25
25
25
25
40
22
23
23
25
23
23
23
23
23
23
23
23
23
23
1076
23
23
23
24
24
23
23
23
23
23
23
26
23
23
25
23
23
23
23
23
23
23
23
23
23
23
24
24
23
23
23
23
23
23
23
23
23
1065
24
26
1133
26
26
25
25
26
25
26
25
26
26
25
26
26
25
26
26
25
25
26
25
25
25
26
26
23
24
24
577
588
23
23
24
23
23
24
24
569
23
23
24
24
24
24
24
24
23
23
23
23
24
23
23
26
24
23
23
577
572
23
23
24
24
24
23
23
23
23
23
24
23
23
23
23
23
23
23
23
24
24
24
25
23
23
24
23
24
24
24
24
26
40
575
23
23
23
23
23
23
24
24
24
23
40
25
41
26
26
25
41
28
26
42
40
26
40
27
26
40
25
24
24
24
23
23
24
24
24
23
23
1113
25
26
618
26
26
23
24
23
24
24
23
23
24
24
23
23
23
24
1139
26
26
26
25
1677
24
24
24
24
24
23
24
24
24
24
24
24
23
24
23
577
24
24
24
24
23
24
23
28
24
24
23
24
25
24
23
24
23
24
1097
24
583
24
23
24
24
24
23
24
24
24
23
24
24
23
24
23
24
25
24
24
24
24
24
24
23
24
23
24
24
24
24
23
1706
26
26
26
26
26
26
26
24
24
24
24
24
24
24
24
24
24
25
24
24
24
24
24
25
25
24
24
24
24
24
24
24
24
24
25
26
24
24
24
592
25
24
581
25
24
24
24
24
24
24
24
24
24
24
24
24
24
24
583
24
24
24
24
591
25
24
24
24
24
25
24
24
24
24
24
25
25
25
25
581
24
24
24
24
24
24
24
24
24
24
24
24
26
24
24
24
24
24
591
24
593
24
24
24
24
24
24
24
24
24
24
24
24
24
24
24
24
25
24
24
26
24
24
24
24
24
24
25
24
1181
27
26
26
26
26
26
26
27
25
26
26
27
26
26
26
26
24
25
24
24
24
24
24
24
24
24
24
24
24
24
24
24
24
24
24
24
1155
1717
26
26
27
27
26
27
26
26
27
27
26
26
27
27
26
27
27
27
26
27
27
26
26
636
27
27
25
1173
26
27
27
27
27
27
27
26
27
27
26
27
26
26
27
27
650
26
26
26
28
26
28
26
26
42
25
24
25
25
24
24
25
25
1694
27
27
642
27
27
27
27
27
27
27
24
25
25
24
24
25
25
24
25
24
25
24
25
25
25
27
25
25
26
24
25
600
25
25
25
25
25
25
27
24
25
24
26
25
25
25
25
25
25
24
25
24
25
25
24
25
24
25
25
24
26
25
24
25
24
25
26
25
598
608
24
25
24
25
25
25
25
25
24
25
25
25
24
25
24
25
25
25
25
25
24
25
24
599
25
27
25
597
25
24
24
25
24
25
24
25
25
25
25
24
25
25
25
26
600
25
25
24
26
25
24
26
25
26
25
25
25
24
25
25
1181
27
28
26
27
650
27
27
27
27
27
27
27
27
27
27
27
27
27
28
25
2186
3
4
3
3
3
3
4
710
25
24
24
25
24
24
22
22
22
1401
30
30
29
29
29
29
28
45
22
23
22
22
23
22
22
22
1082
25
22
22
569
23
22
22
22
22
23
23
23
22
23
22
22
22
22
22
22
22
22
553
22
22
22
22
22
24
22
22
22
22
22
22
598
25
24
25
24
25
24
24
25
24
25
24
24
24
25
24
24
25
24
25
24
25
24
22
22
22
22
22
22
22
22
22
22
22
22
22
22
22
22
22
22
22
22
22
22
22
22
22
22
22
23
550
23
556
23
22
22
22
22
22
22
22
22
22
22
22
22
1086
24
25
25
24
24
25
24
26
23
22
22
22
550
22
22
22
22
22
22
23
22
23
22
22
23
22
22
22
22
553
22
22
22
558
22
22
24
22
22
22
22
22
22
22
22
22
22
22
23
23
23
23
551
22
22
22
22
22
23
22
22
22
22
22
24
550
22
22
22
22
22
22
22
22
22
22
22
22
22
22
22
22
22
22
22
22
22
23
22
23
22
22
22
25
23
23
23
23
23
23
23
23
22
22
22
22
23
23
2698
25
1115
25
24
25
24
25
25
25
25
25
25
25
25
25
25
25
25
26
25
25
24
25
1106
23
23
23
23
23
26
23
23
23
23
22
23
559
23
23
22
23
23
22
23
22
23
23
22
23
23
26
22
23
560
23
23
23
561
23
23
23
23
23
23
23
23
23
22
23
23
23
22
23
23
23
23
557
23
23
25
23
23
23
23
23
23
22
23
23
567
23
23
23
23
23
22
23
23
22
23
22
23
22
23
23
23
23
26
22
24
23
23
23
23
23
22
23
23
23
23
22
23
23
23
23
22
23
23
23
23
23
23
1133
26
568
23
23
23
23
23
22
23
23
23
23
23
23
23
23
23
23
23
23
23
23
23
570
23
23
22
23
24
23
23
23
23
23
23
23
560
23
23
23
23
23
23
23
23
23
23
22
23
23
23
23
23
562
23
23
23
569
23
23
23
23
23
23
23
23
23
23
23
23
23
23
23
23
23
23
562
23
23
22
23
2721
25
25
25
26
626
26
25
25
26
25
26
25
26
25
26
25
26
26
25
26
24
24
23
23
23
24
23
23
1168
26
26
25
26
619
25
25
26
25
26
26
25
26
26
26
26
24
24
23
24
23
23
24
24
24
23
572
23
24
23
23
23
23
23
24
23
23
23
23
570
23
23
24
23
25
23
24
24
23
23
23
24
24
24
26
23
573
23
23
23
573
24
24
24
23
24
24
23
23
24
24
24
25
24
23
23
24
24
24
575
1098
24
23
24
24
23
24
24
23
580
24
24
23
24
23
23
24
24
25
24
24
23
24
24
23
24
23
23
24
23
24
24
23
584
24
24
23
24
573
24
24
23
23
24
23
24
25
24
23
23
24
23
24
24
23
24
23
24
23
23
573
23
23
24
23
24
24
24
23
24
24
23
24
576
26
23
24
24
23
24
24
24
24
23
24
24
23
23
24
23
2687
25
25
24
583
24
24
24
24
24
24
24
24
27
24
25
24
24
24
24
23
24
24
1096
587
24
27
24
24
24
24
25
24
585
24
24
25
25
25
24
24
23
24
24
24
24
24
24
24
24
24
24
24
24
25
24
24
589
24
24
24
24
584
24
25
23
24
24
24
24
24
24
24
24
24
24
24
24
24
24
24
24
24
25
586
24
24
24
24
23
24
24
24
24
24
24
24
585
24
24
24
24
25
24
24
24
23
24
24
24
24
25
24
24
1091
24
24
24
589
24
24
24
24
25
24
25
25
25
24
24
24
24
24
24
24
24
26
584
590
25
25
24
24
25
25
24
24
587
24
24
24
24
24
24
25
24
25
24
24
24
24
24
24
25
24
26
24
24
25
24
24
587
24
25
24
24
584
24
24
23
24
24
24
24
24
24
24
24
24
24
24
25
25
26
24
24
24
24
2728
27
26
26
27
27
27
26
27
27
27
27
25
596
25
24
25
25
25
24
25
24
25
25
24
25
25
24
25
24
1151
27
26
27
641
27
27
27
25
25
25
25
25
25
25
25
27
25
25
25
25
25
25
604
596
24
25
24
25
25
24
24
25
599
25
26
25
25
25
24
25
24
25
25
24
25
25
24
25
24
25
25
25
24
25
24
25
599
24
25
24
25
597
25
26
25
25
25
25
25
25
25
24
25
25
24
25
25
25
25
25
25
25
24
1164
27
27
27
27
27
25
25
25
25
25
25
25
599
25
24
25
24
25
25
25
25
25
26
24
25
25
25
24
25
600
25
25
29
604
25
24
25
25
24
25
25
25
25
25
25
24
25
25
25
24
25
25
600
596
25
25
25
25
25
25
25
28
599
25
25
25
24
25
26
24
25
25
25
25
25
24
25
24
25
24
25
2985
4
4
3
3
3
4
3
4
3
4
4
4
3
3
3
3
6
3
669
25
24
24
25
24
24
24
24
25
24
24
24
25
25
24
24
24
24
25
24
24
24
24
24
595
24
22
23
23
22
22
22
22
22
22
22
22
22
23
22
22
22
22
22
22
22
22
22
22
554
22
22
22
1067
26
24
25
24
25
24
24
25
24
25
25
25
24
24
24
24
24
24
25
25
24
25
24
24
25
22
22
23
23
23
22
22
22
22
22
600
22
22
22
22
22
22
22
22
22
1092
25
25
24
28
25
22
22
23
23
23
23
22
22
22
23
23
23
22
22
22
22
22
22
22
22
23
22
22
22
22
22
22
24
22
22
22
22
22
22
23
22
22
23
23
23
22
22
22
22
23
22
22
22
22
23
22
22
23
23
23
23
24
22
22
22
22
553
23
23
562
23
22
22
22
22
23
553
22
22
23
23
23
22
22
22
22
22
22
22
24
22
22
22
22
22
22
22
22
22
22
22
1112
24
24
25
599
25
24
25
25
24
25
25
25
24
22
22
23
23
23
22
22
22
22
22
22
23
23
23
22
25
23
22
22
22
22
23
23
23
22
22
573
22
24
23
23
22
22
22
22
22
549
2721
25
25
25
25
25
25
25
23
22
23
23
22
23
23
23
23
23
23
23
23
23
23
23
23
23
23
24
22
23
22
23
23
23
23
24
23
22
24
22
23
22
23
22
23
23
23
561
22
23
563
23
23
23
22
23
22
1117
26
25
28
26
23
22
23
23
23
23
23
23
23
23
24
23
23
23
22
23
23
23
23
23
561
23
24
23
1077
24
23
23
23
23
23
23
22
23
23
23
22
23
23
23
23
23
23
23
23
23
23
23
23
23
23
23
25
23
23
23
23
23
23
23
572
23
23
23
23
24
22
23
23
23
562
611
26
25
25
26
26
25
25
25
25
25
24
23
23
23
23
23
23
23
23
23
23
23
23
23
23
22
23
23
22
23
23
23
23
23
23
23
23
24
23
23
23
23
23
23
23
23
563
23
1136
29
25
25
25
26
25
25
611
25
25
26
25
25
25
26
23
23
23
23
23
23
23
23
23
23
23
23
23
23
23
23
23
617
23
23
23
564
24
23
24
23
23
25
24
23
23
23
23
2210
26
25
26
26
619
26
25
25
26
25
25
25
26
24
575
616
26
25
26
26
25
26
25
26
26
25
26
25
26
26
26
25
25
26
25
25
26
25
26
26
43
27
25
25
24
1168
26
28
24
24
23
24
24
23
24
23
23
24
24
23
23
24
24
23
972
24
25
23
23
24
23
23
1134
26
25
25
26
25
26
25
25
26
26
25
26
26
26
26
25
26
26
25
24
24
23
24
24
573
24
24
23
577
24
23
23
24
23
23
24
24
23
23
24
578
24
23
24
24
576
24
26
24
23
23
24
24
24
23
579
1118
25
26
26
26
27
25
26
26
26
26
26
26
26
26
25
27
24
23
23
24
24
23
23
24
24
23
24
24
24
579
24
23
24
23
24
23
24
24
24
24
24
24
23
26
24
24
23
24
574
24
23
24
24
24
24
26
578
24
24
23
24
1695
626
26
26
26
586
24
24
24
24
23
24
24
24
24
24
24
583
24
24
23
24
580
24
24
24
24
24
24
25
23
24
1125
629
27
26
26
26
27
26
26
26
26
27
26
26
27
26
26
26
26
26
27
26
26
26
26
26
26
24
25
27
24
1146
26
26
26
26
26
26
26
26
26
27
26
27
27
26
26
26
26
26
631
26
30
24
24
24
24
24
586
24
24
24
24
594
586
24
24
24
585
24
24
24
24
24
25
24
24
24
24
24
1125
26
27
27
26
633
26
27
26
27
26
27
26
26
26
637
635
26
26
27
26
27
26
26
27
26
26
25
24
24
24
24
24
24
24
24
24
24
24
24
25
25
25
24
24
25
1109
26
25
24
24
25
1152
26
26
30
26
27
27
27
26
26
26
27
27
26
26
26
26
27
26
26
27
636
27
27
27
25
591
587
24
24
24
589
1157
27
27
27
27
27
26
27
27
26
27
27
27
26
27
26
640
26
26
25
24
1174
27
27
27
27
27
643
27
26
26
27
27
27
26
27
27
27
26
27
26
27
27
27
25
24
25
25
27
25
24
24
24
25
24
24
25
600
24
25
25
24
24
600
25
24
24
25
24
24
25
27
24
24
24
25
25
24
24
25
24
25
25
24
594
24
24
25
25
1123
645
28
27
26
642
644
27
27
25
24
25
24
25
25
24
25
24
24
25
24
25
600
24
25
25
24
1174
27
28
27
41
41
1175
27
27
27
27
28
27
27
27
28
27
27
27
27
27
27
27
27
27
27
27
27
27
27
27
27
25
25
25
24
599
25
25
24
25
24
606
25
25
25
25
25
25
25
25
44
26
27
26
27
26
26
27
26
28
27
41
598
25
25
25
1180
27
651
27
28
27
1196
629
25
25
25
25
25
25
26
27
25
25
25
25
25
25
25
603
25
25
25
25
602
25
25
25
25
25
604
25
25
25
25
25
25
25
25
26
25
25
25
25
25
25
25
25
25
25
26
25
25
25
25
25
25
45
43
28
656
25
25
25
25
1149
25
25
25
25
26
25
26
25
25
25
25
26
25
25
26
26
26
26
26
25
25
640
28
27
28
660
44
701
25
25
26
605
2067
25
24
25
25
24
24
25
24
24
24
24
24
617
24
23
23
22
22
22
22
22
22
22
22
22
22
22
22
23
22
22
22
22
22
23
23
23
23
23
23
23
568
25
23
22
22
22
23
23
22
22
22
22
22
22
22
23
22
23
23
22
22
23
23
23
23
23
22
22
22
24
23
23
22
22
22
22
22
2175
24
25
24
24
25
24
25
25
24
25
25
23
23
22
23
22
22
22
23
22
23
23
22
22
23
23
24
22
22
23
22
22
23
23
22
23
23
22
22
24
22
22
23
23
22
23
23
22
22
24
23
22
23
23
22
23
23
23
23
22
23
23
23
23
22
569
22
24
23
24
23
22
22
23
23
22
23
23
22
22
23
22
22
22
23
23
1654
24
25
25
23
22
23
22
561
23
23
23
23
22
23
23
22
23
567
22
23
23
23
22
23
22
23
24
23
22
23
23
25
23
23
23
23
23
24
23
23
23
23
23
23
23
23
558
23
23
23
27
23
22
23
23
23
23
23
23
24
23
22
23
22
23
23
22
23
22
23
23
24
23
23
23
23
23
23
24
22
23
23
23
1086
26
24
22
22
23
22
23
22
23
23
23
23
22
23
22
23
23
23
23
23
23
23
24
23
23
23
23
22
23
24
22
23
22
23
23
22
23
22
23
23
22
23
22
23
22
23
22
23
23
2181
23
24
23
23
23
23
23
23
23
23
24
23
23
23
23
23
23
23
23
23
23
23
24
23
23
23
23
25
23
23
23
23
23
23
23
23
567
23
23
23
23
23
23
24
571
23
23
24
23
23
23
23
23
23
567
24
23
23
22
23
23
23
23
23
23
23
23
2198
25
26
26
26
25
26
25
24
23
24
23
24
24
23
23
24
23
23
23
23
23
23
23
24
24
23
23
23
23
24
24
24
24
24
24
25
23
23
24
23
23
23
24
24
24
24
24
26
23
23
23
23
568
23
23
23
24
24
23
23
23
23
23
25
23
23
23
23
24
24
23
23
23
23
24
23
24
24
24
24
23
23
23
23
23
24
1645
24
23
24
23
24
23
24
24
23
24
23
24
24
23
23
24
23
23
24
23
24
24
23
24
24
24
23
27
24
23
23
24
28
23
24
25
24
23
24
24
24
24
23
23
24
23
24
23
23
24
24
24
578
23
24
25
24
24
23
23
577
23
24
24
24
24
24
23
24
24
576
23
24
23
24
24
23
24
24
23
24
24
23
1120
26
26
26
26
26
25
26
26
26
26
25
25
27
26
26
26
26
26
26
26
26
26
26
27
26
25
24
24
23
24
24
24
24
24
24
23
24
23
24
24
23
24
23
24
24
23
24
23
24
2206
26
26
26
27
25
26
26
26
27
26
26
26
26
26
29
26
27
26
26
27
26
26
27
25
24
24
24
24
24
23
24
24
23
24
24
24
584
24
24
24
24
24
24
24
24
24
23
24
24
24
24
26
24
24
23
24
24
24
24
24
24
24
24
24
24
25
24
24
24
24
25
24
24
24
24
24
24
24
24
25
24
24
24
24
24
23
24
24
24
587
24
2233
27
27
27
26
27
27
26
26
24
24
24
24
24
24
24
590
24
24
25
24
24
24
24
24
25
25
25
24
589
25
25
24
24
24
24
26
25
25
24
24
24
24
24
24
24
24
24
24
24
24
24
24
24
24
24
24
27
24
24
24
24
24
24
25
24
24
24
25
24
24
25
25
25
1659
26
26
26
27
26
26
28
26
26
26
27
26
27
24
25
24
25
24
25
25
24
25
25
25
24
24
25
25
25
24
25
25
25
24
24
24
24
25
25
25
25
592
24
25
25
24
25
25
24
27
25
24
25
24
24
25
25
25
24
25
25
24
25
25
25
24
25
25
24
26
24
24
25
26
25
24
24
25
25
25
24
24
25
25
24
24
24
25
24
24
24
24
25
25
595
24
1157
27
27
27
27
27
27
27
27
27
26
27
27
26
27
27
646
26
27
26
27
27
27
27
27
27
2232
27
27
27
26
27
26
28
27
27
27
27
27
27
27
27
27
27
27
27
25
25
24
25
25
24
25
25
25
24
25
25
24
25
25
25
25
25
25
25
25
24
25
25
25
24
25
25
609
25
25
25
25
25
25
25
25
25
25
25
25
25
25
25
25
25
25
24
25
24
25
24
25
25
25
25
26
25
24
25
25
25
24
25
25
25
25
25
25
25
600
2035
25
25
25
25
25
25
25
26
25
25
25
25
25
25
26
25
25
25
25
25
24
25
25
25
25
25
26
25
25
25
25
24
602
25
602
26
25
24
25
25
25
25
25
25
25
25
25
25
25
25
610
25
25
25
1708
28
27
28
25
26
25
25
25
25
25
25
25
25
25
25
25
25
25
25
25
25
25
25
25
26
26
25
26
25
25
25
26
25
25
25
25
25
25
25
25
26
25
25
25
25
25
25
25
25
25
25
25
26
608
25
25
25
25
25
27
25
25
25
25
25
25
25
25
25
26
26
26
26
26
25
25
25
25
25
25
25
25
25
25
25
25
29
25
26
25
25
26
25
26
25
605
1823
25
25
25
25
25
24
24
25
24
25
26
23
22
22
23
23
22
22
22
22
23
22
22
22
22
22
23
22
23
23
548
25
22
23
23
23
22
23
1636
24
25
25
25
24
25
25
25
25
25
25
25
25
25
24
25
24
24
25
25
24
24
22
23
22
23
23
22
23
22
563
23
22
23
23
23
22
22
23
22
22
23
22
23
22
22
22
23
23
22
24
23
22
22
23
22
23
22
22
23
23
22
22
23
23
25
23
22
22
23
22
22
23
23
23
22
23
22
24
22
22
23
23
22
23
23
22
22
23
22
23
23
22
23
23
22
22
23
23
22
22
23
22
23
1065
1116
25
25
25
25
25
25
25
25
25
25
25
606
25
25
613
25
25
25
25
25
25
25
25
25
23
23
23
22
23
22
23
22
23
22
23
23
22
556
23
22
23
23
22
23
23
1098
26
25
25
23
23
23
23
22
23
23
23
23
23
22
23
22
23
23
23
23
23
23
23
23
23
23
23
22
23
23
563
26
23
23
23
23
22
24
22
23
23
23
22
23
23
23
23
22
23
23
23
23
23
23
23
22
23
22
23
24
23
23
23
23
23
23
23
22
23
23
22
23
23
23
23
22
23
23
23
23
22
24
22
23
23
23
23
22
24
23
23
23
22
23
23
23
22
23
22
23
2190
26
25
26
24
610
26
26
23
23
23
23
23
23
23
23
23
567
23
23
1671
26
25
26
26
26
25
26
26
26
23
23
24
23
23
23
26
23
23
24
23
23
24
570
24
24
24
24
23
24
24
567
23
23
23
23
24
25
23
23
23
23
24
24
24
23
23
23
23
23
23
23
23
23
23
23
23
23
23
24
24
24
565
24
23
23
25
23
23
23
24
23
23
23
23
23
23
1149
25
25
26
26
25
26
26
26
26
26
25
26
26
26
24
23
23
24
24
24
23
23
23
24
24
24
23
23
23
23
24
24
23
24
24
580
24
23
23
23
569
23
25
23
23
24
24
23
23
23
24
23
570
23
23
1141
26
26
26
26
26
26
26
25
26
26
25
27
23
24
23
24
24
23
23
24
23
23
575
23
24
24
23
24
23
23
572
24
24
23
23
23
24
23
24
26
23
23
24
24
24
23
23
24
23
23
23
24
24
23
23
23
24
24
24
23
23
1103
26
26
1683
27
26
26
26
26
26
26
26
26
26
25
27
26
26
26
26
25
26
26
26
26
26
26
24
24
24
24
23
24
24
24
24
24
23
24
23
24
23
24
24
24
24
24
25
23
24
24
1598
24
24
24
24
581
23
24
24
23
24
24
24
24
24
24
24
582
24
24
579
24
24
24
24
24
27
24
23
24
24
23
24
24
24
24
24
24
24
24
24
24
25
586
24
24
24
24
24
24
24
1125
25
24
24
24
25
25
24
24
24
24
24
24
24
24
25
24
24
25
25
24
24
24
24
24
24
24
24
25
24
25
584
24
24
585
24
24
24
24
24
24
24
24
24
24
24
24
24
24
24
24
27
24
24
24
24
24
26
24
24
24
24
24
24
24
24
23
25
24
24
25
25
25
24
24
24
24
24
24
23
24
24
1107
24
24
25
24
588
24
24
24
24
24
24
24
24
24
24
24
586
25
24
588
24
24
24
24
25
24
24
24
26
24
24
24
24
24
24
24
24
24
24
24
24
24
585
2184
27
26
27
27
24
25
24
25
25
24
24
25
25
24
24
25
26
24
24
27
25
24
24
25
25
25
24
24
25
24
24
28
25
25
24
25
25
592
1728
26
27
27
27
27
27
27
27
27
27
27
27
27
27
28
25
25
24
25
25
25
25
24
24
25
24
25
24
25
24
25
25
24
25
25
24
25
25
24
25
25
25
24
26
46
26
26
26
26
619
25
25
24
25
599
24
24
25
24
24
25
25
25
25
24
24
599
25
25
1122
25
25
24
25
24
25
24
25
25
25
25
24
26
25
25
25
27
25
25
25
25
24
599
600
25
25
25
27
25
24
24
25
24
25
24
25
24
24
25
24
25
25
24
25
25
25
25
25
25
25
25
25
25
25
25
26
25
25
25
25
25
1119
685
27
27
27
27
28
42
26
27
27
26
26
26
27
26
26
27
42
27
24
26
24
25
24
25
25
25
25
24
25
25
24
25
24
25
25
25
24
25
25
24
25
25
25
25
25
25
27
25
25
600
25
25
25
24
598
25
25
25
25
25
25
25
25
25
25
25
1676
28
27
1168
28
27
27
27
27
28
27
28
27
27
27
27
27
27
27
28
28
27
27
28
27
27
655
1704
28
27
28
27
28
28
27
27
28
27
27
28
27
28
27
28
28
27
28
27
28
27
28
25
26
25
25
25
25
25
26
26
26
25
25
25
25
610
653
27
27
28
27
28
27
28
28
27
28
27
28
25
25
26
26
26
25
25
26
25
25
28
25
25
25
26
26
26
26
26
26
25
25
25
25
26
26
26
29
25
25
25
25
25
25
26
26
26
1533
3
4
4
4
4
4
4
3
4
4
4
708
26
25
25
25
24
24
25
25
25
25
598
24
25
25
28
23
22
22
23
23
23
22
553
22
23
550
23
22
22
22
23
23
23
22
22
23
23
23
23
23
22
23
23
22
22
22
22
23
1072
605
25
22
23
22
23
22
22
23
23
23
22
22
22
22
23
23
22
23
23
22
22
23
23
23
22
22
22
22
23
23
22
23
23
22
22
22
23
563
567
23
23
22
22
23
23
22
22
22
22
23
23
23
23
22
22
22
23
25
22
22
23
23
22
22
23
23
22
22
23
23
23
22
22
22
22
23
22
22
23
22
22
23
23
22
1656
25
25
25
25
25
25
25
25
625
25
25
25
25
25
25
25
25
25
25
25
1668
25
25
631
26
25
25
26
25
28
25
25
26
25
26
25
25
25
25
26
25
26
25
25
25
26
590
589
23
23
23
23
23
22
23
23
23
23
24
23
23
23
22
23
23
23
23
23
22
23
23
24
22
23
24
23
23
23
23
23
23
23
22
23
23
580
1670
25
25
25
26
25
26
25
26
26
25
24
23
23
24
23
23
23
24
24
23
23
23
23
23
23
24
24
22
23
23
23
23
23
24
23
23
23
24
23
23
23
23
23
23
23
573
23
23
23
23
23
23
23
24
568
23
23
23
23
23
23
23
23
23
24
22
1124
25
25
618
26
25
25
26
25
25
26
25
26
25
25
26
25
26
25
26
25
25
26
26
25
25
569
573
23
23
23
23
23
23
23
24
24
23
24
24
24
24
23
23
23
23
23
23
23
23
23
23
23
25
23
23
24
23
23
24
23
23
26
23
23
1643
621
25
26
26
25
26
26
26
26
26
25
23
24
23
23
23
23
23
24
24
24
23
23
23
24
24
23
23
24
24
23
23
23
24
24
23
23
23
26
23
23
24
1702
26
26
26
26
26
26
26
26
25
25
26
26
623
26
26
26
26
25
24
24
23
24
24
24
577
24
23
578
23
24
23
24
23
24
23
24
24
23
24
329
31
31
31
30
30
31
35
45
24
24
574
1657
26
26
26
26
26
26
26
27
26
26
26
26
26
26
26
26
27
24
24
23
24
23
24
23
24
24
24
24
24
24
24
24
24
24
24
24
24
581
579
23
24
23
24
24
26
24
23
24
23
24
23
24
23
23
24
23
24
23
24
24
24
23
24
24
24
24
25
24
25
24
24
23
24
25
24
24
1151
27
24
24
24
24
23
24
24
24
24
24
24
23
24
24
24
587
24
24
23
24
26
24
23
24
24
24
24
577
24
24
582
24
23
24
23
24
24
24
24
23
24
24
24
24
23
24
24
24
24
26
24
24
24
1103
1171
27
26
26
26
26
27
26
26
27
26
27
26
27
26
27
26
27
24
24
24
24
23
24
24
24
24
24
24
25
24
24
25
24
24
24
24
24
1678
588
24
24
25
25
24
24
24
24
24
24
24
24
24
28
24
40
26
25
26
26
26
26
26
26
26
26
26
29
27
26
29
26
25
26
26
26
26
606
24
24
24
24
24
24
24
25
25
25
25
25
25
25
24
24
587
25
27
25
24
24
24
25
25
24
25
25
1660
27
27
636
27
27
27
27
27
26
27
26
26
24
25
24
25
25
24
24
25
25
24
24
25
24
597
590
25
25
24
24
25
24
24
24
24
25
25
24
24
27
25
25
24
24
24
24
25
25
25
25
25
24
24
24
24
25
25
24
24
24
25
24
24
1159
595
26
25
24
24
25
24
25
25
25
25
24
25
25
24
24
25
25
24
25
25
25
25
26
25
25
24
25
26
25
24
24
25
25
24
25
25
24
592
25
25
25
24
25
25
24
24
24
25
25
25
24
24
25
24
602
25
26
24
24
25
25
24
24
25
24
24
1693
27
27
645
27
27
27
27
27
27
27
26
29
25
25
25
24
25
25
24
25
25
26
25
25
25
1632
606
25
25
25
25
25
25
27
25
25
25
24
25
25
25
25
25
25
25
24
25
25
24
25
25
25
25
25
25
25
25
25
25
25
25
25
26
25
605
602
25
25
25
25
25
26
26
27
26
24
25
25
25
24
25
25
25
25
25
24
25
25
24
25
26
25
25
25
25
25
25
25
25
24
25
25
24
1689
28
27
28
27
27
27
28
27
27
26
25
26
26
25
26
26
608
26
25
25
25
25
25
25
25
25
25
25
652
25
25
607
25
25
25
25
26
27
25
25
25
26
26
25
25
25
25
25
25
25
25
25
25
25
1173
653
28
27
28
27
27
28
28
25
25
25
25
25
26
25
28
25
25
25
25
25
25
25
25
25
26
25
25
25
25
25
25
25
26
26
26
27
25
610
608
25
25
25
26
25
25
25
25
25
26
25
25
25
25
25
25
25
25
25
26
26
26
26
25
26
25
25
25
25
25
26
25
26
25
1726
28
28
28
28
28
28
27
28
28
28
28
28
25
26
26
25
25
26
26
614
26
25
26
26
26
25
25
25
25
1328
4
3
4
4
6
4
4
3
4
4
3
4
3
3
4
706
26
25
25
25
25
25
25
23
24
24
22
23
22
23
23
23
22
553
22
22
23
22
22
23
22
23
553
23
22
576
23
22
23
23
22
22
23
23
24
22
23
23
22
22
23
22
22
23
23
24
23
22
23
22
22
23
23
22
22
23
23
24
23
22
22
23
24
22
22
23
23
22
22
23
23
22
23
23
23
23
22
22
561
23
22
553
22
22
22
22
23
22
22
23
29
23
22
23
22
23
23
22
22
22
23
22
22
23
2167
25
26
25
26
25
25
26
23
23
23
23
23
23
23
22
23
23
25
23
23
24
23
22
23
22
23
23
23
23
22
23
22
23
23
23
24
23
23
23
23
24
22
23
22
23
23
23
23
23
22
575
22
23
23
22
23
22
23
22
23
556
23
23
25
23
23
23
22
23
558
23
22
1142
25
25
25
25
26
25
25
25
25
25
25
25
25
25
26
25
25
23
23
22
23
24
23
23
23
23
23
23
23
23
23
23
23
23
23
22
23
23
23
23
23
23
23
23
24
23
23
23
24
22
23
23
1100
25
25
1146
25
25
25
25
26
1166
26
26
23
580
24
24
24
23
23
23
23
23
23
23
23
23
23
23
23
23
23
23
23
23
23
23
24
24
23
23
25
23
23
24
24
24
24
24
24
24
24
23
24
23
24
24
23
23
575
24
24
24
23
23
23
23
23
23
568
23
23
23
24
23
23
23
23
563
23
23
571
23
24
23
24
24
23
23
23
23
24
23
23
23
23
23
23
25
23
23
23
23
23
23
24
23
24
23
23
23
23
23
23
23
23
23
23
23
24
24
24
23
23
23
23
24
23
23
23
23
2229
26
26
26
26
26
621
25
26
26
26
26
628
26
26
24
577
24
24
23
23
24
24
23
24
24
23
23
24
24
23
23
23
23
24
24
23
23
23
24
23
23
24
26
23
23
24
26
24
23
24
24
24
23
24
24
23
23
23
24
24
1142
26
26
25
25
26
26
26
24
24
574
24
23
24
24
23
24
23
23
573
23
23
1125
26
26
24
24
25
24
23
24
24
25
24
23
24
23
24
621
23
24
23
24
24
24
1122
24
24
23
24
23
24
24
24
24
23
24
23
25
577
24
24
24
24
24
611
24
24
24
601
24
23
24
24
24
24
23
24
24
24
23
24
23
24
24
23
26
24
24
24
23
24
24
24
23
24
23
24
25
24
24
24
23
24
24
24
24
24
24
24
24
24
24
24
586
24
24
24
23
24
24
24
24
24
581
24
24
24
24
23
24
24
24
1095
1677
25
24
24
24
24
24
24
24
24
24
24
24
24
24
24
24
24
605
24
24
24
24
24
24
611
25
24
28
24
24
24
25
24
24
24
24
24
24
587
25
24
24
24
24
1137
27
26
26
632
26
26
27
27
24
24
25
25
24
24
24
24
24
24
24
24
24
24
24
24
24
24
24
24
24
24
24
24
24
24
24
24
29
25
24
24
24
24
24
24
24
25
24
24
1125
26
27
26
27
26
27
26
26
26
634
26
26
28
24
24
25
24
24
1113
645
27
26
25
26
27
26
27
26
27
27
27
26
27
27
26
27
26
598
25
24
24
25
25
24
591
25
25
24
24
24
25
25
25
25
24
24
24
25
588
24
25
25
24
24
601
24
26
25
595
24
24
25
25
25
24
24
24
24
24
24
25
24
24
24
25
24
24
24
24
24
25
25
25
24
26
24
24
25
24
25
24
24
25
25
25
25
25
25
25
25
24
24
24
2192
25
25
25
24
25
25
28
25
25
594
24
25
25
25
25
25
25
25
595
597
24
25
24
24
25
25
25
24
27
25
25
24
25
24
24
25
25
593
25
24
25
24
25
25
1182
26
27
27
26
28
26
27
27
27
25
25
25
24
602
25
25
24
25
24
601
24
25
1185
27
27
27
27
27
27
27
27
27
28
27
26
25
25
25
25
25
24
25
25
27
26
25
25
25
24
25
24
25
25
24
25
25
25
25
24
25
24
25
29
24
25
25
1185
27
27
27
27
27
27
27
27
27
28
27
647
27
28
27
27
27
27
27
27
607
602
25
25
25
25
24
25
25
25
25
25
25
25
25
25
25
25
25
999
25
25
25
25
25
25
603
25
25
27
25
25
25
25
25
25
25
26
25
25
599
25
25
26
25
25
2174
28
28
612
25
25
25
26
26
26
25
25
25
26
26
26
25
25
25
25
25
25
25
25
25
25
25
25
25
25
26
26
25
25
25
26
26
26
26
26
25
25
26
26
26
26
26
614
25
26
26
26
26
26
26
26
25
25
25
608
25
25
25
25
25
25
25
25
1159
657
28
28
27
28
28
27
28
28
27
28
27
28
28
28
27
25
25
614
26
25
25
25
25
25
1171
28
28
28
28
27
28
28
27
27
27
28
28
27
657
28
26
25
26
26
1125
25
26
619
26
25
26
25
26
26
25
25
26
26
25
26
26
25
25
26
25
27
26
25
26
26
25
25
26
25
25
25
26
25
26
26
26
26
25
26
26
26
26
25
26
26
26
614
26
28
25
25
25
25
26
25
25
26
26
614
25
25
25
26
26
25
25
26
618
611
26
25
26
26
25
26
26
25
28
26
25
25
25
26
25
26
26
612
25
26
2561
28
23
1082
23
23
22
23
559
23
23
23
23
23
23
23
23
23
23
23
23
1073
23
23
25
23
23
23
23
23
23
22
23
23
23
23
23
23
23
25
23
23
23
23
23
24
23
23
23
23
23
23
24
22
23
23
23
23
23
23
23
23
23
23
23
23
23
1093
26
26
24
26
24
26
26
25
26
25
26
23
23
598
23
23
23
23
23
23
23
22
23
23
23
23
23
23
23
23
23
23
23
23
23
23
24
1196
27
27
27
27
27
27
39
23
23
23
23
23
23
24
23
23
23
23
23
23
23
23
23
24
23
24
25
24
23
23
23
23
23
23
23
23
23
566
24
23
23
23
23
23
23
23
23
23
24
563
23
24
23
24
566
23
23
24
23
1127
26
25
25
26
25
26
25
26
26
25
26
25
25
26
25
26
25
25
25
25
24
23
23
23
23
23
23
23
23
23
23
23
23
23
23
24
23
23
23
23
23
23
23
24
23
23
24
23
26
24
24
23
23
568
23
23
23
23
23
23
23
23
23
24
23
23
23
587
23
23
23
23
1114
26
24
23
1680
27
26
26
26
26
26
26
25
25
26
26
26
26
25
26
25
26
26
26
23
24
24
24
24
23
24
23
23
23
24
24
23
23
1119
26
26
26
26
25
26
26
26
26
26
27
574
24
23
24
24
575
24
24
23
24
1104
26
26
25
25
26
26
25
26
26
26
26
25
26
26
24
24
23
24
24
23
24
23
27
23
24
24
24
23
24
23
24
23
24
24
23
24
23
24
24
24
24
25
24
23
24
23
24
24
24
24
23
24
24
1134
26
26
26
26
25
26
26
26
26
26
26
26
25
580
24
24
24
23
577
24
24
24
583
24
23
24
23
24
23
24
23
24
23
24
23
24
24
24
24
24
24
25
24
24
24
24
24
24
24
24
24
24
23
24
23
24
1111
26
26
26
26
26
26
26
26
26
26
27
578
24
23
24
24
577
24
24
24
24
583
24
24
24
24
24
24
24
24
24
24
24
23
24
24
24
24
25
24
24
24
23
24
24
23
24
24
24
24
24
24
24
24
24
24
24
24
24
24
24
24
23
24
23
24
27
24
24
24
24
23
24
24
24
1679
26
26
27
26
1184
27
26
26
27
26
27
24
24
25
25
25
24
24
1113
26
27
27
638
26
27
27
26
27
27
26
26
26
27
27
26
27
25
24
24
24
24
25
24
25
24
24
24
25
24
24
24
24
24
24
24
24
593
24
1156
27
27
25
24
25
25
24
24
24
24
24
24
25
25
589
24
25
25
25
1137
26
27
27
26
26
36
26
27
24
25
24
24
25
25
24
24
24
25
24
24
25
25
24
24
24
25
25
24
25
25
24
24
25
25
24
25
25
24
24
24
25
25
24
25
24
24
24
25
25
25
24
24
25
594
25
25
24
24
599
24
24
25
25
26
24
25
25
24
24
25
25
24
1138
27
27
26
641
27
26
27
28
27
27
26
27
26
27
27
27
27
24
25
24
25
24
25
26
24
24
25
25
24
24
25
24
25
25
25
25
24
594
25
599
24
25
24
24
27
24
25
25
24
24
25
24
25
25
592
24
25
25
1710
28
27
27
27
27
27
27
28
25
26
25
24
606
25
24
25
25
25
25
25
25
24
25
25
25
25
25
25
25
25
24
1165
28
27
25
25
25
25
25
24
600
25
25
24
25
24
25
24
25
25
25
25
25
24
599
24
25
25
1131
25
25
25
25
25
25
25
25
25
26
24
25
25
25
24
25
25
26
25
25
25
24
26
25
25
25
25
28
27
25
25
25
25
1151
27
651
27
28
26
28
28
28
27
27
27
27
28
27
27
27
653
27
27
27
606
25
25
25
25
25
25
25
25
25
27
25
25
609
26
25
25
25
25
25
25
25
25
25
25
25
25
26
25
25
25
1144
25
26
26
25
25
25
25
25
25
622
25
26
25
25
25
26
25
25
25
25
24
27
26
616
25
25
25
615
25
25
25
25
25
25
25
25
25
25
25
25
25
25
26
26
25
25
26
26
25
28
25
25
25
25
25
25
25
25
25
26
26
1678
28
714
28
28
28
28
28
43
27
28
27
29
27
27
26
26
632
26
25
1163
25
26
25
25
26
26
26
26
25
25
25
26
26
644
26
28
26
26
25
25
26
26
26
25
25
25
26
26
25
25
25
1151
26
26
25
25
26
25
26
25
28
647
26
26
25
26
26
25
26
26
25
26
26
25
26
1177
29
29
28
695
28
27
28
27
28
28
26
25
26
26
26
25
26
26
25
26
26
26
25
25
26
25
26
25
25
26
26
25
26
26
25
26
26
644
28
641
25
26
25
25
26
26
25
26
25
25
26
26
25
26
1659
5
4
4
4
5
6
3
4
4
4
4
3
4
752
26
26
25
26
25
25
25
25
1168
25
25
25
25
24
23
23
23
23
23
22
575
23
23
23
22
23
22
23
23
23
23
23
23
23
23
25
23
23
23
23
23
22
25
22
23
22
23
23
23
23
23
23
23
23
23
22
23
23
23
23
22
23
22
23
22
23
22
23
22
23
24
23
23
23
23
23
23
23
23
23
23
23
23
23
23
23
23
23
23
22
23
24
23
23
23
22
23
23
1691
650
25
25
25
26
28
26
25
25
25
25
25
24
26
25
25
26
25
25
26
25
25
25
23
23
23
23
23
23
23
23
1665
27
26
25
26
25
26
26
25
25
25
26
25
25
24
23
23
23
23
24
24
23
24
23
24
24
23
23
23
23
23
24
24
24
23
24
24
24
23
23
23
24
23
1133
26
25
25
26
25
618
25
26
26
25
25
25
26
25
25
26
25
612
26
26
25
25
26
29
23
24
23
23
23
602
24
24
24
23
24
24
23
23
23
23
23
23
23
23
23
23
24
24
24
24
24
25
23
23
23
23
23
23
23
23
23
23
23
23
23
23
23
23
23
23
23
23
23
24
23
23
609
600
23
24
25
23
23
23
23
23
23
23
23
23
23
331
31
31
30
30
31
30
30
59
24
24
24
23
1645
650
25
26
26
26
26
26
26
26
26
26
25
26
25
26
25
26
26
26
26
24
24
24
23
23
25
23
575
24
23
23
24
24
581
24
23
24
24
23
23
23
23
24
24
23
574
23
23
23
24
24
24
1638
24
23
24
23
24
23
24
24
23
24
23
24
24
24
23
24
23
24
23
24
24
24
23
25
24
24
24
24
23
23
24
23
24
24
24
25
23
24
24
23
23
24
23
24
24
23
24
23
24
23
24
1661
583
24
24
24
23
24
24
24
24
24
24
23
24
24
24
24
24
24
24
23
24
23
27
24
1154
26
26
27
628
26
26
27
26
26
26
26
26
26
26
26
26
26
27
26
27
28
26
26
24
24
24
24
23
24
24
584
24
25
24
24
24
580
24
24
24
24
24
23
24
24
24
25
24
583
24
26
24
24
24
24
580
24
24
24
24
24
24
24
24
24
24
24
24
24
24
24
24
24
24
24
24
24
24
24
25
24
24
24
24
24
24
24
24
27
24
24
24
24
23
24
24
24
24
24
24
24
24
1664
24
24
24
24
24
586
24
24
25
24
24
25
24
24
25
24
24
24
24
24
24
24
24
25
24
24
24
27
25
592
25
24
24
583
24
25
25
24
24
24
24
25
24
24
25
24
24
24
24
24
24
24
25
25
24
27
24
24
24
24
1132
1180
27
27
26
27
27
27
27
27
26
27
26
27
27
27
29
27
589
25
24
24
1698
27
26
27
27
27
27
26
27
27
27
26
27
26
27
27
26
27
25
25
24
25
24
24
24
25
24
24
25
25
25
25
24
25
25
24
25
25
24
24
25
25
24
24
25
25
1164
27
27
27
27
27
27
27
28
26
643
27
27
27
27
26
26
27
27
27
27
27
27
27
27
28
25
24
25
24
25
24
25
25
600
25
25
24
596
24
25
24
25
24
25
25
24
25
24
24
25
25
27
25
27
24
25
24
25
24
25
24
25
25
24
603
611
25
24
25
24
25
24
25
25
25
25
25
25
25
24
25
27
599
1805
26
25
24
25
25
25
25
25
24
25
25
25
25
25
25
24
25
25
25
26
25
24
25
25
24
25
25
25
25
25
25
25
25
25
25
25
25
25
25
25
25
24
25
25
25
25
25
25
603
25
24
25
25
25
25
25
24
25
601
25
25
25
25
25
25
24
25
25
24
25
25
25
25
25
25
25
27
25
24
25
25
25
1695
29
27
28
604
25
25
25
25
25
25
25
25
26
25
25
26
25
25
25
25
25
25
25
25
25
25
25
25
25
25
1685
654
28
27
28
27
27
27
28
25
26
25
25
25
25
25
25
25
1131
657
28
28
28
28
27
28
28
27
28
28
28
27
28
29
25
26
25
25
25
25
28
26
25
25
25
25
25
25
25
25
26
26
26
25
25
25
25
25
25
25
25
27
25
26
26
25
25
25
614
25
25
25
25
26
26
26
26
25
612
25
25
25
25
25
26
26
25
25
25
26
28
25
26
26
25
25
26
25
26
25
25
25
610
25
26
26
612
26
25
26
26
25
25
25
25
25
25
25
33
25
26
26
26
26
25
25
25
25
25
25
25
25
25
1701
661
28
28
28
28
28
28
27
25
26
25
26
26
25
25
26
25
618
611
26
26
26
25
25
26
26
26
25
25
26
26
25
42
28
27
29
28
27
43
28
28
28
28
28
28
27
43
28
42
27
27
27
27
27
28
27
28
27
27
42
26
26
25
27
26
32
27
1879
30
29
28
58
26
26
26
25
26
621
26
25
26
26
26
25
26
25
29
25
26
25
26
26
26
26
26
26
26
26
26
25
26
1861
25
25
25
25
23
23
23
23
23
23
27
23
22
23
23
22
559
22
23
22
23
23
23
23
23
22
23
23
22
23
23
25
22
23
22
23
23
22
23
22
23
22
23
23
23
23
22
23
23
22
1135
23
23
23
23
22
23
25
23
22
23
23
23
22
23
23
23
23
23
23
24
23
23
22
23
23
23
23
23
23
23
22
23
23
23
24
1089
25
25
26
25
26
25
25
26
25
25
26
25
25
25
610
25
25
25
25
26
25
25
25
25
23
24
24
23
23
23
23
22
23
23
22
23
23
23
22
23
23
23
23
23
23
23
1116
26
25
25
24
23
23
23
23
24
24
23
23
23
568
24
24
24
23
23
23
23
23
1118
26
26
25
26
27
23
23
23
23
23
24
1132
25
26
26
25
26
26
25
26
25
26
26
25
25
26
26
25
26
26
23
24
23
24
24
24
23
23
23
24
23
23
23
44
25
608
23
23
23
23
23
23
23
23
23
23
23
23
25
24
24
24
23
23
23
23
23
23
23
23
23
23
23
23
23
23
23
23
23
23
23
567
24
1628
26
26
26
26
26
26
25
26
23
24
24
24
23
23
23
24
24
23
23
23
24
23
24
24
25
24
23
24
24
23
23
23
24
23
23
24
24
23
23
24
24
24
23
1160
26
26
26
26
26
26
26
24
23
24
23
24
24
24
575
24
23
24
24
23
24
23
24
1108
27
26
26
27
26
27
26
26
24
24
24
576
24
23
24
24
23
24
23
24
24
23
24
24
24
24
24
24
23
23
24
23
24
23
24
23
25
24
24
24
24
1142
26
26
26
26
26
26
26
26
26
27
26
26
26
26
26
26
26
26
26
26
24
24
23
24
23
24
23
24
24
24
24
23
24
27
41
25
25
25
25
1138
27
636
26
25
26
24
24
24
23
24
24
25
24
24
24
23
24
24
25
24
24
23
24
24
23
24
24
24
24
24
24
24
24
25
24
24
23
24
23
24
24
24
24
24
1200
26
26
40
24
1155
27
26
27
26
27
26
24
24
24
24
24
24
24
24
24
24
41
26
25
679
24
24
24
24
24
24
24
24
24
24
24
609
24
25
24
24
24
25
24
24
24
24
24
25
24
43
42
28
27
27
27
28
28
27
27
42
41
25
26
25
26
1202
27
700
26
26
26
26
26
26
26
26
26
26
40
24
24
25
41
25
26
26
1409
57
697
27
26
26
41
25
25
24
26
26
26
25
26
26
25
26
26
26
26
42
27
26
27
26
42
26
25
42
28
27
26
41
42
27
41
26
26
25
26
26
26
41
25
1193
27
26
26
27
766
24
24
24
25
25
26
25
24
24
25
25
24
24
24
25
24
25
25
24
1161
26
26
27
27
27
26
27
27
27
27
27
616
24
25
25
25
24
24
24
24
25
25
25
24
24
24
25
25
25
24
24
24
25
25
24
24
25
25
24
26
24
1324
27
661
26
27
27
27
27
27
27
26
26
27
27
26
27
27
27
27
26
27
1170
24
718
41
24
639
24
25
24
25
24
25
25
24
25
24
25
25
24
25
26
25
24
25
24
25
597
27
24
25
25
595
25
24
24
25
24
25
24
40
43
27
27
27
28
28
28
28
27
29
28
746
32
33
62
1210
27
27
27
27
27
27
27
28
26
27
27
26
28
27
27
27
28
27
27
27
27
28
27
27
26
28
25
25
25
26
25
1193
27
27
27
27
27
27
27
719
25
25
25
25
25
24
25
25
25
25
26
25
25
25
25
25
25
25
1149
28
961
32
33
670
24
25
46
31
30
30
30
30
30
30
45
42
27
25
25
25
25
1190
27
28
27
28
27
28
27
652
27
28
27
27
27
28
27
27
27
27
27
28
25
25
25
25
25
25
25
1277
25
25
25
606
25
25
25
25
25
25
25
25
25
25
25
25
28
25
25
25
26
25
26
26
26
25
25
25
25
25
25
25
26
25
1212
27
27
28
28
27
28
27
29
606
25
46
30
31
30
30
30
31
31
31
42
25
25
25
25
25
25
25
609
26
610
25
25
606
26
25
27
25
25
25
25
25
25
26
26
25
25
25
25
26
26
611
26
26
1303
27
27
28
28
28
27
28
25
26
25
25
25
25
25
25
25
25
25
25
26
26
26
25
25
1134
26
25
26
610
26
26
25
27
25
26
26
26
25
25
26
26
25
25
25
25
26
26
25
25
25
25
46
31
31
31
31
31
31
31
1215
28
28
28
28
28
27
27
28
662
28
27
27
28
28
27
28
28
29
28
28
28
28
27
27
28
28
28
1183
32
689
26
26
614
26
26
26
25
26
26
25
26
26
26
26
25
26
26
26
1133
26
26
25
26
628
26
25
26
26
26
26
29
48
32
31
31
31
31
32
31
75
26
26
25
26
26
25
27
1219
28
29
29
28
665
28
28
29
28
28
28
28
28
29
28
28
28
29
28
28
28
28
28
28
28
26
26
26
26
25
26
26
26
26
26
646
28
27
27
28
27
27
28
42
618
26
26
26
25
26
26
26
28
26
25
26
25
26
26
26
26
26
25
623
26
1536
5
4
5
4
4
5
4
4
6
4
812
26
26
25
26
26
26
24
26
25
25
25
25
25
25
25
25
25
26
25
24
23
23
23
22
23
23
23
23
23
23
23
23
23
23
23
23
23
23
23
23
22
23
23
23
23
23
23
24
23
23
23
23
23
23
23
23
23
560
22
23
23
1100
25
25
25
26
25
25
25
25
26
28
26
25
26
23
23
23
567
23
23
23
23
