166
139
149
141
152
103
116
116
123
113
106
109
120
119
120
127
117
117
118
115
108
103
116
110
111
115
123
122
118
116
112
121
116
123
111
111
109
120
107
120
116
118
105
156
126
121
113
115
117
131
125
116
114
157
111
120
112
113
110
123
123
119
117
115
111
108
105
116
124
124
111
119
128
125
113
113
111
111
116
116
104
123
103
104
114
109
115
118
121
117
127
108
118
108
103
106
120
103
102
108
117
104
121
124
116
113
116
118
123
113
116
122
116
105
112
114
115
115
117
126
123
118
119
106
110
117
118
125
110
121
121
121
113
131
119
109
121
122
131
114
122
111
114
106
124
112
122
118
121
127
119
116
111
107
118
115
120
111
112
119
127
113
126
124
112
119
111
113
117
107
114
115
117
116
120
117
128
123
111
114
111
113
113
115
115
121
118
118
116
123
111
131
118
130
117
136
121
109
116
126
115
120
133
113
116
113
121
127
117
117
119
102
106
107
123
114
127
110
113
115
118
117
121
135
116
111
121
118
109
120
111
112
107
125
114
131
121
110
121
113
131
118
103
126
112
103
108
112
118
106
119
107
105
116
109
102
106
115
103
106
109
120
116
130
101
116
115
115
123
103
118
118
115
117
113
113
106
115
111
116
124
118
113
111
115
119
122
112
110
128
131
118
122
107
116
110
120
117
112
125
107
122
110
107
111
112
113
115
112
115
117
121
114
117
121
104
106
112
111
120
117
113
120
113
114
118
118
106
112
116
113
122
120
113
118
107
122
132
122
112
102
116
117
109
107
114
113
116
100
105
110
108
128
116
108
122
116
120
112
116
117
121
121
120
120
119
114
104
106
124
110
109
107
124
148
109
114
113
120
117
107
125
124
116
116
118
134
108
123
123
111
122
115
117
126
118
114
119
123
123
112
115
125
115
127
117
115
117
111
111
111
114
107
129
121
118
114
112
110
111
114
120
125
121
118
104
124
111
111
117
126
115
114
107
104
125
119
123
120
120
129
117
114
116
129
120
120
107
108
121
109
112
119
109
126
124
120
115
101
125
119
113
105
107
104
113
102
108
111
123
129
121
118
117
123
122
117
125
111
112
119
114
119
117
113
112
107
112
114
110
106
126
108
104
109
121
118
112
110
119
120
108
119
123
124
103
106
118
113
112
113
124
116
120
127
114
124
123
119
113
115
115
108
114
121
118
110
110
110
130
104
124
107
106
126
116
118
110
122
114
116
112
109
119
110
120
110
105
110
107
113
116
118
113
128
110
109
115
110
116
113
121
118
105
121
108
111
115
113
121
121
112
117
109
120
121
117
115
120
125
116
118
114
126
127
113
122
105
125
126
124
125
117
118
111
121
108
112
119
115
117
115
119
111
126
109
103
118
119
118
102
113
119
107
115
113
138
103
120
104
114
109
113
125
111
136
130
116
116
110
114
102
105
108
110
115
110
110
122
101
121
115
123
111
128
119
111
115
111
115
113
112
105
107
116
112
125
119
122
113
117
116
116
116
111
109
128
116
117
115
114
110
118
110
126
116
111
118
115
112
113
119
117
118
116
107
108
113
111
115
103
117
116
117
114
109
111
134
117
123
117
123
122
127
127
121
116
145
117
118
101
119
125
125
112
110
113
132
125
122
118
107
116
123
118
114
107
128
113
121
112
128
124
112
113
126
115
125
105
102
115
103
103
122
119
124
111
118
117
115
120
115
114
115
122
115
124
118
115
110
105
116
128
138
116
134
129
124
131
111
113
125
123
125
121
112
115
104
117
105
112
112
120
117
106
118
119
119
110
114
111
109
112
107
106
102
116
106
108
136
113
124
113
116
116
113
114
125
127
121
107
111
107
114
109
117
116
120
109
110
110
108
113
112
108
117
115
115
114
133
123
112
115
123
113
110
115
111
108
112
112
120
117
129
119
112
119
108
120
107
113
119
109
108
119
119
117
121
103
116
113
110
108
118
126
122
132
120
119
119
111
106
105
122
115
114
120
119
110
117
122
121
114
123
120
106
117
118
113
122
123
117
128
112
115
116
126
115
119
117
117
107
111
110
123
108
115
108
109
117
117
115
116
117
116
116
106
109
110
123
119
113
120
119
126
121
117
121
121
118
117
112
120
111
112
119
118
103
120
122
116
120
115
114
110
106
110
108
112
119
116
116
103
116
113
117
114
121
118
123
110
116
113
123
112
109
120
114
118
115
119
129
119
103
102
116
119
112
115
116
118
118
103
114
116
119
116
126
114
116
122
110
106
116
106
118
108
100
120
113
