149
133
155
178
140
104
136
127
138
135
107
121
137
140
118
136
125
134
135
146
120
103
128
117
128
133
138
138
131
138
111
145
133
138
128
119
132
136
147
127
126
122
121
133
176
191
130
130
135
146
144
124
119
156
124
137
122
133
119
128
139
132
132
130
123
113
131
130
132
131
118
140
157
150
133
136
124
115
150
125
107
141
103
119
128
114
116
133
151
129
157
134
137
114
107
107
125
131
102
109
140
108
138
138
130
116
142
124
137
122
113
128
123
107
111
121
141
130
144
151
133
121
139
127
115
130
110
141
123
130
136
126
130
142
138
125
150
143
141
128
128
125
123
114
150
129
135
133
154
143
142
121
121
145
123
125
121
129
125
126
135
132
150
140
120
127
123
123
142
119
126
122
132
118
124
129
134
135
119
122
126
122
114
127
111
155
132
125
128
139
110
146
136
138
131
145
145
112
140
148
120
128
103
124
123
123
136
134
136
125
133
102
107
109
142
119
150
122
115
126
135
139
147
167
129
132
150
128
119
132
124
127
112
140
132
160
117
120
133
112
137
116
117
142
126
116
115
127
131
119
142
101
108
138
116
105
107
123
108
106
141
146
122
152
111
140
136
128
134
115
142
125
122
119
124
124
114
136
138
143
127
113
113
112
122
129
128
121
115
157
143
134
141
123
128
118
137
131
107
141
112
148
121
111
117
116
134
113
124
115
132
142
134
133
138
117
108
127
106
132
142
124
150
132
121
138
127
113
138
120
121
121
133
127
122
115
121
148
128
118
113
123
117
130
109
119
124
134
115
105
114
125
140
120
111
148
120
146
127
127
129
141
137
124
141
135
125
112
110
134
128
121
112
140
146
114
121
140
134
124
119
146
134
125
113
135
141
121
160
136
148
137
126
135
140
124
126
151
144
149
126
134
154
130
119
127
115
131
112
114
117
121
110
122
120
140
126
122
133
122
132
130
133
125
112
114
133
148
118
122
131
129
128
110
112
150
131
154
138
143
136
130
131
135
136
139
121
119
116
135
108
116
121
113
132
144
126
129
101
140
135
140
111
114
112
123
104
108
138
145
147
148
149
136
155
125
132
141
136
130
141
112
121
124
130
128
100
123
111
119
118
137
122
121
131
118
120
122
123
125
124
110
121
129
142
106
106
126
133
121
140
127
129
156
154
135
156
132
137
128
118
122
119
131
143
123
120
121
125
146
123
156
111
116
139
149
132
125
131
123
113
129
127
162
114
150
118
116
117
110
123
117
128
121
142
114
108
119
117
128
120
153
127
110
142
113
124
129
115
133
130
121
135
122
141
147
131
124
121
146
134
140
122
122
122
122
140
108
142
159
138
149
133
134
123
154
129
121
139
124
135
126
131
122
147
104
103
134
141
138
114
116
126
113
117
122
167
104
142
109
131
117
134
155
120
152
141
145
133
124
125
111
119
118
118
130
118
126
149
102
122
128
134
108
125
135
149
120
125
122
133
125
104
124
112
123
149
114
138
126
126
130
131
120
135
121
135
132
128
138
115
131
135
121
127
131
131
130
128
121
123
138
114
147
125
111
102
123
120
126
119
130
115
128
120
115
127
176
129
145
136
145
129
140
141
136
118
141
130
126
102
129
149
137
129
125
136
156
129
120
126
112
122
126
128
132
112
148
124
140
126
158
151
131
113
135
126
148
103
103
117
104
107
131
142
140
133
137
150
135
151
132
124
121
146
128
122
128
151
110
113
134
137
170
125
160
148
147
153
138
120
147
119
120
125
131
134
129
126
114
126
118
131
124
115
138
141
138
124
137
128
121
119
114
113
114
122
105
115
153
127
129
113
117
120
110
128
155
164
150
115
137
114
126
122
124
145
134
114
124
109
117
118
118
115
130
126
113
136
143
133
116
132
142
142
112
131
116
113
122
124
133
109
149
130
110
134
121
135
116
126
131
113
118
129
140
135
142
104
123
122
114
116
136
128
131
156
135
140
138
118
110
105
131
139
129
147
134
128
128
133
129
123
128
136
115
115
114
134
152
135
138
146
122
112
129
138
107
140
133
118
105
120
130
137
124
125
124
122
131
133
122
132
132
127
118
113
115
119
147
133
128
144
141
122
151
131
142
140
142
122
118
117
130
121
137
112
103
126
133
117
128
133
132
117
114
118
116
137
136
129
129
119
130
122
115
122
151
132
131
118
118
119
142
123
113
122
126
123
123
118
160
144
110
140
134
154
116
131
121
136
133
109
131
133
130
113
148
127
121
142
120
106
122
122
133
111
110
124
130
