24
25
22
33
24
9
18
18
21
12
28
19
18
22
28
38
22
53
21
21
25
18
18
28
23
20
22
23
34
22
21
31
12
41
24
18
39
17
14
21
21
19
21
24
49
8
27
12
23
23
26
15
9
20
22
18
25
17
22
26
13
13
28
23
10
33
17
29
32
25
33
22
34
28
32
29
20
24
13
25
17
17
16
8
12
13
18
24
10
10
22
25
33
37
12
26
21
24
37
24
36
19
14
24
22
58
27
23
19
21
31
26
22
16
30
13
14
33
8
19
50
15
10
56
47
25
27
16
21
13
15
21
24
23
17
35
8
12
10
30
14
28
15
49
31
20
18
18
22
23
25
21
20
26
15
16
30
18
29
31
20
12
17
32
26
19
24
12
29
27
21
18
27
33
29
40
8
15
25
16
16
14
15
17
30
19
15
28
19
23
10
17
22
24
14
21
18
11
15
12
24
30
32
11
24
28
33
34
29
22
28
24
22
26
21
21
29
19
17
24
14
8
28
17
17
13
23
17
57
16
18
15
33
34
17
45
20
27
16
21
45
30
27
31
16
29
25
16
10
43
18
24
27
20
21
16
19
33
21
21
23
22
28
16
7
28
16
31
13
22
17
11
22
14
44
24
24
32
18
60
23
79
16
12
14
36
20
17
36
29
31
23
21
11
16
17
24
37
46
27
19
39
43
25
22
38
14
53
16
22
29
34
18
18
35
17
22
15
27
13
32
15
10
17
36
26
30
32
27
59
15
13
21
18
21
11
26
38
52
30
26
25
22
10
20
26
29
18
18
21
18
30
11
47
13
15
15
44
16
12
17
9
36
17
35
17
13
13
11
17
32
50
13
25
9
17
19
18
32
42
21
21
11
33
21
23
13
10
27
24
20
26
20
44
40
25
23
32
31
28
21
40
33
17
16
31
14
24
26
24
9
18
17
26
22
12
23
32
21
16
14
23
50
12
18
16
8
21
16
22
27
31
8
17
16
26
26
33
22
30
36
22
9
22
26
25
19
26
22
20
11
32
23
20
55
19
17
18
27
19
12
29
15
26
27
16
22
24
21
27
23
15
36
16
25
32
24
37
50
17
41
23
23
33
19
28
16
25
24
41
15
14
49
20
14
14
22
36
19
20
13
23
23
21
14
22
24
16
40
17
33
25
27
21
7
27
19
25
63
23
20
21
22
13
22
18
24
9
30
17
18
14
16
18
29
17
15
27
17
21
20
20
35
21
14
38
13
26
14
25
13
22
19
16
22
9
20
34
31
34
14
23
30
18
53
36
37
25
14
13
16
25
15
24
26
18
23
23
24
33
24
24
22
23
20
34
11
17
17
15
31
17
15
23
17
8
16
10
12
16
13
60
22
22
20
28
28
31
24
41
14
18
18
19
39
16
12
28
14
7
13
15
13
11
30
14
10
17
21
15
22
25
31
19
15
34
11
21
14
20
7
32
25
38
23
25
19
19
15
15
22
32
23
26
18
45
50
21
12
33
16
22
9
12
7
10
13
24
29
17
29
20
22
28
25
23
62
21
23
32
26
18
20
14
29
7
16
13
8
10
69
15
26
16
15
14
46
58
19
24
22
26
10
25
26
12
25
27
20
13
31
18
27
19
17
20
25
15
28
21
17
7
23
29
36
20
14
23
12
69
21
30
56
13
24
38
17
22
16
22
17
11
24
26
24
7
54
25
26
16
23
13
14
20
10
11
6
48
22
21
13
10
17
16
15
25
10
27
18
16
19
19
11
8
18
18
14
11
39
14
35
40
14
32
35
26
23
29
27
28
7
36
14
19
15
17
26
11
29
18
23
29
22
62
22
8
13
12
23
9
17
18
27
30
24
19
9
25
27
13
16
19
14
12
25
10
25
15
15
24
23
18
31
29
30
36
15
12
22
19
16
16
27
20
32
39
27
18
25
33
21
36
47
25
29
16
20
34
26
18
18
14
43
16
37
16
27
15
48
27
20
24
25
26
58
32
17
21
20
25
8
9
28
28
20
20
21
25
34
17
21
17
13
26
18
29
16
36
15
20
21
20
16
32
22
15
10
75
24
26
13
22
20
23
26
43
22
37
16
23
21
42
21
27
18
16
19
21
10
315
22
22
25
18
32
40
23
24
25
13
16
20
9
16
26
23
29
44
29
34
28
29
22
67
17
26
38
18
25
20
14
26
21
15
34
25
18
19
20
14
17
31
21
23
24
45
32
24
18
9
16
19
34
12
51
22
21
27
22
27
33
27
22
24
6
13
26
37
9
31
