151
155
163
130
154
100
138
118
149
135
103
101
160
126
126
137
120
146
127
148
138
130
145
135
110
122
126
160
150
115
117
156
137
168
116
146
148
167
116
133
120
151
118
116
145
147
136
203
142
156
163
132
169
149
97
141
109
143
124
116
163
130
111
105
111
118
132
147
155
195
129
144
136
137
135
159
147
140
161
154
101
123
109
109
125
114
115
144
120
146
149
156
156
152
160
150
187
115
124
131
112
154
128
144
116
148
171
157
162
149
130
176
136
104
118
112
167
147
158
170
167
167
115
162
111
184
131
137
104
184
173
182
213
164
159
140
161
207
172
191
218
138
119
128
155
127
164
149
162
122
125
128
133
167
152
131
152
137
116
108
157
129
140
148
115
154
113
113
125
112
120
147
125
114
178
180
131
194
106
205
153
172
192
110
115
173
133
127
137
145
125
133
151
158
144
176
124
148
152
155
101
143
133
107
129
123
158
167
151
127
135
115
137
107
110
144
136
162
134
160
131
133
180
219
134
124
170
131
111
147
125
128
131
152
132
167
183
113
152
114
141
117
124
158
120
102
108
132
113
138
112
111
98
115
117
113
124
134
157
145
123
174
98
160
105
128
119
146
123
144
173
163
160
154
165
156
132
149
140
134
162
131
131
145
157
135
154
119
145
168
144
132
126
121
124
160
128
128
135
139
141
136
110
112
99
119
112
170
113
103
120
172
129
146
167
166
111
122
147
117
124
468
239
124
170
159
144
149
143
128
123
140
137
124
158
108
144
139
136
107
105
141
109
114
141
109
127
134
136
113
104
124
140
147
120
150
136
137
123
147
162
151
137
138
161
141
139
115
100
117
135
138
100
145
143
101
126
160
127
118
133
162
126
141
119
139
126
144
147
140
122
112
145
195
152
160
178
210
154
130
113
140
155
152
152
148
165
151
121
137
150
116
116
140
153
127
117
157
124
143
142
176
191
120
101
119
132
130
115
173
143
144
99
123
128
134
145
172
150
143
132
156
178
123
149
124
166
167
102
120
125
122
121
161
163
137
154
116
113
118
132
132
115
116
136
117
109
122
117
160
184
171
153
140
122
142
179
127
140
140
170
152
165
140
121
107
98
132
99
119
111
168
138
132
166
139
128
140
136
162
154
109
179
160
155
115
98
124
137
101
152
144
147
138
166
157
151
175
142
140
147
142
134
162
162
147
122
132
113
135
137
145
113
111
139
150
137
134
120
123
120
131
105
136
120
188
140
138
130
97
117
144
156
137
157
138
148
181
114
144
122
143
166
131
135
119
143
133
132
206
164
154
150
144
151
179
159
134
151
137
118
157
166
127
126
140
153
110
146
161
157
155
156
154
129
120
141
140
163
125
164
169
135
167
169
129
113
141
173
155
105
135
145
135
122
117
169
128
126
110
129
123
175
170
105
210
159
161
144
166
103
123
100
131
159
159
115
152
139
129
167
130
147
102
134
129
104
155
125
126
123
112
98
133
109
118
146
123
130
145
131
159
138
125
143
138
177
157
135
108
118
105
149
109
120
145
120
103
142
116
105
113
114
172
148
108
131
147
106
110
128
131
133
176
126
129
149
181
139
151
177
177
172
177
161
160
121
175
130
127
137
139
139
201
135
122
101
159
155
187
148
144
101
178
146
179
158
222
161
175
189
162
153
142
134
166
143
177
121
121
124
109
112
117
167
157
165
153
153
158
148
118
139
162
193
140
118
146
144
118
131
145
158
168
178
170
198
167
116
112
104
166
171
115
141
176
124
128
122
142
117
144
188
116
139
157
148
155
116
110
128
143
111
122
112
118
117
115
117
209
166
146
140
164
168
107
147
136
226
162
104
128
99
99
100
109
105
121
99
126
139
102
143
146
144
105
111
123
114
151
124
140
130
133
162
157
144
117
148
114
131
177
152
182
117
108
154
172
154
178
163
176
113
140
167
125
101
113
128
122
109
142
117
155
155
174
144
156
146
138
140
126
98
115
160
150
154
166
163
154
153
159
128
135
145
129
102
117
141
152
153
202
168
118
109
214
190
112
156
137
110
98
105
113
125
120
104
112
120
137
159
119
100
146
119
124
127
140
149
154
136
104
148
145
166
177
179
186
158
129
137
119
116
112
100
107
126
115
127
152
111
155
139
139
147
114
142
104
143
153
134
158
129
135
127
138
127
180
138
176
146
160
127
141
136
133
172
144
157
150
121
150
165
98
132
129
151
125
170
165
151
146
127
144
162
133
117
140
126
128
140
148
101
137
124
117
106
110
185
161
