127
117
120
127
119
104
148
124
137
127
106
108
132
127
115
139
123
125
130
136
113
102
118
123
116
119
130
129
138
132
111
136
120
132
113
115
123
123
107
123
121
138
115
125
139
130
115
121
121
133
149
118
113
147
110
126
119
122
117
126
133
126
126
124
119
113
108
129
129
130
117
136
135
134
124
115
123
115
140
121
107
133
111
110
116
114
120
141
134
130
139
123
128
113
116
113
119
105
102
108
126
107
138
127
121
115
128
129
130
120
119
136
119
107
111
118
128
121
135
134
133
121
126
112
111
122
117
129
118
138
124
114
148
128
127
120
134
135
127
122
135
115
114
112
138
119
131
127
146
140
134
112
120
137
119
121
146
115
120
125
129
126
134
138
121
125
116
126
132
116
126
119
147
119
128
126
125
129
120
122
120
130
124
121
111
137
124
125
124
136
110
136
134
137
122
151
132
122
134
137
114
119
113
124
120
124
125
129
119
122
128
102
108
109
129
121
139
130
116
116
125
125
135
153
120
124
139
124
115
141
118
110
109
134
122
147
116
114
131
119
140
112
103
137
134
106
109
118
126
121
118
100
109
126
116
105
106
120
103
103
115
125
120
138
100
132
118
134
138
115
132
120
123
118
121
123
108
128
119
136
124
129
111
108
113
124
137
118
114
140
137
127
145
125
123
118
132
126
116
138
113
126
120
106
113
114
118
110
118
123
125
134
117
127
133
115
108
109
103
119
136
121
135
123
110
129
119
114
129
124
118
117
128
117
119
115
128
132
124
114
107
121
120
116
108
120
120
133
118
105
114
118
139
116
108
136
119
140
126
119
131
135
131
124
133
130
122
107
108
129
113
120
114
132
142
114
121
116
129
109
107
134
126
123
118
125
124
121
141
131
127
128
116
127
133
121
117
136
134
143
121
127
136
116
140
123
114
124
111
117
129
119
119
119
119
134
118
116
126
118
124
129
127
118
122
118
128
125
115
108
120
127
120
111
107
137
119
133
130
120
126
124
125
124
129
129
129
113
115
127
108
115
113
122
121
141
120
126
101
135
126
130
106
122
106
118
103
107
130
127
142
136
134
125
136
115
130
133
116
124
137
123
123
129
127
120
100
121
111
110
112
131
124
118
130
130
131
117
116
120
125
111
119
127
130
105
106
127
116
118
125
125
123
137
139
121
145
126
131
121
121
118
112
136
131
122
109
111
117
158
106
135
110
116
130
135
121
125
130
122
108
125
123
132
111
138
114
115
114
110
121
116
122
119
133
113
109
119
110
123
119
140
121
109
127
107
111
117
113
131
125
114
125
118
131
128
123
124
113
143
134
118
123
122
122
118
126
107
137
149
134
141
128
123
129
130
118
118
135
120
128
115
128
111
140
104
114
126
130
130
101
113
135
113
119
118
150
105
134
107
119
115
120
138
115
146
143
124
133
124
117
107
113
114
119
112
118
123
135
103
125
119
130
115
117
128
125
120
122
122
125
115
104
118
106
112
143
114
127
123
124
128
118
128
120
137
126
131
132
128
106
120
126
111
132
119
121
109
129
113
117
129
121
130
124
106
111
130
116
126
111
117
111
121
105
113
131
155
125
135
134
127
129
132
128
130
129
129
127
122
102
127
139
132
123
113
115
157
127
114
127
107
119
126
125
135
111
153
115
140
119
143
132
122
116
127
116
132
103
102
113
105
104
130
132
136
122
121
134
118
140
134
120
128
130
117
128
130
120
110
435
135
137
163
134
191
133
138
135
132
104
133
124
115
130
115
109
107
126
105
123
106
120
125
116
140
129
127
122
141
122
116
128
122
113
114
121
117
113
164
117
128
131
125
113
105
122
139
147
134
112
115
111
119
115
121
121
124
112
120
105
117
109
117
114
124
126
123
118
127
123
113
122
131
128
112
125
102
113
118
129
128
110
141
124
110
130
128
130
108
120
124
117
118
121
132
111
129
102
118
116
115
111
141
124
134
147
130
114
134
114
109
118
128
124
129
135
128
125
113
126
126
120
121
126
113
113
111
119
141
120
130
141
116
123
125
127
107
131
123
138
106
103
111
128
118
119
112
120
128
124
120
118
142
116
119
112
114
103
136
125
107
121
127
125
130
127
143
132
123
115
114
118
119
119
126
110
102
124
134
118
121
121
123
114
109
115
112
137
128
126
120
111
137
118
114
121
135
127
127
114
124
116
130
128
115
129
122
119
122
117
148
139
106
118
127
130
107
125
118
120
125
106
127
121
122
120
151
118
120
130
117
106
119
112
131
110
104
127
128
