115
116
137
110
120
116
121
102
113
113
115
118
112
111
111
116
110
110
103
104
119
141
114
114
115
115
108
118
112
106
134
114
104
114
102
116
112
112
111
118
118
119
112
121
106
100
113
106
109
112
112
112
110
110
106
109
103
112
117
108
137
104
114
116
147
143
145
130
111
116
109
111
123
107
116
113
139
110
104
116
112
134
115
103
108
106
105
105
108
107
106
123
127
132
110
136
107
121
108
112
128
114
106
118
119
134
110
111
146
114
105
122
118
117
117
112
108
113
105
113
106
102
107
114
134
106
111
133
115
115
107
113
112
118
104
105
99
100
132
115
120
142
142
137
113
111
105
105
106
114
136
111
118
114
111
113
113
142
116
118
105
126
132
108
113
115
116
110
113
119
114
120
119
106
116
136
108
111
111
107
131
105
103
135
114
111
107
111
113
107
102
106
115
120
103
110
113
104
149
100
106
101
120
102
106
109
108
111
110
106
113
114
115
105
100
108
112
109
106
114
111
110
112
109
107
109
109
111
114
113
116
106
126
118
114
122
114
115
120
137
127
118
117
143
107
110
108
101
114
111
112
115
120
117
115
112
139
142
114
111
137
117
138
104
107
117
107
132
137
103
105
131
143
107
113
115
110
143
108
115
120
110
111
107
142
122
113
129
114
107
112
115
113
112
106
113
140
116
115
114
118
119
119
146
118
123
112
121
115
136
130
111
118
127
103
100
117
114
139
111
102
112
99
108
139
137
111
106
106
111
112
127
106
133
106
108
107
109
101
107
113
115
112
105
109
121
117
113
117
110
102
110
113
107
130
141
104
115
109
107
121
112
112
111
139
105
120
107
115
109
115
107
111
115
102
112
103
108
137
105
111
111
102
115
102
102
128
106
116
122
109
112
109
116
104
114
113
115
105
113
109
104
104
109
110
110
115
109
109
117
107
118
108
146
113
134
126
117
146
122
110
106
103
106
107
115
140
107
106
112
112
109
106
106
111
113
111
115
110
115
108
116
112
136
111
103
114
111
112
111
105
111
111
107
101
115
104
111
140
108
103
105
105
117
138
109
107
117
107
112
104
133
111
113
118
118
113
111
108
107
119
119
115
127
107
115
105
114
108
120
101
103
114
132
105
108
108
107
112
105
111
111
117
110
107
139
105
110
110
106
118
111
138
115
110
109
142
111
115
134
105
117
117
101
112
111
110
107
103
131
107
104
116
109
115
115
112
108
113
147
109
138
116
136
141
139
106
112
107
110
105
105
111
115
116
106
114
121
112
103
108
138
113
104
110
116
111
114
112
111
107
113
103
127
111
137
116
114
110
116
103
113
113
109
109
122
100
109
108
135
112
133
116
113
114
113
136
109
117
108
110
140
117
107
110
113
118
116
136
125
143
138
117
117
110
106
103
107
106
109
102
112
106
157
109
111
110
114
114
107
114
110
112
138
113
122
117
117
107
118
115
142
114
123
115
113
115
121
108
113
109
107
141
109
115
114
107
133
106
115
140
115
106
137
109
109
105
113
119
113
109
110
117
116
111
131
118
122
106
103
111
106
106
101
107
105
109
106
126
107
114
111
115
107
135
118
117
114
110
109
111
105
108
111
108
106
109
136
115
115
113
114
110
145
106
112
103
102
114
117
118
106
102
119
111
112
115
109
114
121
115
111
121
115
120
105
112
105
105
108
107
136
115
107
115
109
116
103
118
106
122
106
111
110
108
106
104
104
111
114
101
104
109
111
109
106
110
119
114
109
121
138
103
104
127
122
119
108
120
110
103
121
111
106
106
111
114
113
112
116
104
110
114
119
105
102
104
103
103
114
111
117
117
103
113
104
115
105
119
108
119
111
116
114
109
113
103
101
112
118
111
108
105
110
112
118
109
104
106
126
114
142
111
117
142
116
108
103
104
108
107
133
111
115
122
113
107
111
120
119
105
112
112
146
111
105
128
113
113
112
115
145
122
109
121
112
116
110
109
145
112
111
113
109
109
109
102
104
104
117
106
103
111
107
109
109
145
106
144
103
118
109
107
115
135
109
107
102
106
112
110
110
109
114
107
114
103
113
113
117
102
119
107
114
111
117
103
112
108
117
109
109
110
109
108
116
107
116
135
115
113
107
122
107
111
115
138
111
115
100
107
118
113
119
106
109
132
117
120
142
110
114
108
114
110
106
113
109
113
113
109
124
110
119
108
119
115
131
105
112
131
108
106
132
117
121
112
115
109
136
114
108
119
105
111
112
108
112
137
117
109
119
114
107
108
106
118
122
134
114
