122
114
111
103
165
114
118
106
119
119
121
114
123
117
117
107
107
105
114
128
109
100
103
126
116
116
117
122
122
124
116
125
138
112
121
103
113
104
102
117
112
112
106
115
106
113
106
116
126
116
123
112
118
127
115
110
108
160
127
119
125
111
104
121
148
127
131
119
121
135
118
124
121
117
108
121
101
114
116
136
114
128
122
116
119
121
117
102
111
125
108
130
157
117
122
119
116
135
118
117
113
114
118
123
106
109
120
126
125
108
102
125
119
115
107
118
110
110
121
122
118
117
102
122
112
103
107
110
110
108
109
168
104
115
109
102
108
116
102
118
112
134
128
124
130
106
109
107
133
103
108
182
111
119
130
145
132
162
121
126
115
119
133
130
129
128
120
129
114
121
122
119
128
117
103
122
118
112
113
103
106
105
108
100
127
100
108
111
140
113
176
116
121
103
116
108
122
107
103
118
113
109
115
108
115
107
121
131
101
113
119
115
110
113
106
115
112
106
104
115
123
114
127
152
115
108
109
108
130
109
112
118
117
127
115
121
127
128
150
119
120
117
124
120
137
121
107
125
128
119
161
108
107
110
120
119
127
130
127
115
172
138
112
107
114
117
102
103
111
124
105
103
109
129
153
107
105
119
114
152
116
127
121
127
130
105
153
124
115
159
115
124
160
164
113
122
116
134
125
128
115
130
122
123
129
136
122
118
110
138
118
120
113
118
112
114
107
119
110
106
110
114
113
116
115
111
114
111
114
128
130
121
132
134
132
115
102
115
115
118
104
136
110
177
123
120
111
117
104
112
131
107
102
118
107
110
122
117
113
115
117
110
114
125
129
127
127
134
125
115
125
109
130
132
169
135
135
128
128
103
113
115
114
120
110
110
103
126
125
114
122
123
132
125
137
121
114
118
123
128
164
113
144
112
111
123
109
110
170
132
115
107
109
109
107
105
104
115
120
114
130
111
144
108
120
118
117
125
112
123
112
110
113
152
106
105
130
113
120
131
118
163
119
110
126
127
111
105
114
114
102
112
110
116
120
112
122
103
105
103
108
114
113
133
114
110
142
119
121
122
113
166
112
121
119
119
110
120
109
104
114
164
114
112
135
117
111
123
107
114
116
126
136
121
122
108
110
125
110
114
120
125
129
126
114
104
152
112
112
118
118
131
104
104
131
133
110
109
121
157
110
127
109
112
132
132
114
124
126
122
117
119
120
105
122
122
111
103
139
124
130
146
133
124
163
115
115
109
105
160
178
125
120
167
124
121
123
115
111
109
115
114
123
114
122
165
113
122
111
110
111
115
122
114
130
130
137
98
106
132
118
128
119
120
118
126
135
113
115
118
113
125
113
110
109
123
108
105
108
100
116
109
127
113
124
104
125
121
192
110
125
120
128
122
119
110
162
103
108
118
113
120
99
116
125
152
130
123
139
130
135
117
122
121
116
115
114
109
125
114
172
122
136
116
128
114
107
118
115
127
123
115
109
122
170
125
126
131
123
131
110
107
115
103
173
107
116
124
130
114
118
134
115
117
132
128
111
100
121
118
112
101
110
108
120
106
114
162
168
133
125
113
108
159
113
139
172
173
110
131
113
121
114
107
197
100
111
108
120
167
111
110
112
101
114
136
131
119
110
124
125
107
121
124
120
105
103
116
127
134
109
105
107
105
102
111
107
117
171
115
111
123
119
122
140
128
124
114
114
130
108
136
174
123
131
113
109
119
114
116
115
113
109
120
117
125
110
115
112
122
104
114
117
109
119
124
124
169
133
127
113
117
106
116
115
173
130
116
127
110
108
180
122
114
124
121
121
110
109
113
128
159
115
126
126
131
119
116
117
126
112
123
115
107
115
118
110
179
113
118
115
120
115
108
116
117
122
178
120
117
124
114
117
135
134
119
108
126
120
126
122
117
115
162
116
121
121
117
128
129
111
116
127
117
103
133
104
120
126
124
114
104
137
144
127
145
135
114
104
184
111
99
115
124
125
117
116
121
178
107
129
115
107
103
106
119
114
101
114
114
146
120
113
118
108
110
100
121
113
119
124
125
110
117
127
113
111
112
110
112
114
105
130
132
112
120
114
122
116
101
132
114
114
132
116
109
101
115
115
111
111
114
125
108
117
106
108
117
107
123
115
106
100
114
120
105
117
126
118
121
112
108
120
117
105
173
120
111
110
120
124
117
116
138
152
129
146
137
109
107
106
109
111
120
118
130
105
106
114
115
103
129
120
105
102
100
103
104
161
155
108
128
111
112
109
115
111
120
118
106
