134
139
131
134
149
102
163
118
146
136
102
101
156
127
122
132
120
140
121
127
139
130
144
135
110
123
121
180
147
119
121
161
143
197
116
146
148
148
110
133
113
150
119
116
137
141
137
156
130
152
157
132
135
140
97
129
102
132
124
115
121
126
110
104
109
115
128
132
156
157
129
138
137
134
129
141
143
134
156
151
101
117
108
109
125
109
116
142
131
138
149
150
157
146
156
151
155
106
103
123
106
122
120
139
115
137
164
146
163
142
129
151
147
114
120
102
160
149
165
161
162
184
118
152
100
159
102
131
105
195
127
161
134
156
152
135
148
157
182
148
175
145
124
155
175
104
182
145
149
123
154
126
117
156
123
121
141
129
111
124
150
129
145
143
114
154
112
112
126
111
121
140
124
114
149
160
129
160
105
168
141
165
153
109
114
146
125
127
131
139
126
146
141
150
131
171
119
130
146
129
101
116
121
107
129
123
146
157
164
145
132
117
133
109
111
150
134
182
114
141
126
128
148
159
132
118
152
121
109
130
125
127
126
141
131
161
169
113
148
113
136
116
118
158
120
102
109
123
118
128
111
98
98
114
116
111
123
132
133
137
122
165
98
147
104
128
120
127
123
128
167
156
153
150
164
125
124
146
140
125
144
131
126
134
146
136
135
112
145
154
131
132
126
121
118
149
128
128
128
135
136
122
100
112
99
118
112
149
110
102
117
158
125
127
145
171
113
127
134
121
129
156
241
117
124
140
140
148
124
123
122
135
123
124
143
103
124
131
137
107
105
141
109
113
134
109
121
130
126
113
103
121
141
141
113
150
129
138
124
145
141
146
128
133
148
141
134
126
100
117
135
121
100
139
136
101
136
146
126
117
124
156
120
141
119
135
125
131
157
139
113
114
132
151
140
144
157
154
155
126
113
140
154
149
162
149
135
145
116
132
130
117
111
129
196
131
119
132
127
139
147
195
169
126
101
119
122
130
107
166
139
160
100
121
128
136
129
161
140
138
129
148
158
123
137
123
150
134
102
121
121
115
116
146
159
128
149
116
113
118
131
132
115
109
115
117
110
133
117
153
164
165
152
132
136
136
118
146
130
135
161
125
125
133
112
107
99
132
99
120
111
153
131
132
168
132
127
141
136
150
154
103
167
153
155
115
98
124
141
101
147
144
166
142
152
154
146
178
117
137
144
132
131
150
158
142
122
133
113
144
133
145
113
111
139
150
136
134
120
123
121
131
106
129
120
172
117
138
131
97
116
139
145
138
147
132
140
148
107
138
123
143
145
126
130
117
135
128
128
143
160
133
143
136
142
156
155
134
145
130
123
157
138
124
124
145
149
122
142
142
141
153
141
136
125
121
132
132
169
125
150
170
150
173
149
126
115
144
181
141
106
135
144
129
118
117
166
128
126
109
124
124
163
158
106
181
141
153
134
160
103
119
101
121
168
126
115
151
140
129
130
127
141
101
130
126
103
113
110
110
123
113
98
116
109
118
146
124
130
139
130
140
138
121
125
124
152
134
135
114
118
105
139
110
120
124
115
103
130
118
104
113
115
164
138
107
125
135
106
103
128
135
129
162
118
122
138
151
126
142
163
156
157
167
165
180
119
175
134
129
134
150
139
180
136
122
101
165
145
157
142
138
101
175
142
131
156
184
147
150
148
192
143
133
126
155
143
174
121
121
124
109
112
116
164
158
165
153
153
158
143
119
135
152
177
133
110
147
131
110
151
134
147
154
161
157
184
147
115
112
104
163
172
113
133
161
124
128
122
130
118
142
179
125
133
160
123
127
118
110
131
141
113
105
103
135
116
116
114
198
158
143
135
121
150
97
135
131
158
155
104
128
100
98
101
110
101
111
100
126
136
101
139
141
121
104
111
118
112
145
124
141
123
133
148
146
141
125
138
138
125
177
142
158
118
108
136
138
149
141
128
170
113
140
154
125
125
114
121
122
108
118
117
143
147
163
126
145
143
127
127
119
99
120
157
139
134
137
151
153
154
149
128
165
145
130
103
116
144
163
148
163
155
103
107
183
155
105
138
128
110
98
105
113
120
121
104
112
120
125
159
119
100
131
113
113
127
135
122
142
129
103
147
144
155
139
174
165
156
130
132
120
116
112
101
107
117
114
122
134
110
150
132
139
133
114
129
104
144
138
129
169
120
131
127
134
117
150
140
156
144
152
120
141
137
128
165
138
141
150
120
145
152
98
132
129
152
125
139
150
133
134
119
133
123
121
113
139
120
125
159
151
101
129
126
134
106
111
168
170
