160
134
139
168
140
106
147
148
161
141
107
120
143
147
118
164
129
138
141
145
143
104
141
140
125
141
155
190
148
153
111
164
139
143
138
124
128
156
107
147
146
125
123
138
169
148
142
148
124
135
156
118
132
161
123
146
128
135
123
127
153
147
139
135
131
111
132
131
135
137
128
145
163
174
135
119
125
125
142
128
108
154
103
119
131
120
145
142
163
130
161
130
139
131
121
119
134
129
102
109
142
108
144
148
126
117
152
129
157
121
115
148
130
119
114
126
143
147
153
160
152
131
149
129
117
147
121
150
126
147
154
139
156
149
161
125
157
158
157
136
135
120
122
116
175
130
137
142
154
151
153
118
123
167
139
129
136
145
130
146
145
135
159
153
129
163
127
141
126
126
141
125
148
118
126
133
161
136
136
133
126
139
133
128
127
168
136
137
154
154
110
169
151
150
136
178
157
136
149
183
124
139
104
135
124
139
147
136
163
128
148
102
107
124
148
134
176
140
115
128
139
142
158
180
133
143
158
139
118
137
124
143
115
153
137
182
134
120
136
123
129
149
121
144
148
121
114
131
140
135
125
101
114
132
130
113
109
125
111
106
145
146
121
160
116
153
160
156
153
107
144
126
135
121
140
138
115
155
141
150
147
133
125
129
141
139
143
130
135
169
144
140
145
126
136
128
139
139
126
151
119
159
126
110
125
116
138
116
128
118
141
145
142
136
153
124
111
123
106
137
136
130
156
138
138
141
138
114
143
140
125
125
132
131
137
116
128
164
139
137
112
139
128
115
109
123
116
144
128
106
127
128
172
140
114
144
143
148
120
165
131
151
149
126
146
135
140
107
114
141
127
136
121
160
163
114
125
147
138
128
121
152
154
128
107
140
148
137
187
152
154
135
111
138
141
139
126
158
159
161
140
141
177
134
139
129
128
148
112
117
118
122
112
125
123
152
126
136
136
123
139
153
156
129
121
119
134
143
122
138
136
145
132
112
107
150
144
155
147
135
135
145
140
125
147
138
126
118
122
145
123
116
126
137
141
151
128
129
101
162
156
144
111
134
112
128
106
126
140
158
156
140
156
150
150
133
132
143
136
122
141
112
127
124
139
130
100
138
120
120
124
162
125
122
143
118
129
120
116
145
124
134
138
153
136
106
105
133
140
132
153
148
147
143
162
139
174
152
149
130
141
128
131
142
148
145
121
146
128
167
133
151
117
128
144
150
136
127
137
133
118
130
129
152
123
164
121
128
117
118
128
117
132
126
150
119
109
131
118
134
132
158
132
115
154
112
124
119
134
136
149
121
158
123
145
168
135
127
126
141
156
149
129
123
128
138
151
111
142
171
159
163
137
142
127
151
137
123
164
135
163
126
145
122
160
105
103
139
154
142
102
127
135
122
124
124
185
106
148
129
128
140
152
166
132
161
152
145
143
127
130
115
120
118
132
120
105
137
155
105
133
134
139
110
130
142
152
123
143
110
132
129
103
129
118
137
145
130
157
142
148
130
131
125
136
151
132
129
175
138
135
142
141
141
127
150
134
113
135
124
122
137
126
163
139
125
120
130
125
138
119
139
116
135
118
121
132
177
134
146
153
145
129
185
163
144
143
141
143
136
102
132
165
136
136
132
126
172
178
116
130
113
122
151
138
137
114
137
129
155
127
162
154
143
119
140
127
164
107
102
122
105
107
150
155
145
133
137
154
127
152
150
125
123
158
132
130
138
130
117
129
138
177
181
142
165
163
156
163
136
106
156
146
142
126
144
109
116
125
104
126
127
136
124
115
163
149
148
130
145
127
124
158
116
112
128
138
106
122
174
126
142
120
118
123
106
129
157
174
164
122
128
114
134
126
136
155
142
119
133
110
120
128
124
126
132
130
113
133
144
138
137
145
161
142
112
118
116
121
126
128
138
135
181
135
110
149
143
135
126
131
131
113
134
133
153
132
123
106
127
126
114
118
164
155
159
169
152
151
148
119
113
105
146
143
148
155
137
130
151
142
144
141
128
162
124
119
115
138
151
132
158
155
125
139
153
134
107
156
133
132
105
120
115
144
130
135
111
144
141
139
133
137
163
129
118
113
116
102
168
152
115
155
164
126
151
135
142
163
151
139
123
119
129
125
148
113
103
141
132
138
137
138
146
119
116
117
118
136
143
127
147
121
134
125
117
125
153
138
142
132
135
122
151
121
123
125
128
145
135
118
171
159
110
145
142
155
116
132
121
138
143
114
141
136
134
116
155
132
124
145
126
105
136
125
169
110
116
147
133
