126
121
159
122
136
124
134
108
122
117
121
131
127
116
121
125
117
126
116
105
120
118
114
127
124
123
119
118
119
118
121
116
110
114
102
129
119
109
117
125
130
127
120
127
113
107
126
111
125
113
115
112
121
118
110
111
110
119
129
148
148
105
138
116
115
134
131
150
142
128
112
127
139
112
128
119
117
115
107
120
153
122
107
104
107
157
108
107
124
110
117
142
163
123
127
121
113
141
144
158
130
128
109
128
129
153
130
115
124
158
112
120
160
134
120
118
116
115
108
124
123
144
107
127
118
111
116
149
128
127
111
124
119
125
108
117
101
136
144
127
136
133
117
158
126
108
107
107
115
111
127
114
123
124
119
123
155
124
134
116
146
142
108
116
116
120
119
115
117
124
153
126
133
109
129
110
103
117
118
111
115
109
110
145
156
122
110
112
121
113
109
109
122
133
110
119
117
108
129
101
106
101
120
114
107
114
118
119
114
119
120
118
114
117
109
112
113
111
101
158
123
110
122
121
116
106
109
113
131
121
170
110
133
135
119
123
123
120
139
150
142
124
132
123
110
116
109
103
123
117
119
161
127
127
120
118
130
172
128
119
133
121
115
104
110
124
117
113
113
120
120
110
121
109
121
130
114
133
109
126
132
122
121
114
124
142
120
106
121
108
149
121
122
114
111
121
161
125
136
119
114
128
125
133
129
181
122
137
119
119
121
111
128
100
104
115
126
115
113
111
118
157
101
146
120
120
115
108
109
145
116
105
108
116
120
111
129
114
107
129
120
117
116
108
113
162
128
125
135
119
145
113
144
161
109
122
113
120
123
111
131
119
116
117
122
115
118
115
121
113
138
120
116
134
108
124
106
116
120
105
117
142
105
121
102
104
105
109
125
129
116
117
110
125
105
156
123
167
107
123
116
107
105
105
107
115
119
113
115
128
101
130
106
165
153
116
108
135
161
141
106
105
103
111
114
125
116
111
107
117
114
147
107
115
112
149
121
123
115
119
114
127
119
122
111
146
117
116
123
117
105
121
117
111
103
121
113
115
127
108
109
159
107
125
124
119
118
162
111
122
112
110
131
129
127
138
116
138
114
114
132
190
139
173
111
127
107
132
113
125
102
113
159
157
105
109
108
111
155
103
121
112
116
115
114
119
109
108
129
110
139
119
159
126
149
112
134
116
116
113
106
129
126
102
121
117
125
109
105
145
110
106
128
110
137
120
118
114
119
136
113
110
130
119
115
127
113
115
120
113
108
115
115
124
122
111
120
132
118
119
119
125
157
110
118
128
158
112
115
116
114
132
103
151
154
122
126
120
119
118
140
125
117
106
124
164
99
122
115
125
112
110
124
117
118
116
118
117
117
110
115
121
127
109
186
124
179
138
123
148
163
115
135
131
129
112
110
106
112
115
103
120
105
131
115
147
123
119
122
110
133
153
118
125
120
129
119
124
121
141
121
123
108
130
122
113
122
120
111
117
115
116
121
116
129
122
111
120
115
124
151
125
119
121
112
126
155
120
140
116
155
118
128
122
116
117
127
116
109
112
116
107
109
107
111
108
109
158
139
149
120
118
121
116
122
125
124
127
120
116
115
111
102
113
118
108
111
119
130
131
125
122
113
132
118
127
110
102
107
114
129
107
112
133
120
113
118
115
122
128
128
150
137
130
126
149
122
106
113
138
145
122
131
112
117
113
123
115
130
112
135
108
149
119
111
113
108
117
120
108
105
143
113
112
110
109
120
131
118
121
130
119
103
111
107
123
122
113
131
116
109
131
118
113
112
115
122
129
120
127
107
148
118
122
118
152
108
102
108
116
111
171
128
135
114
111
124
105
137
123
164
114
116
123
118
113
107
104
120
125
110
109
109
116
121
128
114
107
108
151
128
126
117
112
131
137
119
104
110
117
122
155
127
132
155
119
124
119
133
131
106
126
119
139
114
107
109
123
139
125
148
132
146
121
135
119
133
109
142
135
127
116
114
120
116
112
114
108
108
124
108
107
118
121
109
116
131
124
113
110
118
114
111
122
114
118
116
111
114
118
115
116
119
164
111
119
102
124
154
127
102
124
115
119
122
114
104
122
110
122
114
119
109
113
122
119
110
126
121
130
126
111
158
116
112
116
139
120
126
107
111
123
113
126
113
112
112
134
126
116
113
120
113
114
124
126
121
112
131
122
113
128
112
124
114
129
123
107
111
118
119
112
106
148
122
135
134
127
112
109
119
116
123
113
118
119
117
122
121
122
110
113
121
107
114
112
125
140
130
123
