113
108
125
126
130
127
115
102
111
109
109
108
110
107
107
131
109
109
102
102
110
109
110
110
130
105
107
134
108
124
106
106
102
108
106
108
126
125
105
114
127
110
110
107
101
103
111
106
108
109
108
109
127
107
105
126
103
108
113
106
105
101
110
110
107
111
117
114
129
115
106
106
112
123
130
127
108
106
103
128
105
129
107
103
103
104
106
123
109
105
104
113
115
106
128
128
104
112
111
109
118
109
103
132
110
131
104
108
104
109
102
110
114
108
109
105
105
106
102
110
108
102
126
110
123
103
107
108
107
110
105
107
108
109
102
128
99
101
106
109
126
110
122
125
113
124
104
123
106
108
126
110
111
110
107
105
108
113
112
109
105
125
124
106
106
129
129
106
109
115
110
112
113
109
128
105
107
106
126
130
121
108
122
124
106
108
106
107
105
106
108
104
106
111
107
107
108
105
112
100
107
104
108
102
103
109
110
104
106
102
131
110
104
107
100
111
109
107
99
108
109
106
109
106
105
122
103
106
113
111
102
106
110
133
109
109
110
111
112
124
119
107
114
107
104
108
110
103
109
110
108
134
106
131
111
105
124
110
114
129
125
109
111
104
106
111
105
107
105
111
133
105
129
102
109
130
106
112
102
108
128
128
107
101
124
116
107
104
109
111
128
106
109
106
104
127
128
112
114
112
110
109
113
113
127
116
108
114
107
122
109
127
129
107
104
99
113
104
126
104
103
108
100
107
106
109
108
104
104
126
127
122
104
104
104
107
106
112
101
110
108
125
108
107
124
113
109
107
132
109
120
106
109
101
106
111
120
107
107
105
110
125
125
106
127
103
129
121
104
105
110
106
108
110
102
103
103
105
121
102
106
127
120
130
105
120
100
106
109
116
112
109
108
110
141
126
110
136
104
107
106
101
102
102
107
108
108
105
109
110
102
130
101
131
106
121
103
132
114
116
103
103
103
105
105
107
107
105
106
107
106
128
102
109
106
111
110
107
105
109
107
110
125
128
129
98
107
105
111
108
110
107
128
105
103
107
104
109
109
108
104
107
102
108
109
104
104
107
107
108
104
125
104
110
111
112
108
114
108
108
112
113
108
118
106
115
104
107
105
111
104
107
110
126
106
112
107
108
125
101
106
124
107
116
105
105
107
120
107
129
113
108
108
110
103
107
134
126
107
123
106
113
113
100
109
109
106
124
106
122
104
106
111
106
111
135
107
104
127
117
106
106
130
124
109
129
105
123
103
103
103
102
108
109
110
103
110
111
109
111
124
123
109
104
106
109
107
107
109
108
106
107
102
130
107
128
113
128
105
130
123
107
106
104
128
108
104
108
120
106
109
104
128
109
109
108
129
106
106
106
107
108
130
123
104
111
111
107
125
114
126
108
107
110
112
110
109
106
105
105
102
108
102
124
106
127
105
122
106
109
108
106
126
132
108
109
130
106
104
112
108
110
105
112
110
107
108
111
105
109
127
122
109
105
108
110
130
108
105
109
127
108
105
104
107
129
107
108
114
113
108
108
132
109
108
104
125
110
105
103
105
104
102
103
104
105
105
104
118
105
109
131
131
104
108
127
112
109
107
106
108
107
102
111
127
103
112
108
108
111
109
108
124
130
104
108
102
122
114
107
107
104
104
112
109
106
107
107
113
115
111
112
110
104
110
105
107
103
127
121
125
108
116
128
130
101
112
102
114
106
116
124
124
110
101
103
103
127
107
127
100
127
108
110
105
107
111
109
112
111
115
107
102
104
126
113
110
105
132
124
103
113
105
109
107
112
108
107
108
109
103
127
107
114
102
103
103
101
101
110
108
110
113
100
109
100
110
125
107
105
108
105
111
107
109
106
101
120
110
129
103
106
103
106
130
110
107
107
123
117
104
127
109
114
116
112
107
104
104
105
103
124
111
109
107
108
106
109
108
113
104
112
112
113
109
101
102
108
108
107
127
133
118
106
112
112
112
105
104
135
114
107
105
106
105
106
125
105
105
111
125
101
111
106
106
103
128
125
128
102
109
102
102
129
118
106
105
105
104
108
109
107
108
134
106
130
101
109
110
113
101
113
106
131
105
131
101
108
106
110
106
109
106
107
105
112
126
109
105
126
130
126
112
107
110
131
107
125
112
101
118
110
105
132
104
124
104
128
112
109
104
114
105
105
109
109
107
111
117
107
107
115
110
113
106
111
111
126
107
109
107
104
103
126
125
113
109
110
104
108
109
124
112
106
107
106
104
109
109
110
106
133
110
105
106
106
112
114
130
127
