115
115
136
118
117
118
107
117
118
107
105
117
105
116
117
103
102
106
102
103
103
104
117
109
116
114
102
103
118
118
119
117
101
115
101
113
102
101
103
103
105
118
127
104
114
124
103
101
103
103
106
116
119
119
102
102
115
103
105
119
103
101
118
104
116
117
107
103
117
118
115
104
117
114
103
118
103
106
115
116
100
119
115
102
102
102
101
115
102
102
103
106
107
115
101
118
102
117
117
119
104
118
101
104
116
102
105
102
104
106
101
108
104
102
104
119
114
101
116
106
103
101
103
104
115
101
116
118
105
103
103
103
102
117
100
114
100
102
103
103
103
103
117
101
116
102
103
101
105
102
116
103
102
119
115
103
104
104
108
117
102
116
118
116
117
105
115
106
100
131
106
121
105
120
105
117
104
104
115
103
118
120
102
100
101
105
115
121
102
103
103
118
104
120
114
114
103
102
105
100
102
104
106
101
101
103
102
118
103
103
103
117
104
100
99
117
104
120
102
104
103
102
118
104
103
115
102
103
107
102
114
116
106
115
105
116
106
130
118
101
120
102
118
105
101
102
103
101
114
117
105
120
105
103
102
105
115
106
103
115
118
104
103
102
119
117
104
103
103
103
102
102
120
118
131
102
103
106
101
114
105
117
103
103
118
106
119
119
120
115
117
105
105
103
103
118
130
105
106
104
105
122
118
123
119
121
116
106
104
103
118
103
104
102
104
100
105
105
129
117
121
104
101
104
104
117
103
102
101
116
103
128
127
101
101
119
103
104
100
107
117
115
119
102
115
105
103
116
104
115
113
119
102
100
114
102
114
104
101
102
101
104
116
103
117
117
102
100
102
115
105
103
115
104
118
101
116
103
116
128
104
102
117
104
114
101
101
101
104
104
102
103
114
106
101
102
105
106
105
104
107
102
101
101
117
103
102
100
104
118
100
117
113
119
104
103
121
118
103
119
101
102
113
118
120
117
101
103
105
103
103
102
101
104
118
103
104
103
120
104
103
118
102
104
116
100
105
106
115
101
102
104
102
101
114
117
105
106
111
105
101
106
114
103
103
102
102
104
103
105
100
117
116
103
104
117
103
106
118
115
105
105
103
110
130
116
126
102
103
121
126
116
104
101
120
117
103
103
118
101
118
116
102
116
117
100
118
100
103
117
130
103
103
120
105
103
105
101
114
116
115
104
120
113
106
117
103
117
101
116
114
115
117
101
104
103
102
113
103
106
104
101
116
104
107
116
116
103
101
116
113
101
102
104
107
117
103
102
105
106
114
114
119
103
117
115
104
101
102
116
102
116
100
106
102
117
119
102
118
105
102
102
105
101
103
102
102
103
116
105
102
104
105
102
107
103
118
116
100
103
104
103
117
115
102
102
102
119
117
118
117
105
129
106
106
104
102
102
117
113
103
119
127
114
113
101
113
117
104
103
104
101
102
104
101
106
102
101
115
106
104
131
102
104
103
103
103
108
106
131
104
101
106
101
115
105
101
116
101
103
102
106
102
105
103
102
101
106
120
128
102
104
104
120
119
103
119
104
102
102
103
102
113
101
103
102
103
101
115
104
104
123
105
105
103
106
102
104
116
105
120
128
116
101
101
116
102
102
118
119
117
119
104
116
101
105
103
101
105
102
117
101
114
105
115
104
102
102
102
123
104
103
104
101
105
101
104
118
118
113
116
108
104
116
117
104
105
101
104
100
118
103
103
106
101
104
101
104
104
120
101
100
102
117
105
104
115
118
101
105
118
103
101
115
115
125
116
116
119
103
100
106
103
117
103
104
129
105
105
118
101
102
104
104
104
103
104
104
126
116
103
104
120
101
118
115
106
116
107
103
102
104
105
104
115
100
100
101
131
116
115
103
101
104
104
115
102
101
104
106
104
106
117
121
104
106
116
101
113
101
100
118
117
116
119
102
102
117
105
106
101
116
105
120
105
102
100
105
105
100
109
118
103
102
105
104
107
102
116
106
106
104
103
101
103
102
102
101
114
104
115
101
118
102
101
105
116
104
104
100
103
103
113
118
114
118
103
101
103
104
116
102
103
102
102
105
101
103
104
103
101
105
128
105
101
121
100
105
114
107
102
102
101
101
104
118
116
105
103
102
102
101
121
102
116
120
102
102
103
101
118
106
104
116
116
115
102
102
102
104
118
107
101
113
104
117
104
101
102
104
118
123
105
119
114
120
104
115
127
116
100
103
99
117
115
121
105
103
102
103
106
102
105
117
115
103
102
115
100
103
102
104
103
100
103
101
120
105
116
104
