120
120
119
115
124
147
130
109
122
114
122
118
116
118
112
121
157
110
145
104
116
118
112
123
119
117
118
115
113
109
144
115
106
113
102
121
113
110
113
119
148
124
115
124
112
107
121
110
151
112
113
112
116
113
140
112
105
125
124
110
109
104
133
115
115
124
157
135
143
114
113
120
129
111
116
118
147
110
104
124
112
117
114
102
108
158
113
107
110
108
113
127
124
112
111
113
109
131
109
117
138
123
109
156
122
122
118
113
115
119
112
125
126
130
116
114
110
116
112
121
110
105
106
123
144
107
115
113
153
122
108
120
117
122
109
105
100
102
113
120
157
120
145
115
116
105
106
134
121
110
114
112
123
116
116
116
142
122
126
119
109
107
109
113
145
114
117
123
110
123
147
123
125
109
122
109
111
118
117
108
142
112
103
109
145
112
114
112
120
110
107
116
119
124
108
109
110
106
151
100
105
101
122
111
108
147
108
113
112
112
119
116
112
112
100
111
108
111
102
117
119
111
118
139
112
104
102
112
122
112
116
110
127
128
113
120
118
113
130
115
137
148
116
120
108
112
109
103
121
115
116
144
124
117
116
128
126
118
120
140
146
119
120
104
107
121
116
141
144
112
153
139
119
108
115
126
111
124
108
117
131
142
117
108
119
133
115
107
120
107
116
125
120
109
109
116
121
123
127
119
113
122
132
126
121
133
112
125
117
117
110
110
121
100
104
105
122
110
115
111
107
113
100
112
149
118
122
108
107
107
142
135
105
143
111
109
122
111
101
126
117
117
115
107
109
123
117
115
122
115
105
108
121
139
138
119
114
118
120
109
125
148
115
115
145
118
118
108
116
111
117
109
113
118
134
111
107
112
119
105
121
106
110
117
108
104
135
109
115
125
118
147
110
118
105
118
117
153
107
116
115
107
104
104
114
111
116
109
113
123
101
118
105
155
158
113
118
122
118
122
104
106
104
112
108
119
115
110
107
114
114
112
106
108
113
144
120
145
114
120
114
121
114
117
112
103
118
115
115
115
105
121
115
138
109
122
124
115
156
109
107
147
105
121
118
111
109
125
109
114
111
108
119
125
120
131
114
116
107
110
122
131
154
135
110
122
104
120
110
119
102
112
123
142
105
109
108
108
143
104
113
111
113
117
111
112
105
106
120
109
126
112
155
123
138
140
124
114
110
111
105
119
122
132
120
111
118
108
105
107
118
104
123
109
132
119
116
111
121
128
110
108
121
115
111
114
109
115
117
111
109
107
146
120
119
108
116
153
115
112
119
119
120
114
116
118
109
108
114
114
108
123
103
158
112
147
122
115
141
119
104
108
116
105
119
123
108
117
135
111
112
107
118
117
113
149
118
109
116
108
111
117
122
107
144
120
122
157
115
128
121
108
129
121
111
123
125
105
106
114
102
117
105
137
112
112
104
116
151
108
128
111
120
136
113
122
123
123
117
125
129
116
123
122
118
109
145
130
110
114
113
136
111
113
124
119
110
111
144
124
115
119
113
114
112
148
114
114
125
110
115
113
125
154
115
114
124
117
107
104
116
106
107
104
110
109
109
112
134
107
128
117
117
110
148
122
117
116
110
112
120
105
101
112
151
115
110
120
122
128
124
115
109
123
112
116
105
102
114
112
122
107
102
155
118
113
116
111
127
126
147
122
127
121
135
107
119
105
111
115
149
111
123
144
117
105
117
111
125
113
133
107
116
117
108
112
106
151
115
109
103
117
109
112
111
108
115
131
114
119
130
148
103
111
105
122
125
112
128
142
138
123
115
112
154
123
116
120
141
119
106
114
109
122
107
135
106
103
106
107
111
125
124
130
117
143
117
106
118
112
113
144
123
121
116
114
107
101
118
123
110
108
107
114
148
122
114
107
141
131
119
113
116
116
160
149
113
103
109
109
108
115
119
122
116
114
119
115
159
126
104
111
116
130
115
104
106
118
121
118
125
124
132
117
157
115
116
108
112
125
115
115
108
110
113
112
104
138
107
122
106
137
114
111
109
110
120
114
144
113
114
151
107
121
113
114
112
112
111
115
112
115
111
111
108
119
103
117
110
122
102
134
123
120
120
148
104
114
110
118
115
110
109
110
112
118
107
120
148
121
144
111
116
108
112
143
118
144
123
101
107
121
112
124
111
112
136
121
117
149
111
116
110
114
119
116
114
112
124
119
112
127
116
121
111
123
124
108
109
117
119
111
106
139
119
126
157
123
113
106
117
109
131
120
113
112
141
119
143
119
109
112
115
107
109
108
122
131
108
123
