753
112
111
116
111
103
110
111
117
109
105
110
111
113
139
114
108
110
104
105
110
103
104
108
110
107
106
108
110
110
104
107
110
118
105
106
106
109
103
108
108
108
105
108
115
111
105
109
113
115
108
107
112
109
107
112
105
106
106
132
129
116
109
111
111
110
113
114
120
114
109
112
110
145
121
105
107
102
107
107
104
112
103
101
102
107
107
111
108
109
114
107
109
104
107
105
106
106
103
104
110
105
111
105
109
110
108
109
107
108
103
111
106
102
106
105
103
108
109
119
111
110
115
102
110
106
106
115
103
111
111
110
116
112
106
104
111
110
109
104
107
107
108
108
111
107
109
110
116
114
112
106
106
110
106
105
105
106
109
113
111
107
113
110
108
107
102
106
106
103
109
104
112
109
108
107
112
106
111
111
107
108
106
106
106
108
104
111
106
110
105
118
109
112
111
111
111
110
107
112
107
104
106
106
106
102
107
112
112
104
107
110
104
107
111
110
111
113
110
105
109
109
107
112
107
106
112
109
105
106
105
108
105
109
107
112
108
109
107
107
106
114
104
110
110
106
109
106
111
108
107
103
102
112
108
103
103
107
102
108
109
107
106
114
101
108
112
103
107
102
109
108
106
111
107
111
101
111
109
108
107
104
106
108
107
106
115
106
105
115
114
106
111
105
105
109
111
107
104
112
107
124
108
107
108
109
106
106
109
105
107
112
114
111
109
105
105
111
104
124
108
106
106
109
104
107
106
102
109
114
106
106
109
106
107
105
106
109
104
105
102
112
106
105
106
105
106
108
103
105
102
107
115
106
104
110
105
106
105
111
105
108
106
108
106
106
107
104
112
106
108
104
105
108
112
105
110
108
107
103
106
121
112
108
110
108
108
109
104
108
108
107
104
110
114
110
106
112
109
117
107
109
113
104
111
108
105
110
106
106
104
107
103
108
105
107
103
108
108
105
109
108
111
110
111
100
106
108
119
113
105
114
109
105
104
114
110
118
111
109
112
107
111
111
112
111
108
104
105
112
106
121
111
105
109
114
111
110
101
113
107
105
102
104
104
107
101
110
107
110
104
108
111
108
108
105
108
112
107
110
106
107
110
110
102
107
106
108
105
102
106
109
105
102
107
104
105
111
106
118
108
104
109
108
114
102
100
107
108
107
112
110
107
110
111
106
110
107
107
103
107
105
106
111
111
110
103
108
107
114
106
111
104
106
114
103
109
113
108
109
102
107
106
113
106
111
105
103
105
102
103
127
105
106
113
106
104
109
105
112
103
112
111
105
113
108
108
110
110
160
109
109
113
105
109
105
112
108
106
109
106
112
108
113
110
104
108
104
108
113
107
113
110
108
103
108
108
105
113
107
111
106
106
103
117
106
103
116
110
110
101
105
107
106
106
108
114
103
109
106
105
106
107
112
109
112
114
103
106
106
104
101
104
106
109
108
109
108
105
101
111
105
108
113
107
108
111
105
111
109
107
113
105
106
107
109
103
110
109
104
112
104
109
107
109
107
106
104
104
109
107
108
111
105
116
109
109
109
104
105
110
106
109
110
108
104
103
106
105
107
106
108
105
110
109
108
112
115
111
112
108
116
109
110
110
110
107
109
103
110
105
106
116
109
108
106
105
111
115
103
109
103
108
109
108
105
103
105
108
108
107
113
107
111
105
114
107
113
104
106
108
102
109
110
114
112
107
112
110
109
108
112
106
111
113
109
107
110
107
106
106
108
114
114
106
112
108
115
114
111
108
109
110
111
106
102
104
107
110
101
104
104
106
106
104
115
104
103
108
109
107
104
111
110
102
133
109
104
105
109
107
109
107
107
111
105
110
113
113
115
104
106
105
120
105
108
108
112
105
104
105
103
106
106
104
108
114
109
114
103
111
105
107
110
111
107
112
104
104
110
110
108
106
112
108
106
108
107
109
104
104
107
106
107
106
109
104
111
107
109
111
102
104
107
107
111
111
110
110
109
105
105
102
105
108
109
109
108
104
106
109
108
105
111
111
104
107
104
110
113
112
110
117
107
103
106
112
107
109
106
109
106
103
109
109
102
109
104
113
106
114
113
108
117
112
106
109
105
106
106
106
108
108
111
103
105
105
109
128
107
109
111
109
107
106
110
109
110
106
108
108
106
112
108
106
105
107
105
107
110
107
110
106
109
105
108
112
109
108
108
111
125
106
108
117
106
108
122
109
102
105
112
107
100
107
107
109
101
105
108
109
110
103
107
108
112
108
122
113
105
114
106
107
106
105
106
105
101
105
108
