126
123
113
103
119
114
121
105
115
119
125
114
127
124
117
110
107
173
114
109
107
188
103
129
116
117
115
119
133
125
124
109
127
116
140
111
115
111
102
112
137
113
107
121
113
120
116
118
129
125
125
113
126
128
115
110
108
110
135
127
125
113
104
125
153
134
136
119
132
135
124
126
126
121
117
121
101
118
121
146
176
134
126
119
120
126
171
102
111
129
108
133
113
120
125
125
120
144
119
117
123
115
122
128
105
112
123
137
130
108
103
128
123
122
108
118
111
110
126
124
124
117
102
128
114
102
108
110
114
110
110
124
108
114
112
102
109
127
103
198
117
141
130
125
139
113
110
107
133
103
111
149
114
128
142
148
138
122
127
126
111
114
114
129
130
128
123
153
115
125
123
127
114
171
103
125
135
115
113
106
106
105
109
100
127
101
108
117
142
113
117
117
135
102
115
108
122
110
103
120
114
109
115
111
116
106
125
142
101
118
119
116
111
113
105
119
115
106
103
115
131
108
132
107
115
108
111
112
136
109
116
121
125
126
115
121
126
132
111
119
121
117
123
121
141
122
110
129
143
121
121
108
107
110
126
122
128
139
126
117
102
141
112
111
115
107
102
105
111
131
115
104
114
137
108
113
115
119
120
109
177
132
128
135
131
106
115
125
123
122
118
133
112
128
113
129
116
186
179
109
116
134
120
128
153
154
137
122
108
125
119
129
115
134
112
115
109
119
110
116
119
122
113
136
116
120
114
114
118
188
130
121
136
133
135
116
106
115
116
123
105
142
114
135
125
126
110
119
103
112
135
109
102
124
107
110
116
118
113
116
117
111
114
132
154
132
136
140
133
116
135
113
133
136
133
141
140
147
133
107
129
115
115
182
118
115
103
183
111
115
122
185
137
128
139
122
118
123
127
132
118
114
147
111
111
127
111
111
128
134
118
111
105
110
108
105
104
118
121
118
136
131
151
108
143
133
125
126
113
124
121
116
114
113
106
107
118
105
124
129
117
107
118
110
124
113
111
104
114
120
106
113
110
111
121
163
123
103
106
104
102
116
117
140
118
109
147
133
130
129
113
124
123
173
124
123
110
121
108
104
106
123
115
112
149
117
111
123
107
114
117
131
135
122
126
107
108
133
113
129
120
130
133
130
119
104
109
112
121
119
168
140
104
105
195
133
115
114
123
166
111
119
110
112
139
136
114
128
129
128
123
120
120
112
123
124
110
102
129
127
132
151
143
125
173
119
119
109
104
122
143
148
122
128
138
127
126
137
113
114
200
114
124
119
125
113
116
114
111
109
179
114
125
123
127
129
145
98
106
117
118
132
115
119
119
125
138
113
119
122
113
133
117
112
124
127
107
105
112
108
127
157
127
116
129
108
125
121
120
112
131
125
133
122
124
114
112
102
107
119
114
171
99
118
128
112
139
131
145
175
139
117
121
126
114
160
114
108
125
114
133
141
138
126
132
113
107
122
118
135
188
116
110
125
125
131
125
134
122
133
109
107
126
103
113
106
121
129
132
118
125
206
129
129
138
134
202
101
134
119
120
109
116
108
123
107
115
124
129
135
127
113
109
111
118
128
193
127
112
129
106
125
113
107
111
105
110
107
136
115
111
110
112
102
114
193
136
122
110
125
112
109
119
124
121
109
99
121
138
137
114
105
111
104
106
118
107
123
182
160
112
133
119
122
140
127
112
116
118
190
108
142
182
139
135
113
109
113
121
182
119
113
109
121
117
126
120
161
113
122
104
114
110
121
121
129
127
181
139
127
118
118
106
116
116
105
132
116
148
112
124
139
129
115
182
137
128
103
109
114
132
170
118
130
134
139
125
117
118
132
112
132
170
111
121
121
129
130
119
121
118
170
115
109
116
117
102
129
118
120
125
118
125
139
121
123
116
131
124
130
122
187
117
127
117
121
124
123
135
190
112
116
126
117
102
139
104
120
133
128
120
104
141
141
127
150
144
110
104
141
112
148
120
124
125
118
123
171
132
107
133
119
108
103
110
121
114
101
113
116
150
120
115
117
108
110
159
123
118
170
154
142
129
120
123
114
120
112
107
122
142
106
134
132
115
126
114
125
117
102
138
114
113
120
118
109
101
120
118
112
111
114
125
115
117
105
108
117
107
125
182
105
100
114
127
109
118
133
126
137
112
109
120
118
104
106
120
112
109
128
134
116
119
140
148
123
126
141
108
121
106
119
105
128
116
118
109
107
114
121
106
129
124
109
102
100
121
108
170
108
111
185
111
112
113
115
115
120
122
110
