0,17,26,2,4,9,4,19933007,19962858,5,19970272,19972042,6,19920103,19981231,8,19920101,19980802
0,8,11,2,8,9,4,19920102,19981201,5,19975652,19980775,6,19962538,19976124,8,19920101,19980802
0,42,43,2,8,10,4,19927656,19953245,5,19920131,19981031,6,19954457,19961695,8,19920101,19980802
0,49,50,2,2,3,4,19965274,19970965,5,19936826,19980564,6,19971003,19980048,8,19920101,19980802
0,45,49,2,9,10,4,19920102,19981201,5,19951895,19963899,6,19930647,19958740,8,19942290,19975853
0,47,48,2,6,10,4,19920102,19981201,5,19978612,19980121,6,19956872,19974986,8,19920101,19980802
0,3,5,2,8,9,4,19920102,19981201,5,19960051,19973395,6,19938749,19952131,8,19920101,19980802
0,7,11,2,9,10,4,19923810,19955580,5,19933760,19956663,6,19956060,19967719,8,19920101,19980802
0,12,14,2,9,10,4,19920102,19981201,5,19967559,19974115,6,19971214,19977655,8,19920101,19980802
0,46,47,2,2,4,4,19946969,19970645,5,19951203,19952533,6,19942855,19956534,8,19950039,19972458
0,49,50,2,8,10,4,19969614,19978792,5,19978188,19981012,6,19933848,19976561,8,19920101,19980802
0,31,32,2,8,9,4,19920102,19981201,5,19920131,19981031,6,19970185,19976435,8,19922157,19961116
0,36,37,2,7,10,4,19921168,19966001,5,19953208,19969062,6,19965897,19978292,8,19920101,19980802
0,1,50,2,5,6,4,19920102,19981201,5,19921615,19970208,6,19956797,19980190,8,19965453,19970747
0,40,42,2,7,9,4,19964782,19970108,5,19966730,19973977,6,19920103,19981231,8,19920101,19980802
0,21,23,2,4,5,4,19920102,19981201,5,19979978,19980179,6,19958724,19972300,8,19920101,19980802
0,33,34,2,9,10,4,19952792,19960306,5,19920131,19981031,6,19920103,19981231,8,19955524,19960664
