0,18,30,2,0,10,4,19946087,19974343,5,19920131,19981031,6,19966846,19972197,8,19920101,19980802
0,39,41,2,0,10,4,19920102,19981201,5,19979340,19980869,6,19973729,19980171,8,19920101,19980802
0,47,49,2,1,7,4,19936808,19952409,5,19948025,19973682,6,19929380,19962053,8,19920101,19980802
0,28,36,2,6,9,4,19920102,19981201,5,19920131,19981031,6,19937695,19975687,8,19958247,19972864
0,1,50,2,0,10,4,19938750,19963802,5,19967295,19972720,6,19931830,19980167,8,19920101,19980802
0,13,19,2,1,5,4,19934721,19949181,5,19920131,19981031,6,19920103,19981231,8,19932437,19964629
0,27,35,2,0,10,4,19935288,19967348,5,19960624,19976137,6,19920103,19981231,8,19959613,19976633
0,24,48,2,4,7,4,19950184,19954865,5,19920131,19981031,6,19920103,19981231,8,19948931,19956811
0,29,33,2,3,4,4,19920102,19981201,5,19920131,19981031,6,19939763,19971131,8,19924364,19941179
0,48,50,2,0,9,4,19945698,19961416,5,19920131,19981031,6,19920103,19981231,8,19920101,19980802
0,22,35,2,7,8,4,19920102,19981201,5,19967258,19973407,6,19920103,19981231,8,19929759,19971134
0,1,50,2,7,8,4,19945400,19954132,5,19954329,19972704,6,19956023,19968870,8,19920101,19980802
0,49,50,2,0,10,4,19951495,19972905,5,19920131,19981031,6,19933471,19966360,8,19920101,19980802
0,20,36,2,2,4,4,19920102,19981201,5,19973239,19980891,6,19942941,19973448,8,19920101,19980802
0,1,11,2,5,10,4,19920102,19981201,5,19920131,19981031,6,19920103,19981231,8,19976335,19980271
0,26,39,2,0,10,4,19920102,19981201,5,19954542,19976874,6,19948539,19972975,8,19923589,19968783
0,39,50,2,7,9,4,19924355,19941925,5,19944600,19964305,6,19920103,19981231,8,19920101,19980802
0,15,33,2,0,10,4,19957804,19975384,5,19948795,19965489,6,19920103,19981231,8,19920101,19980802
0,1,50,2,9,10,4,19920102,19981201,5,19936014,19966220,6,19941153,19966451,8,19949590,19960282
0,8,23,2,4,8,4,19920102,19981201,5,19922094,19964980,6,19928225,19960243,8,19940536,19950179
0,16,26,2,0,10,4,19920680,19950664,5,19938353,19977379,6,19947651,19981008,8,19946867,19958597
0,14,22,2,0,1,4,19920102,19981201,5,19969552,19972582,6,19937333,19968408,8,19930382,19977202
0,18,33,2,1,7,4,19920102,19981201,5,19920131,19981031,6,19920103,19981231,8,19969985,19972355
0,43,44,2,2,6,4,19935801,19964734,5,19930251,19966622,6,19920103,19981231,8,19920773,19946627
0,1,50,2,0,10,4,19920102,19981201,5,19942534,19954126,6,19951191,19974431,8,19934815,19974618
0,10,44,2,0,10,4,19980136,19980493,5,19920131,19981031,6,19920103,19981231,8,19920101,19980802
0,39,40,2,0,10,4,19938644,19975092,5,19967660,19979215,6,19960424,19963585,8,19920101,19980802
0,34,44,2,2,3,4,19948690,19956169,5,19920131,19981031,6,19920103,19981231,8,19940284,19969999
0,38,45,2,4,7,4,19920102,19981201,5,19925667,19959930,6,19955941,19973501,8,19920101,19980802
0,30,45,2,2,9,4,19920102,19981201,5,19970794,19978750,6,19967650,19979372,8,19920101,19980802
0,29,46,2,0,10,4,19924329,19966315,5,19970233,19974055,6,19920103,19981231,8,19950391,19974150
0,37,42,2,1,6,4,19959966,19977959,5,19959355,19970500,6,19920103,19981231,8,19951206,19980668
0,1,50,2,0,10,4,19920102,19981201,5,19975343,19980731,6,19934843,19974049,8,19920101,19980802
0,31,32,2,0,10,4,19920102,19981201,5,19933365,19976506,6,19924533,19936440,8,19920101,19980802
0,47,49,2,0,10,4,19920102,19981201,5,19920131,19981031,6,19920103,19981231,8,19956817,19970059
0,48,50,2,7,8,4,19920102,19981201,5,19920131,19981031,6,19939533,19953969,8,19920101,19980802
0,32,46,2,3,4,4,19920102,19981201,5,19961149,19975794,6,19920103,19981231,8,19926842,19972673
0,1,50,2,5,9,4,19957151,19961306,5,19948288,19967026,6,19955412,19960464,8,19920101,19980802
0,19,39,2,9,10,4,19966061,19977821,5,19951608,19976788,6,19920103,19981231,8,19920101,19980802
0,44,45,2,3,6,4,19920102,19981201,5,19970679,19971183,6,19920103,19981231,8,19920101,19980802
0,20,32,2,3,7,4,19922655,19954489,5,19923897,19950483,6,19942979,19979620,8,19920101,19980802
0,25,42,2,3,4,4,19960413,19974957,5,19939658,19973859,6,19929420,19978023,8,19920101,19980802
0,1,50,2,7,9,4,19924187,19963981,5,19920131,19981031,6,19957551,19961824,8,19951033,19951140
0,29,39,2,0,10,4,19920102,19981201,5,19955731,19969236,6,19967686,19974613,8,19920101,19980802
0,37,43,2,5,8,4,19945201,19977637,5,19920131,19981031,6,19920103,19981231,8,19955243,19964734
0,47,50,2,1,5,4,19927938,19959205,5,19920131,19981031,6,19920103,19981231,8,19920101,19980802
0,1,50,2,7,10,4,19943808,19974283,5,19935279,19960920,6,19964251,19973428,8,19920101,19980802
0,4,26,2,4,6,4,19920102,19981201,5,19945042,19962119,6,19939785,19958939,8,19920101,19980802
0,32,41,2,7,10,4,19920102,19981201,5,19920131,19981031,6,19947416,19965255,8,19945116,19980030
0,40,43,2,6,7,4,19920102,19981201,5,19969762,19975441,6,19920103,19981231,8,19927665,19975286
0,38,47,2,4,5,4,19920102,19981201,5,19920131,19981031,6,19920103,19981231,8,19970455,19976601
0,38,42,2,0,10,4,19927017,19951637,5,19943340,19973095,6,19920103,19981231,8,19920101,19980802
0,36,37,2,3,7,4,19920102,19981201,5,19978718,19980479,6,19953784,19974702,8,19920101,19980802
0,7,8,2,9,10,4,19920102,19981201,5,19920131,19981031,6,19924088,19945152,8,19920101,19980802
0,1,50,2,2,8,4,19920102,19981201,5,19964855,19976330,6,19945944,19968398,8,19920101,19980802
0,5,12,2,1,3,4,19952944,19975444,5,19920131,19981031,6,19963734,19973478,8,19968892,19979606
0,1,50,2,0,10,4,19942188,19979428,5,19951998,19960264,6,19920103,19981231,8,19931117,19954021
0,1,50,2,0,10,4,19951393,19960409,5,19956866,19962070,6,19920103,19981231,8,19949623,19955392
0,7,50,2,8,9,4,19920102,19981201,5,19941127,19966547,6,19920103,19981231,8,19943883,19952250
0,19,40,2,2,5,4,19920102,19981201,5,19968461,19978308,6,19920103,19981231,8,19964134,19971413
0,24,39,2,3,6,4,19947685,19980052,5,19964496,19980276,6,19920103,19981231,8,19920101,19980802
0,43,48,2,4,7,4,19920102,19981201,5,19929408,19977198,6,19920103,19981231,8,19953179,19970730
0,12,22,2,0,10,4,19946864,19970082,5,19920131,19981031,6,19962511,19972180,8,19920101,19980802
0,9,28,2,6,7,4,19920102,19981201,5,19957915,19970428,6,19920103,19981231,8,19920101,19980802
0,20,24,2,8,10,4,19920102,19981201,5,19962586,19977797,6,19943679,19965126,8,19942790,19976090
0,1,50,2,8,10,4,19970577,19979359,5,19920954,19978457,6,19920103,19981231,8,19920101,19980802
0,40,42,2,0,10,4,19934035,19976534,5,19920131,19981031,6,19941501,19981175,8,19920101,19980802
0,24,40,2,0,10,4,19944472,19974613,5,19920589,19973032,6,19970518,19971937,8,19920101,19980802
0,8,17,2,8,9,4,19936334,19970861,5,19920131,19981031,6,19920103,19981231,8,19924814,19963066
0,21,33,2,9,10,4,19920102,19981201,5,19940090,19967217,6,19920103,19981231,8,19929945,19954840
0,16,28,2,9,10,4,19969029,19980075,5,19970232,19973110,6,19920103,19981231,8,19920101,19980802
0,1,50,2,1,2,4,19953879,19980160,5,19945654,19962246,6,19927434,19972596,8,19920101,19980802
0,29,33,2,0,10,4,19922306,19942877,5,19920131,19981031,6,19930205,19965461,8,19934052,19963684
0,39,46,2,0,10,4,19954142,19964687,5,19963267,19979732,6,19920103,19981231,8,19920101,19980802
0,37,48,2,1,3,4,19920102,19981201,5,19953356,19971724,6,19920103,19981231,8,19962105,19977119
0,35,40,2,6,9,4,19920102,19981201,5,19920131,19981031,6,19944134,19954779,8,19940306,19940823
0,13,14,2,3,9,4,19920102,19981201,5,19954719,19967245,6,19949432,19981192,8,19920101,19980802
0,26,40,2,5,9,4,19920102,19981201,5,19980218,19980932,6,19963672,19975281,8,19920101,19980802
0,4,11,2,4,6,4,19920102,19981201,5,19958724,19973983,6,19920103,19981231,8,19931678,19956302
0,15,24,2,7,9,4,19920102,19981201,5,19920131,19981031,6,19920103,19981231,8,19966388,19970235
0,1,50,2,5,8,4,19934691,19957748,5,19925662,19975414,6,19940291,19948629,8,19930443,19939836
0,45,49,2,0,10,4,19933603,19964597,5,19968895,19972492,6,19938180,19970719,8,19920101,19980802
0,48,50,2,7,8,4,19949930,19963308,5,19926970,19941108,6,19920103,19981231,8,19920101,19980802
0,3,28,2,6,7,4,19959729,19980485,5,19920131,19981031,6,19920103,19981231,8,19951758,19961581
0,45,47,2,0,10,4,19970585,19975488,5,19920131,19981031,6,19965564,19972397,8,19920101,19980802
0,44,50,2,7,9,4,19951483,19974157,5,19920131,19981031,6,19920103,19981231,8,19964010,19978555
0,1,50,2,8,10,4,19920102,19981201,5,19920131,19981031,6,19952845,19978247,8,19967922,19970998
0,1,50,2,8,10,4,19920102,19981201,5,19949808,19969369,6,19932323,19960156,8,19955812,19965613
0,46,50,2,8,10,4,19920102,19981201,5,19922620,19946356,6,19920103,19981231,8,19920101,19980802
0,3,21,2,0,10,4,19920102,19981201,5,19948726,19974053,6,19927634,19949704,8,19925084,19964384
0,1,50,2,3,6,4,19930968,19963918,5,19961983,19978426,6,19965764,19977842,8,19936119,19961801
0,48,50,2,7,10,4,19920102,19981201,5,19933842,19977283,6,19920103,19981231,8,19945680,19967359
0,8,14,2,0,3,4,19926657,19958195,5,19925388,19945874,6,19920103,19981231,8,19920101,19980802
0,34,35,2,1,2,4,19920102,19981201,5,19958424,19965509,6,19959549,19969758,8,19937028,19963881
0,24,39,2,0,1,4,19920102,19981201,5,19956775,19961314,6,19967125,19976729,8,19920101,19980802
0,23,39,2,0,10,4,19920102,19981201,5,19943315,19973691,6,19967244,19972029,8,19958613,19966411
0,35,37,2,7,9,4,19967932,19974180,5,19969987,19980004,6,19920103,19981231,8,19920101,19980802
0,43,44,2,3,8,4,19963994,19980910,5,19920131,19981031,6,19920103,19981231,8,19920101,19980802
0,5,24,2,4,6,4,19920102,19981201,5,19952666,19972754,6,19956112,19975774,8,19965757,19973800
0,23,41,2,0,10,4,19959441,19968089,5,19941391,19969518,6,19959542,19971794,8,19940780,19959959
0,12,28,2,6,9,4,19920102,19981201,5,19920131,19981031,6,19920103,19981231,8,19938691,19945237
0,45,48,2,7,8,4,19920102,19981201,5,19926895,19962156,6,19946993,19971068,8,19920101,19980802
0,32,50,2,0,10,4,19939483,19963243,5,19968418,19978684,6,19920103,19981231,8,19920101,19980802
0,1,50,2,0,3,4,19961535,19975003,5,19960346,19967411,6,19920103,19981231,8,19920101,19980802
0,42,46,2,5,10,4,19939954,19960041,5,19955864,19974400,6,19920103,19981231,8,19920101,19980802
0,32,38,2,0,5,4,19920102,19981201,5,19920131,19981031,6,19938181,19944204,8,19927519,19963736
0,17,26,2,7,9,4,19953048,19965427,5,19920131,19981031,6,19956074,19969775,8,19934560,19976297
0,33,38,2,6,8,4,19920102,19981201,5,19950226,19974411,6,19964992,19970120,8,19920101,19980802
0,17,47,2,0,10,4,19952475,19975158,5,19980185,19980546,6,19920427,19972266,8,19920101,19980802
0,1,50,2,9,10,4,19925516,19965710,5,19953091,19971045,6,19920103,19981231,8,19950737,19956213
0,46,49,2,0,10,4,19938652,19964802,5,19920775,19946285,6,19920103,19981231,8,19920101,19980802
0,7,13,2,7,10,4,19967567,19976808,5,19920131,19981031,6,19951784,19974975,8,19938403,19978184
0,1,50,2,0,10,4,19944869,19956386,5,19951145,19960333,6,19936442,19968025,8,19921251,19976897
0,1,50,2,0,1,4,19940760,19973634,5,19920131,19981031,6,19941208,19960158,8,19928512,19980164
0,11,22,2,8,9,4,19920102,19981201,5,19920131,19981031,6,19929270,19941430,8,19920101,19980802
0,33,35,2,1,3,4,19920102,19981201,5,19920131,19981031,6,19920103,19981231,8,19923570,19939155
0,9,44,2,6,9,4,19920102,19981201,5,19950894,19958150,6,19947980,19973550,8,19920101,19980802
0,5,17,2,3,4,4,19965597,19980442,5,19947594,19975390,6,19920103,19981231,8,19920101,19980802
0,27,31,2,4,8,4,19920102,19981201,5,19952971,19970310,6,19943960,19956242,8,19920101,19980802
0,33,34,2,0,10,4,19936359,19958314,5,19949359,19969592,6,19920103,19981231,8,19946807,19953047
0,30,47,2,0,10,4,19935015,19959662,5,19920131,19981031,6,19955005,19979963,8,19920101,19980802
0,1,34,2,9,10,4,19934274,19957225,5,19920131,19981031,6,19955550,19976724,8,19920101,19980802
0,41,42,2,4,10,4,19920102,19981201,5,19927165,19967309,6,19920103,19981231,8,19938108,19949085
0,1,50,2,9,10,4,19946294,19976251,5,19961890,19974970,6,19962104,19980295,8,19920101,19980802
0,9,42,2,1,2,4,19920102,19981201,5,19949051,19957549,6,19920103,19981231,8,19920101,19980802
0,18,24,2,8,10,4,19920102,19981201,5,19926757,19974801,6,19920103,19981231,8,19959912,19965195
0,8,9,2,0,5,4,19920102,19981201,5,19950131,19965613,6,19958178,19963989,8,19920101,19980802
0,15,47,2,2,6,4,19920102,19981201,5,19927731,19971633,6,19959273,19964382,8,19946364,19959539
0,36,42,2,4,8,4,19959074,19967636,5,19920131,19981031,6,19958703,19963192,8,19947300,19978762
0,41,49,2,9,10,4,19920102,19981201,5,19959054,19977738,6,19941307,19952940,8,19920101,19980802
0,17,38,2,0,9,4,19953598,19969161,5,19920131,19981031,6,19920103,19981231,8,19943565,19957312
0,3,47,2,8,9,4,19924148,19977072,5,19920131,19981031,6,19920103,19981231,8,19939195,19947214
0,5,19,2,8,9,4,19920102,19981201,5,19978805,19980655,6,19932260,19973675,8,19971179,19977918
0,47,50,2,5,6,4,19920102,19981201,5,19962824,19977490,6,19958245,19969050,8,19920101,19980802
0,15,42,2,0,10,4,19920102,19981201,5,19931833,19963695,6,19967323,19975698,8,19953854,19962216
0,46,47,2,1,8,4,19967767,19981051,5,19920131,19981031,6,19965423,19975501,8,19920101,19980802
0,17,39,2,0,10,4,19952934,19967043,5,19963787,19979919,6,19920103,19981231,8,19920101,19980802
0,47,50,2,0,7,4,19920102,19981201,5,19945685,19964960,6,19920103,19981231,8,19956943,19967215
0,2,41,2,9,10,4,19940105,19960932,5,19920131,19981031,6,19935631,19947801,8,19920101,19980802
0,42,45,2,0,10,4,19920102,19981201,5,19920131,19981031,6,19920103,19981231,8,19943158,19969373
0,3,49,2,7,9,4,19966454,19978811,5,19937694,19978467,6,19920103,19981231,8,19967729,19978292
0,40,46,2,6,7,4,19920102,19981201,5,19926727,19962878,6,19920103,19981231,8,19920101,19980802
0,25,47,2,1,5,4,19959436,19975458,5,19920131,19981031,6,19948565,19962695,8,19920101,19980802
0,5,21,2,3,4,4,19920102,19981201,5,19926327,19971899,6,19948993,19968741,8,19920101,19980802
0,44,45,2,1,4,4,19920102,19981201,5,19953182,19964473,6,19930157,19980043,8,19920101,19980802
0,1,50,2,0,10,4,19941246,19979754,5,19920131,19981031,6,19972768,19980634,8,19947083,19978823
0,19,22,2,3,9,4,19920102,19981201,5,19920131,19981031,6,19961909,19980134,8,19961130,19976344
0,42,43,2,0,10,4,19974823,19980892,5,19920131,19981031,6,19920103,19981231,8,19957209,19978172
0,15,40,2,6,9,4,19933129,19970139,5,19929218,19950144,6,19931778,19964618,8,19920101,19980802
0,39,47,2,7,8,4,19920102,19981201,5,19954434,19980192,6,19964273,19975508,8,19961616,19980159
0,15,36,2,9,10,4,19976429,19980485,5,19920131,19981031,6,19920103,19981231,8,19965938,19979573
0,1,50,2,9,10,4,19946060,19956322,5,19920131,19981031,6,19946309,19950193,8,19940439,19957980
0,31,35,2,0,10,4,19920102,19981201,5,19920131,19981031,6,19931936,19968821,8,19960555,19969001
0,35,45,2,9,10,4,19961054,19964074,5,19932129,19972177,6,19950636,19968726,8,19920101,19980802
0,36,49,2,5,9,4,19920102,19981201,5,19963262,19974717,6,19968571,19979513,8,19946270,19972289
0,33,49,2,5,10,4,19949701,19961399,5,19925880,19947190,6,19923885,19952713,8,19920101,19980802
0,1,50,2,0,10,4,19920102,19981201,5,19956492,19977808,6,19961511,19977116,8,19925649,19965753
0,45,48,2,4,6,4,19922816,19950510,5,19920131,19981031,6,19940693,19965942,8,19949450,19976620
0,1,50,2,2,6,4,19922425,19934727,5,19920131,19981031,6,19933154,19972186,8,19925661,19973952
0,4,8,2,2,7,4,19920102,19981201,5,19944813,19956181,6,19920103,19981231,8,19923329,19945043
0,36,39,2,0,10,4,19920102,19981201,5,19945368,19957597,6,19935092,19955381,8,19920101,19980802
0,28,32,2,0,6,4,19936454,19950963,5,19948507,19957075,6,19924980,19976674,8,19920101,19980802
0,5,19,2,0,10,4,19920102,19981201,5,19952020,19960776,6,19954313,19975020,8,19920101,19980802
0,48,50,2,0,1,4,19945885,19964228,5,19920131,19981031,6,19920103,19981231,8,19948975,19957960
0,17,19,2,6,10,4,19920102,19981201,5,19920131,19981031,6,19938779,19944785,8,19920101,19980802
0,24,37,2,2,3,4,19957229,19975652,5,19920131,19981031,6,19920103,19981231,8,19920101,19980802
0,28,48,2,1,2,4,19966516,19970705,5,19968052,19972185,6,19967643,19975363,8,19936141,19974172
0,15,19,2,3,4,4,19920102,19981201,5,19920131,19981031,6,19928040,19933904,8,19920101,19980802
0,45,48,2,8,10,4,19938667,19962433,5,19954332,19965324,6,19920103,19981231,8,19940085,19977257
0,1,50,2,9,10,4,19940904,19979601,5,19920131,19981031,6,19977303,19980828,8,19956146,19975494
0,25,43,2,3,10,4,19920102,19981201,5,19920131,19981031,6,19945363,19969757,8,19952256,19972066
0,30,39,2,6,7,4,19920102,19981201,5,19920131,19981031,6,19941697,19955257,8,19938784,19980365
0,44,47,2,5,7,4,19957497,19968927,5,19920131,19981031,6,19950496,19973300,8,19920101,19980802
0,44,47,2,2,6,4,19920102,19981201,5,19947404,19966390,6,19953065,19961591,8,19920101,19980802
0,1,50,2,7,8,4,19947695,19964172,5,19958599,19977110,6,19968638,19971700,8,19929593,19978741
0,7,40,2,5,8,4,19979929,19980209,5,19966607,19978050,6,19920103,19981231,8,19920101,19980802
0,12,19,2,3,9,4,19923657,19976531,5,19945621,19967691,6,19935028,19969459,8,19920101,19980802
0,5,35,2,1,2,4,19948075,19954558,5,19932118,19973720,6,19920103,19981231,8,19920101,19980802
0,9,15,2,2,3,4,19920102,19981201,5,19948407,19966501,6,19968943,19974109,8,19920101,19980802
0,1,50,2,4,10,4,19935098,19956910,5,19954750,19979369,6,19920103,19981231,8,19920101,19980802
0,26,37,2,7,9,4,19969776,19972163,5,19920131,19981031,6,19966605,19978554,8,19920101,19980802
0,1,50,2,5,8,4,19920102,19981201,5,19967939,19970730,6,19920103,19981231,8,19962163,19978918
0,3,42,2,0,8,4,19920102,19981201,5,19932536,19966879,6,19966857,19978551,8,19920101,19980802
0,21,32,2,1,6,4,19951710,19961126,5,19920131,19981031,6,19920103,19981231,8,19932429,19970399
0,45,50,2,4,10,4,19920102,19981201,5,19953385,19978621,6,19967612,19981130,8,19943096,19980800
0,49,50,2,0,10,4,19920102,19981201,5,19928856,19968985,6,19940243,19979124,8,19922912,19962057
0,45,46,2,9,10,4,19940535,19972761,5,19922020,19957968,6,19920103,19981231,8,19936523,19975141
0,47,48,2,8,9,4,19920102,19981201,5,19924201,19945014,6,19920103,19981231,8,19929045,19978793
0,12,15,2,6,7,4,19952707,19980023,5,19920131,19981031,6,19969787,19972325,8,19920101,19980802
0,15,20,2,0,10,4,19953581,19963951,5,19960759,19972079,6,19926855,19964216,8,19920101,19980802
0,39,45,2,3,9,4,19939476,19964631,5,19920131,19981031,6,19920103,19981231,8,19933990,19959806
0,40,43,2,1,8,4,19920102,19981201,5,19920131,19981031,6,19921480,19968712,8,19931820,19947648
0,1,50,2,6,8,4,19946508,19975214,5,19920131,19981031,6,19936948,19958090,8,19943037,19954896
0,1,50,2,3,7,4,19940011,19960312,5,19920793,19931822,6,19920103,19981231,8,19920101,19980802
0,37,39,2,0,10,4,19920102,19981201,5,19934665,19963774,6,19920103,19981231,8,19956931,19963970
0,7,19,2,4,5,4,19971202,19972255,5,19920131,19981031,6,19931370,19974641,8,19964920,19977719
0,17,30,2,3,10,4,19920102,19981201,5,19920131,19981031,6,19920103,19981231,8,19964872,19973444
0,29,36,2,4,5,4,19945200,19956551,5,19920131,19981031,6,19937952,19971267,8,19920101,19980802
0,16,23,2,0,10,4,19961702,19976895,5,19946037,19971234,6,19920103,19981231,8,19920101,19980802
0,22,45,2,6,8,4,19920945,19947481,5,19931936,19976234,6,19920103,19981231,8,19921592,19951578
0,37,45,2,2,10,4,19923553,19975773,5,19943134,19975372,6,19933709,19941301,8,19920101,19980802
0,44,46,2,3,10,4,19925263,19977298,5,19920131,19981031,6,19923962,19955497,8,19920101,19980802
0,1,50,2,0,10,4,19939221,19969667,5,19959086,19963863,6,19969709,19978874,8,19920101,19980802
0,42,43,2,9,10,4,19920102,19981201,5,19920131,19981031,6,19920103,19981231,8,19928402,19943247
0,13,22,2,0,10,4,19920102,19981201,5,19956858,19976102,6,19948051,19975800,8,19954401,19961324
0,2,23,2,7,10,4,19930627,19979723,5,19966776,19980735,6,19920103,19981231,8,19920101,19980802
0,35,50,2,7,9,4,19920102,19981201,5,19948380,19958071,6,19941976,19977320,8,19946519,19956389
0,25,29,2,6,10,4,19941689,19958228,5,19920131,19981031,6,19944327,19963847,8,19920101,19980802
0,49,50,2,8,10,4,19920102,19981201,5,19920131,19981031,6,19949572,19958234,8,19930888,19957563
0,35,47,2,1,8,4,19920102,19981201,5,19963895,19971222,6,19920103,19981231,8,19920101,19980802
0,1,50,2,8,10,4,19920102,19981201,5,19951151,19970883,6,19950575,19969646,8,19931090,19953131
0,24,41,2,0,7,4,19946365,19966851,5,19925204,19963628,6,19920103,19981231,8,19923159,19950708
0,1,50,2,2,3,4,19953572,19972123,5,19920131,19981031,6,19920103,19981231,8,19949682,19960153
0,6,15,2,4,6,4,19920102,19981201,5,19954440,19974781,6,19920103,19981231,8,19920101,19980802
0,5,30,2,7,10,4,19920102,19981201,5,19920131,19981031,6,19955905,19969192,8,19920101,19980802
0,44,48,2,7,8,4,19950916,19971209,5,19961479,19977447,6,19920103,19981231,8,19940123,19972458
0,14,45,2,0,10,4,19925144,19970701,5,19920131,19981031,6,19967622,19971493,8,19969900,19980035
0,9,27,2,7,8,4,19920102,19981201,5,19920131,19981031,6,19924325,19962201,8,19949355,19952648
0,34,35,2,7,8,4,19920102,19981201,5,19920131,19981031,6,19926548,19939580,8,19930943,19954834
0,29,38,2,7,8,4,19920102,19981201,5,19928641,19954492,6,19920103,19981231,8,19944352,19955125
0,40,41,2,7,10,4,19926223,19968440,5,19956843,19977988,6,19958435,19979502,8,19920101,19980802
0,1,50,2,3,4,4,19925276,19968936,5,19926572,19956258,6,19940194,19953303,8,19930380,19936981
0,33,39,2,0,10,4,19958649,19963107,5,19960336,19974435,6,19938732,19973246,8,19920101,19980802
0,44,47,2,6,7,4,19922350,19969374,5,19961988,19974794,6,19920103,19981231,8,19920101,19980802
0,31,45,2,6,7,4,19946754,19973895,5,19920131,19981031,6,19920103,19981231,8,19954904,19972061
0,45,49,2,0,10,4,19920102,19981201,5,19968040,19975692,6,19926897,19979470,8,19920101,19980802
0,11,38,2,8,10,4,19920102,19981201,5,19927086,19975831,6,19920103,19981231,8,19968951,19972438
0,31,41,2,1,2,4,19920102,19981201,5,19920131,19981031,6,19952975,19972982,8,19920101,19980802
0,18,22,2,8,10,4,19920102,19981201,5,19953445,19973844,6,19970768,19971273,8,19920101,19980802
0,10,36,2,5,7,4,19920102,19981201,5,19920131,19981031,6,19961428,19980508,8,19970058,19977216
0,8,35,2,8,9,4,19947955,19970766,5,19920131,19981031,6,19969938,19972055,8,19920101,19980802
0,39,45,2,2,3,4,19920102,19981201,5,19967437,19976068,6,19960912,19972255,8,19925802,19977688
0,38,42,2,7,8,4,19920102,19981201,5,19979325,19980559,6,19920103,19981231,8,19926473,19979404
0,18,41,2,7,10,4,19938445,19955816,5,19927555,19943641,6,19937576,19975080,8,19920101,19980802
0,22,35,2,6,10,4,19920102,19981201,5,19967185,19980881,6,19926703,19973521,8,19920101,19980802
0,11,46,2,0,10,4,19942449,19971952,5,19920131,19981031,6,19970382,19976110,8,19923670,19968427
0,1,50,2,9,10,4,19920102,19981201,5,19969173,19974177,6,19937007,19963191,8,19920101,19980802
0,1,50,2,4,5,4,19920102,19981201,5,19920131,19981031,6,19933824,19968716,8,19960196,19961944
0,31,43,2,1,8,4,19920102,19981201,5,19933450,19970284,6,19920103,19981231,8,19961847,19972386
0,38,41,2,2,3,4,19967387,19978919,5,19937952,19973527,6,19920103,19981231,8,19920101,19980802
0,46,47,2,1,2,4,19958306,19966822,5,19953829,19975670,6,19920103,19981231,8,19934827,19959734
0,1,50,2,0,10,4,19920102,19981201,5,19936874,19942996,6,19944942,19957343,8,19941185,19961143
0,20,27,2,9,10,4,19965495,19974393,5,19948389,19977631,6,19920103,19981231,8,19920101,19980802
0,32,38,2,7,10,4,19920102,19981201,5,19959554,19977767,6,19920103,19981231,8,19969685,19979326
0,1,50,2,6,8,4,19920102,19981201,5,19956972,19969657,6,19943187,19976186,8,19937686,19954457
0,49,50,2,6,9,4,19920519,19970929,5,19958750,19973276,6,19933781,19955987,8,19920101,19980802
0,1,50,2,6,7,4,19934784,19980065,5,19975733,19980156,6,19960010,19977419,8,19920101,19980802
0,15,50,2,3,5,4,19920102,19981201,5,19942202,19960866,6,19920103,19981231,8,19956396,19960645
0,2,18,2,2,5,4,19920102,19981201,5,19920131,19981031,6,19956454,19968166,8,19938838,19959454
0,11,50,2,4,10,4,19920102,19981201,5,19920131,19981031,6,19950617,19979661,8,19961342,19970385
0,21,25,2,5,7,4,19923724,19975852,5,19920131,19981031,6,19951492,19968936,8,19920101,19980802
0,42,48,2,7,9,4,19920102,19981201,5,19920131,19981031,6,19920103,19981231,8,19958011,19975947
0,8,26,2,9,10,4,19920962,19943975,5,19920131,19981031,6,19930490,19953139,8,19925919,19971605
0,35,44,2,0,10,4,19949018,19959590,5,19920131,19981031,6,19924525,19951050,8,19944239,19950771
0,1,50,2,8,9,4,19920102,19981201,5,19959651,19981017,6,19920103,19981231,8,19925831,19970094
0,49,50,2,0,10,4,19920102,19981201,5,19920131,19981031,6,19963480,19972340,8,19952533,19964045
0,6,23,2,0,10,4,19920102,19981201,5,19926349,19958826,6,19953960,19974531,8,19940456,19970998
0,28,38,2,6,9,4,19960870,19976429,5,19920131,19981031,6,19920103,19981231,8,19941656,19965292
0,46,48,2,8,9,4,19920102,19981201,5,19926085,19947037,6,19920103,19981231,8,19920101,19980802
0,15,49,2,4,7,4,19961159,19971302,5,19959868,19972337,6,19920103,19981231,8,19961758,19976519
0,33,47,2,0,2,4,19920102,19981201,5,19950260,19980936,6,19965244,19974926,8,19920101,19980802
0,42,49,2,4,7,4,19949197,19951774,5,19920131,19981031,6,19925052,19967089,8,19920101,19980802
0,1,15,2,0,7,4,19943986,19950298,5,19939296,19959905,6,19920103,19981231,8,19926937,19965874
0,11,42,2,8,10,4,19950465,19962748,5,19920131,19981031,6,19963097,19976379,8,19920101,19980802
0,36,45,2,2,9,4,19920102,19981201,5,19942298,19965140,6,19920103,19981231,8,19926450,19954942
0,1,50,2,7,9,4,19929991,19973643,5,19963446,19975106,6,19972955,19980850,8,19920101,19980802
0,1,50,2,4,7,4,19920102,19981201,5,19960851,19969146,6,19920103,19981231,8,19920101,19980802
0,36,47,2,0,10,4,19968641,19975137,5,19949413,19961951,6,19920103,19981231,8,19920101,19980802
0,31,41,2,3,5,4,19920102,19981201,5,19960237,19963505,6,19920103,19981231,8,19925526,19962922
0,1,50,2,0,10,4,19920102,19981201,5,19960741,19968517,6,19969211,19980113,8,19957829,19970635
0,1,50,2,8,9,4,19937088,19965367,5,19925642,19945616,6,19920103,19981231,8,19922859,19965031
0,28,44,2,0,10,4,19920102,19981201,5,19950893,19955244,6,19920103,19981231,8,19920101,19980802
0,42,45,2,7,10,4,19949252,19969331,5,19920131,19981031,6,19946779,19967875,8,19920101,19980802
0,21,45,2,0,10,4,19920102,19981201,5,19941640,19961029,6,19962175,19979482,8,19952022,19975166
0,44,49,2,4,7,4,19969500,19980478,5,19920131,19981031,6,19966460,19975975,8,19930552,19973190
0,43,49,2,7,8,4,19929454,19930416,5,19925721,19976880,6,19920103,19981231,8,19920101,19980802
0,1,50,2,6,7,4,19920102,19981201,5,19920131,19981031,6,19975987,19980764,8,19960744,19972151
0,48,49,2,0,10,4,19920102,19981201,5,19938323,19947245,6,19923237,19954286,8,19920101,19980802
0,7,30,2,7,10,4,19920102,19981201,5,19967859,19975461,6,19970284,19973279,8,19920101,19980802
0,1,50,2,1,3,4,19920102,19981201,5,19949658,19974479,6,19950412,19962356,8,19951656,19967921
0,14,18,2,9,10,4,19920102,19981201,5,19920131,19981031,6,19957814,19974924,8,19948038,19968100
0,1,50,2,4,8,4,19940878,19948512,5,19920131,19981031,6,19929158,19972584,8,19930443,19970000
0,8,38,2,0,4,4,19920102,19981201,5,19922423,19933987,6,19936988,19975294,8,19929722,19940887
0,49,50,2,1,2,4,19949068,19964551,5,19954444,19977627,6,19920103,19981231,8,19920101,19980802
0,1,50,2,7,8,4,19920783,19956047,5,19920131,19981031,6,19939362,19947422,8,19925742,19958768
0,1,50,2,0,2,4,19920102,19981201,5,19944210,19977873,6,19966740,19977193,8,19949469,19967856
0,11,15,2,3,7,4,19920102,19981201,5,19941192,19954797,6,19950163,19951119,8,19920101,19980802
0,48,50,2,3,6,4,19924371,19959785,5,19946422,19950309,6,19920103,19981231,8,19920101,19980802
0,38,39,2,9,10,4,19943521,19980483,5,19945420,19958813,6,19946625,19973851,8,19920101,19980802
0,2,30,2,0,10,4,19979079,19980488,5,19920131,19981031,6,19920103,19981231,8,19947668,19972072
0,49,50,2,9,10,4,19920102,19981201,5,19920131,19981031,6,19924864,19972133,8,19955621,19967672
0,1,50,2,5,6,4,19920102,19981201,5,19935279,19950794,6,19920103,19981231,8,19943526,19974335
0,33,50,2,2,6,4,19920102,19981201,5,19920131,19981031,6,19920103,19981231,8,19974144,19980512
0,11,24,2,2,5,4,19955633,19974323,5,19957597,19961659,6,19920103,19981231,8,19931883,19961529
0,4,39,2,8,10,4,19937588,19954461,5,19956365,19963879,6,19943031,19980678,8,19920101,19980802
0,1,50,2,0,10,4,19920102,19981201,5,19920131,19981031,6,19938278,19952403,8,19950874,19951105
0,31,43,2,3,5,4,19920102,19981201,5,19966305,19977023,6,19934997,19975832,8,19920101,19980802
0,5,12,2,0,10,4,19940799,19968575,5,19920131,19981031,6,19928813,19950113,8,19942088,19967479
0,46,49,2,4,5,4,19954268,19980102,5,19920131,19981031,6,19920103,19981231,8,19920101,19980802
0,1,50,2,9,10,4,19956554,19964006,5,19920131,19981031,6,19922098,19980775,8,19932171,19976691
0,40,45,2,5,7,4,19920102,19981201,5,19957788,19976480,6,19920103,19981231,8,19964503,19970833
0,12,26,2,0,3,4,19920102,19981201,5,19964434,19979903,6,19920103,19981231,8,19949979,19975189
0,8,18,2,4,5,4,19920102,19981201,5,19957523,19980222,6,19958832,19968591,8,19920101,19980802
0,1,50,2,9,10,4,19928221,19955078,5,19959152,19967408,6,19941663,19960051,8,19920101,19980802
0,8,47,2,3,6,4,19958123,19980145,5,19920131,19981031,6,19946015,19960924,8,19934902,19977863
0,49,50,2,6,8,4,19940620,19975866,5,19920131,19981031,6,19920103,19981231,8,19920101,19980802
0,35,44,2,7,9,4,19920102,19981201,5,19942485,19965507,6,19948245,19956859,8,19923539,19974619
0,8,30,2,0,10,4,19961057,19971727,5,19920131,19981031,6,19937362,19970663,8,19947956,19963346
0,17,33,2,0,7,4,19965691,19977228,5,19920131,19981031,6,19920103,19981231,8,19924651,19969636
0,27,49,2,2,7,4,19920102,19981201,5,19970183,19978964,6,19953862,19978245,8,19920101,19980802
0,3,15,2,0,10,4,19920102,19981201,5,19920131,19981031,6,19924890,19935158,8,19926901,19959509
0,1,50,2,0,10,4,19949587,19962977,5,19930460,19948791,6,19927051,19958067,8,19935058,19972601
0,22,40,2,1,2,4,19920102,19981201,5,19924658,19972154,6,19920103,19981231,8,19941131,19979349
0,36,42,2,5,10,4,19939976,19977873,5,19920131,19981031,6,19956983,19973099,8,19920101,19980802
0,1,50,2,6,7,4,19934371,19975228,5,19920131,19981031,6,19944318,19956372,8,19920101,19980802
0,36,37,2,5,6,4,19922998,19931156,5,19920131,19981031,6,19926576,19941232,8,19920101,19980802
0,32,41,2,4,7,4,19924029,19980648,5,19920131,19981031,6,19920103,19981231,8,19947759,19976375
0,10,21,2,2,7,4,19920102,19981201,5,19920131,19981031,6,19979332,19981118,8,19920101,19980802
0,49,50,2,0,10,4,19940703,19945689,5,19939237,19959450,6,19922386,19971157,8,19920101,19980802
0,26,39,2,3,7,4,19920102,19981201,5,19920131,19981031,6,19951933,19963890,8,19920101,19980802
0,18,24,2,5,9,4,19924469,19977518,5,19951218,19980441,6,19920103,19981231,8,19925506,19953847
0,29,47,2,7,10,4,19935563,19952142,5,19946791,19965166,6,19939190,19965929,8,19920101,19980802
0,5,15,2,2,10,4,19920102,19981201,5,19920131,19981031,6,19920103,19981231,8,19968084,19970651
0,12,33,2,0,9,4,19946903,19976161,5,19952860,19960367,6,19920103,19981231,8,19920101,19980802
0,28,47,2,1,4,4,19920102,19981201,5,19920131,19981031,6,19920103,19981231,8,19971156,19980691
0,24,37,2,7,8,4,19920102,19981201,5,19920131,19981031,6,19931319,19961797,8,19933280,19970356
0,27,33,2,2,6,4,19942183,19955455,5,19920131,19981031,6,19935446,19972205,8,19923434,19974871
0,45,47,2,5,8,4,19920102,19981201,5,19935116,19961415,6,19920103,19981231,8,19926837,19938844
0,49,50,2,6,7,4,19920102,19981201,5,19961494,19976349,6,19920103,19981231,8,19920101,19980802
0,41,49,2,0,9,4,19921863,19946753,5,19920131,19981031,6,19945577,19981004,8,19920101,19980802
0,47,48,2,8,10,4,19949042,19962998,5,19920131,19981031,6,19920103,19981231,8,19920101,19980802
0,41,42,2,5,8,4,19958436,19963701,5,19935034,19969664,6,19920121,19974006,8,19920101,19980802
0,49,50,2,9,10,4,19939138,19970785,5,19920131,19981031,6,19920103,19981231,8,19952013,19961775
0,41,46,2,0,10,4,19932221,19957071,5,19938092,19946525,6,19920103,19981231,8,19920101,19980802
0,40,43,2,6,9,4,19941560,19973759,5,19920131,19981031,6,19923132,19976319,8,19920101,19980802
0,23,34,2,7,9,4,19940759,19948758,5,19920131,19981031,6,19946773,19964984,8,19920101,19980802
0,30,37,2,4,5,4,19920102,19981201,5,19957974,19972619,6,19920103,19981231,8,19920101,19980802
0,12,33,2,5,10,4,19920102,19981201,5,19938174,19977806,6,19980172,19980443,8,19920101,19980802
0,1,50,2,6,10,4,19931226,19932298,5,19938203,19958413,6,19920103,19981231,8,19920101,19980802
0,32,41,2,5,8,4,19945204,19960991,5,19930692,19976353,6,19951063,19979587,8,19920101,19980802
0,9,46,2,9,10,4,19920102,19981201,5,19920131,19981031,6,19930174,19980770,8,19980360,19980730
0,1,50,2,1,2,4,19966740,19978146,5,19967516,19975583,6,19920103,19981231,8,19935744,19980534
0,42,47,2,6,8,4,19920102,19981201,5,19920131,19981031,6,19953887,19965171,8,19949500,19953445
0,25,34,2,0,1,4,19920102,19981201,5,19920131,19981031,6,19969441,19973063,8,19956831,19978471
0,44,45,2,0,10,4,19920102,19981201,5,19969133,19974200,6,19947248,19969170,8,19932034,19972078
0,14,24,2,9,10,4,19951143,19962098,5,19920131,19981031,6,19920103,19981231,8,19944698,19958027
0,37,43,2,6,9,4,19920102,19981201,5,19960315,19980230,6,19920103,19981231,8,19952101,19967064
0,49,50,2,0,10,4,19920102,19981201,5,19980929,19981026,6,19920103,19981231,8,19920101,19980802
0,1,50,2,8,9,4,19949350,19972243,5,19960779,19965006,6,19964274,19970357,8,19960939,19964490
0,35,43,2,0,10,4,19920102,19981201,5,19920131,19981031,6,19922880,19938868,8,19920101,19980802
0,48,49,2,7,9,4,19920102,19981201,5,19922430,19978723,6,19920103,19981231,8,19950651,19968490
0,27,48,2,8,9,4,19920102,19981201,5,19920131,19981031,6,19962941,19974809,8,19920101,19980802
0,24,47,2,7,9,4,19920102,19981201,5,19920131,19981031,6,19946903,19951234,8,19920101,19980802
0,4,40,2,4,7,4,19920102,19981201,5,19968750,19975739,6,19969497,19980357,8,19953159,19968369
0,10,28,2,9,10,4,19920102,19981201,5,19968292,19971269,6,19959106,19978316,8,19920101,19980802
0,27,38,2,0,5,4,19920102,19981201,5,19977984,19980617,6,19920103,19981231,8,19963788,19977282
0,18,32,2,1,6,4,19931038,19933962,5,19922478,19933412,6,19920103,19981231,8,19920342,19936343
0,28,31,2,0,10,4,19922945,19947478,5,19920131,19981031,6,19920103,19981231,8,19930318,19955988
0,26,39,2,3,4,4,19933305,19968994,5,19924840,19974569,6,19920103,19981231,8,19920101,19980802
0,17,24,2,0,10,4,19920102,19981201,5,19925263,19950161,6,19920932,19976073,8,19942737,19979237
0,38,39,2,1,8,4,19930551,19956552,5,19920131,19981031,6,19920103,19981231,8,19926788,19941167
0,16,17,2,3,6,4,19920102,19981201,5,19920131,19981031,6,19950989,19971928,8,19920101,19980802
0,47,50,2,4,6,4,19946703,19967735,5,19954294,19973451,6,19938466,19980632,8,19920101,19980802
0,21,30,2,8,10,4,19920102,19981201,5,19920131,19981031,6,19965478,19972261,8,19956155,19980095
0,1,50,2,4,5,4,19951491,19976040,5,19966785,19974834,6,19930593,19976734,8,19920101,19980802
0,35,45,2,0,10,4,19920102,19981201,5,19980235,19980935,6,19931554,19980978,8,19920101,19980802
0,25,42,2,3,10,4,19979725,19980581,5,19920131,19981031,6,19920103,19981231,8,19978491,19980375
0,44,45,2,0,5,4,19944951,19963638,5,19920131,19981031,6,19920103,19981231,8,19954167,19972916
0,13,31,2,8,9,4,19920102,19981201,5,19920131,19981031,6,19940407,19976927,8,19959932,19968826
0,11,19,2,1,3,4,19968595,19974453,5,19920131,19981031,6,19920103,19981231,8,19963498,19971451
0,43,49,2,0,10,4,19945590,19971862,5,19957532,19968795,6,19923203,19967600,8,19934123,19954412
0,1,50,2,3,7,4,19950456,19960155,5,19930655,19980201,6,19960282,19970570,8,19920101,19980802
0,2,45,2,8,9,4,19920102,19981201,5,19920131,19981031,6,19920103,19981231,8,19967620,19972048
0,49,50,2,7,10,4,19920102,19981201,5,19966064,19978814,6,19941652,19966629,8,19955807,19977485
0,15,16,2,5,9,4,19920102,19981201,5,19920131,19981031,6,19920103,19981231,8,19960305,19970665
0,40,44,2,0,5,4,19920102,19981201,5,19968892,19975204,6,19920103,19981231,8,19920101,19980802
0,48,49,2,1,8,4,19920102,19981201,5,19968483,19973087,6,19920103,19981231,8,19920748,19966182
0,1,50,2,3,6,4,19945495,19951956,5,19920131,19981031,6,19943738,19951269,8,19939349,19943163
0,48,50,2,1,5,4,19920102,19981201,5,19920131,19981031,6,19955434,19963066,8,19931257,19955309
0,44,49,2,0,10,4,19960983,19973999,5,19940949,19967941,6,19920103,19981231,8,19947564,19978052
0,14,26,2,5,9,4,19920102,19981201,5,19920131,19981031,6,19922115,19976874,8,19945330,19950372
0,48,49,2,0,10,4,19920102,19981201,5,19931545,19951896,6,19920103,19981231,8,19924788,19967023
0,39,40,2,0,10,4,19943894,19965790,5,19958995,19969736,6,19920103,19981231,8,19956699,19971398
0,47,48,2,1,5,4,19930234,19979751,5,19949374,19970783,6,19920103,19981231,8,19935303,19968185
0,41,44,2,4,6,4,19920102,19981201,5,19920131,19981031,6,19920103,19981231,8,19920101,19980802
0,23,27,2,6,8,4,19930983,19970335,5,19920131,19981031,6,19960150,19980595,8,19946736,19965558
0,47,50,2,8,9,4,19920102,19981201,5,19966553,19977293,6,19920103,19981231,8,19925132,19961269
0,1,50,2,1,4,4,19933116,19961514,5,19950718,19957011,6,19938400,19957695,8,19949627,19977075
0,3,6,2,0,2,4,19957558,19978061,5,19944229,19961622,6,19920103,19981231,8,19920101,19980802
0,41,46,2,0,3,4,19920102,19981201,5,19920131,19981031,6,19931858,19975797,8,19923334,19947370
0,19,38,2,0,10,4,19962595,19970342,5,19965877,19975273,6,19920103,19981231,8,19920101,19980802
0,5,17,2,0,10,4,19973989,19980340,5,19920131,19981031,6,19920103,19981231,8,19930282,19973362
0,32,34,2,2,8,4,19957420,19975497,5,19920131,19981031,6,19967912,19973714,8,19920101,19980802
0,29,44,2,0,2,4,19920102,19981201,5,19951424,19963957,6,19920103,19981231,8,19933873,19960298
0,48,49,2,0,10,4,19956128,19981009,5,19965036,19973599,6,19920103,19981231,8,19920101,19980802
0,40,49,2,0,10,4,19938933,19949089,5,19949990,19970261,6,19920103,19981231,8,19940509,19979982
0,13,36,2,5,8,4,19953871,19963051,5,19959911,19963565,6,19951840,19962085,8,19920101,19980802
0,17,45,2,0,2,4,19920102,19981201,5,19920131,19981031,6,19920103,19981231,8,19968673,19976576
0,30,42,2,2,8,4,19945025,19968376,5,19920131,19981031,6,19937332,19980179,8,19948562,19959300
0,4,21,2,4,6,4,19920102,19981201,5,19920131,19981031,6,19950603,19964701,8,19920101,19980802
0,5,33,2,9,10,4,19937543,19950154,5,19947589,19960632,6,19920103,19981231,8,19920101,19980802
0,20,41,2,6,7,4,19956241,19963478,5,19927861,19975850,6,19920103,19981231,8,19920101,19980802
0,1,50,2,3,8,4,19920102,19981201,5,19948736,19969668,6,19969517,19971905,8,19925886,19974779
0,38,50,2,7,10,4,19978613,19980993,5,19920131,19981031,6,19920103,19981231,8,19920101,19980802
0,1,50,2,7,9,4,19948696,19977501,5,19920131,19981031,6,19942628,19968132,8,19929641,19947728
0,38,40,2,8,10,4,19920102,19981201,5,19945600,19971158,6,19967651,19971645,8,19949127,19973343
0,12,13,2,0,10,4,19941911,19963816,5,19920131,19981031,6,19952744,19976688,8,19934732,19962090
0,38,45,2,2,6,4,19920102,19981201,5,19933239,19980061,6,19925364,19963376,8,19937573,19967648
0,36,37,2,0,10,4,19920102,19981201,5,19920131,19981031,6,19936075,19964789,8,19920101,19980802
0,41,45,2,0,10,4,19960724,19962094,5,19947686,19972787,6,19920103,19981231,8,19920101,19980802
0,42,45,2,1,8,4,19920102,19981201,5,19937083,19963157,6,19920103,19981231,8,19923822,19939304
0,39,42,2,2,8,4,19939603,19972995,5,19920131,19981031,6,19976669,19980528,8,19920101,19980802
0,2,34,2,2,5,4,19920102,19981201,5,19944227,19973491,6,19943566,19953785,8,19942700,19967355
0,47,49,2,0,10,4,19955449,19972333,5,19920131,19981031,6,19939350,19966904,8,19935614,19951125
0,5,21,2,0,10,4,19920102,19981201,5,19965653,19970331,6,19920103,19981231,8,19961009,19978453
0,5,6,2,1,10,4,19937116,19962383,5,19920131,19981031,6,19949021,19963551,8,19949678,19973422
0,29,44,2,4,9,4,19947700,19974044,5,19959366,19978033,6,19967011,19972167,8,19955935,19979925
0,40,47,2,9,10,4,19961270,19976113,5,19920131,19981031,6,19920103,19981231,8,19943060,19965400
0,17,19,2,5,7,4,19939811,19980060,5,19944263,19962628,6,19920103,19981231,8,19939752,19974280
0,35,39,2,7,9,4,19920102,19981201,5,19942616,19970342,6,19920103,19981231,8,19967972,19971508
0,39,50,2,6,10,4,19920102,19981201,5,19920131,19981031,6,19941299,19969407,8,19936790,19960674
0,44,45,2,7,10,4,19920102,19981201,5,19920131,19981031,6,19920103,19981231,8,19970638,19972265
0,42,47,2,5,7,4,19931124,19958230,5,19920131,19981031,6,19920103,19981231,8,19947112,19954303
0,32,41,2,0,2,4,19920102,19981201,5,19934600,19941610,6,19920103,19981231,8,19920101,19980802
0,39,42,2,0,10,4,19920102,19981201,5,19924867,19955440,6,19937705,19954113,8,19935089,19967853
0,35,37,2,1,5,4,19922929,19953256,5,19958218,19974492,6,19934975,19952277,8,19920101,19980802
0,13,23,2,9,10,4,19920102,19981201,5,19920131,19981031,6,19935379,19977102,8,19920101,19980802
0,16,22,2,2,7,4,19920102,19981201,5,19920131,19981031,6,19921846,19933756,8,19920101,19980802
0,41,48,2,4,8,4,19967486,19980223,5,19920131,19981031,6,19920103,19981231,8,19921046,19964591
0,35,44,2,6,9,4,19940763,19948135,5,19920131,19981031,6,19920103,19981231,8,19920101,19980802
0,39,42,2,5,8,4,19960395,19963553,5,19920131,19981031,6,19920103,19981231,8,19920101,19980802
0,37,39,2,0,7,4,19927173,19976492,5,19941678,19971659,6,19922830,19959766,8,19920101,19980802
0,36,46,2,8,9,4,19920102,19981201,5,19941760,19979668,6,19956188,19964131,8,19957217,19976716
0,33,34,2,6,10,4,19958415,19975920,5,19920131,19981031,6,19920103,19981231,8,19920101,19980802
0,1,50,2,0,10,4,19954329,19979585,5,19966844,19976626,6,19955282,19976271,8,19944044,19962343
0,42,49,2,0,10,4,19920102,19981201,5,19923560,19949496,6,19945458,19959741,8,19920101,19980802
0,1,50,2,8,9,4,19947137,19960083,5,19920131,19981031,6,19954620,19967305,8,19931854,19951353
0,23,25,2,8,9,4,19959751,19971104,5,19920131,19981031,6,19960996,19963859,8,19920101,19980802
0,38,39,2,6,7,4,19944775,19967642,5,19920131,19981031,6,19920103,19981231,8,19936301,19972174
0,2,21,2,0,10,4,19980127,19981114,5,19920131,19981031,6,19920103,19981231,8,19955325,19978443
0,44,45,2,3,9,4,19920102,19981201,5,19920131,19981031,6,19931787,19981058,8,19920101,19980802
0,32,34,2,2,10,4,19920102,19981201,5,19920131,19981031,6,19924640,19955556,8,19950221,19964959
0,5,26,2,8,9,4,19920102,19981201,5,19952134,19977546,6,19920103,19981231,8,19958724,19963811
0,46,48,2,2,9,4,19920102,19981201,5,19946047,19958280,6,19940313,19943346,8,19930187,19955971
0,32,43,2,0,10,4,19930789,19963638,5,19939736,19973452,6,19937589,19950844,8,19941914,19973650
0,48,49,2,0,10,4,19920657,19971485,5,19928324,19946296,6,19920103,19981231,8,19920101,19980802
0,39,43,2,4,6,4,19920102,19981201,5,19920131,19981031,6,19931824,19971584,8,19970689,19978661
0,39,49,2,4,6,4,19949495,19966891,5,19954444,19963961,6,19920103,19981231,8,19920101,19980802
0,16,19,2,7,8,4,19945943,19981060,5,19920131,19981031,6,19920103,19981231,8,19978139,19980188
0,30,35,2,6,9,4,19920102,19981201,5,19920131,19981031,6,19952365,19974155,8,19949887,19954137
0,42,48,2,5,8,4,19936068,19953056,5,19920131,19981031,6,19957062,19963214,8,19920101,19980802
0,29,49,2,0,10,4,19941211,19975961,5,19978589,19980363,6,19975423,19980731,8,19920101,19980802
0,1,50,2,1,2,4,19929751,19958486,5,19957679,19971915,6,19956587,19961840,8,19920101,19980802
0,35,50,2,6,8,4,19930881,19959615,5,19920131,19981031,6,19920103,19981231,8,19920101,19980802
0,13,35,2,3,4,4,19952655,19962896,5,19936698,19967690,6,19920103,19981231,8,19920101,19980802
0,1,50,2,3,6,4,19920102,19981201,5,19920131,19981031,6,19958834,19967595,8,19930471,19959836
0,45,46,2,6,7,4,19920102,19981201,5,19920131,19981031,6,19930028,19964308,8,19920101,19980802
0,28,49,2,5,8,4,19964527,19974840,5,19949488,19967539,6,19953396,19973971,8,19920101,19980802
0,32,44,2,0,10,4,19934137,19965274,5,19920131,19981031,6,19920421,19955061,8,19925819,19938089
0,33,38,2,0,10,4,19955501,19965800,5,19960074,19979327,6,19920103,19981231,8,19943764,19969511
0,41,49,2,0,2,4,19947752,19958859,5,19920131,19981031,6,19940442,19954569,8,19920101,19980802
0,23,45,2,6,7,4,19920102,19981201,5,19978685,19980928,6,19920103,19981231,8,19920101,19980802
0,24,48,2,4,6,4,19930612,19975892,5,19954410,19973910,6,19920103,19981231,8,19948345,19960807
0,14,40,2,9,10,4,19920102,19981201,5,19958725,19974079,6,19936973,19958308,8,19920101,19980802
0,28,37,2,7,10,4,19948389,19967961,5,19920131,19981031,6,19968538,19977583,8,19920101,19980802
0,46,48,2,1,3,4,19966808,19972715,5,19920131,19981031,6,19948584,19980189,8,19920101,19980802
0,49,50,2,9,10,4,19946997,19979196,5,19961483,19976498,6,19920103,19981231,8,19920101,19980802
0,40,44,2,3,9,4,19920102,19981201,5,19951601,19970073,6,19920103,19981231,8,19920101,19980802
0,1,50,2,0,10,4,19920102,19981201,5,19964792,19970171,6,19962394,19977815,8,19952421,19979142
0,6,21,2,0,10,4,19922928,19958662,5,19927154,19930763,6,19920103,19981231,8,19920101,19980802
0,32,37,2,6,8,4,19920102,19981201,5,19920131,19981031,6,19946375,19962101,8,19920101,19980802
0,1,50,2,9,10,4,19937284,19978890,5,19920131,19981031,6,19947127,19951029,8,19922743,19946401
0,5,41,2,0,10,4,19920102,19981201,5,19970250,19973605,6,19967593,19970324,8,19920101,19980802
0,36,48,2,7,9,4,19920102,19981201,5,19931822,19973456,6,19920103,19981231,8,19947102,19970590
0,31,48,2,5,7,4,19953426,19980386,5,19934265,19955679,6,19920103,19981231,8,19920101,19980802
0,18,40,2,8,9,4,19965148,19974974,5,19953801,19979145,6,19920103,19981231,8,19920101,19980802
0,18,23,2,8,10,4,19945202,19966206,5,19942537,19956929,6,19960137,19966777,8,19920101,19980802
0,19,42,2,8,9,4,19941629,19966843,5,19967467,19972899,6,19920103,19981231,8,19950419,19963141
0,43,50,2,1,5,4,19923723,19980467,5,19920131,19981031,6,19950016,19955880,8,19920101,19980802
0,47,48,2,2,7,4,19920102,19981201,5,19979849,19980433,6,19920103,19981231,8,19920101,19980802
0,16,48,2,8,9,4,19969636,19976804,5,19956868,19962143,6,19920103,19981231,8,19920101,19980802
0,11,21,2,0,10,4,19954073,19979342,5,19920131,19981031,6,19934397,19968035,8,19940816,19961309
0,39,48,2,4,5,4,19969344,19974898,5,19943134,19968487,6,19920103,19981231,8,19920101,19980802
0,28,44,2,4,6,4,19923052,19946441,5,19920131,19981031,6,19946430,19970155,8,19920101,19980802
0,47,49,2,2,6,4,19920102,19981201,5,19920131,19981031,6,19927736,19959047,8,19927710,19932560
0,46,48,2,1,9,4,19920102,19981201,5,19942069,19961188,6,19920103,19981231,8,19929828,19975047
0,6,34,2,1,4,4,19920102,19981201,5,19948579,19971839,6,19947875,19954404,8,19920101,19980802
0,37,46,2,1,3,4,19940020,19969318,5,19920131,19981031,6,19958598,19973279,8,19920101,19980802
0,12,29,2,7,9,4,19920102,19981201,5,19920131,19981031,6,19942658,19968765,8,19942735,19958675
0,1,50,2,0,10,4,19957961,19980540,5,19928013,19980287,6,19974990,19980629,8,19920101,19980802
0,1,50,2,0,10,4,19920102,19981201,5,19947898,19970609,6,19940515,19949832,8,19928874,19965114
0,20,23,2,8,10,4,19920102,19981201,5,19948606,19956877,6,19920103,19981231,8,19941145,19973036
0,28,29,2,0,6,4,19920102,19981201,5,19934196,19978066,6,19924286,19941472,8,19920101,19980802
0,23,46,2,7,8,4,19965447,19975647,5,19961064,19961534,6,19920103,19981231,8,19952730,19966310
0,24,30,2,4,5,4,19920102,19981201,5,19920131,19981031,6,19920103,19981231,8,19951029,19959916
0,31,41,2,1,3,4,19965248,19972787,5,19920131,19981031,6,19920103,19981231,8,19954390,19973856
0,22,28,2,0,10,4,19920102,19981201,5,19922990,19955468,6,19930786,19933821,8,19920101,19980802
0,26,48,2,1,3,4,19943085,19974358,5,19920131,19981031,6,19920103,19981231,8,19966658,19977251
0,1,50,2,9,10,4,19920102,19981201,5,19959264,19973078,6,19932177,19957222,8,19937812,19972016
0,39,48,2,0,10,4,19920102,19981201,5,19945293,19965081,6,19953602,19961825,8,19946795,19973431
0,35,47,2,9,10,4,19975659,19981171,5,19920131,19981031,6,19920103,19981231,8,19920101,19980802
0,28,38,2,5,6,4,19925980,19964087,5,19920468,19927048,6,19920103,19981231,8,19920101,19980802
0,1,50,2,5,7,4,19961407,19973594,5,19975427,19980411,6,19920103,19981231,8,19953570,19976412
0,1,50,2,0,8,4,19920102,19981201,5,19964249,19974333,6,19980090,19980139,8,19920101,19980802
0,48,49,2,1,8,4,19924269,19975597,5,19944226,19965332,6,19920103,19981231,8,19957414,19964848
0,11,17,2,0,10,4,19920102,19981201,5,19943023,19968421,6,19961007,19966111,8,19920101,19980802
0,3,32,2,4,7,4,19967456,19974823,5,19920131,19981031,6,19965527,19970931,8,19920101,19980802
0,37,44,2,2,5,4,19930977,19976063,5,19960905,19977576,6,19920103,19981231,8,19920101,19980802
0,1,50,2,3,9,4,19951760,19972238,5,19970384,19979417,6,19979470,19980937,8,19920101,19980802
0,12,23,2,8,9,4,19920102,19981201,5,19934978,19969391,6,19920103,19981231,8,19954475,19974993
0,3,35,2,3,4,4,19936442,19965464,5,19920131,19981031,6,19954220,19976938,8,19950858,19967647
0,46,50,2,6,8,4,19945251,19960877,5,19920131,19981031,6,19920103,19981231,8,19936908,19963656
0,26,32,2,0,2,4,19937892,19964075,5,19920131,19981031,6,19965864,19971789,8,19920101,19980802
0,15,41,2,8,9,4,19953251,19977182,5,19920131,19981031,6,19920103,19981231,8,19925420,19979681
0,46,47,2,4,8,4,19920102,19981201,5,19940869,19980698,6,19920103,19981231,8,19953680,19973993
0,47,48,2,0,10,4,19934684,19956525,5,19932623,19952242,6,19920103,19981231,8,19933202,19968246
0,9,33,2,0,10,4,19960493,19975632,5,19920131,19981031,6,19964930,19980812,8,19953589,19970034
0,19,30,2,5,8,4,19920102,19981201,5,19920131,19981031,6,19968087,19970263,8,19920101,19980802
0,14,16,2,4,10,4,19920102,19981201,5,19939887,19969553,6,19920103,19981231,8,19937105,19943314
0,1,50,2,5,9,4,19925086,19937143,5,19938926,19968971,6,19930183,19948483,8,19920101,19980802
0,43,46,2,8,10,4,19946897,19953549,5,19932683,19966656,6,19940149,19952614,8,19920101,19980802
0,49,50,2,0,10,4,19954527,19969542,5,19931137,19955915,6,19958383,19967876,8,19920101,19980802
0,17,31,2,0,10,4,19976349,19980635,5,19920131,19981031,6,19920103,19981231,8,19958629,19979574
0,11,39,2,2,7,4,19920102,19981201,5,19980014,19980469,6,19922564,19974312,8,19920101,19980802
0,22,32,2,3,6,4,19920102,19981201,5,19968331,19978734,6,19920103,19981231,8,19920101,19980802
0,2,14,2,7,8,4,19937718,19947727,5,19948856,19957220,6,19946114,19980292,8,19920101,19980802
0,17,31,2,9,10,4,19954032,19980567,5,19920131,19981031,6,19922795,19960893,8,19925775,19972210
0,49,50,2,0,10,4,19920102,19981201,5,19920131,19981031,6,19955663,19964947,8,19936133,19976482
0,1,50,2,1,5,4,19958713,19971984,5,19946683,19953254,6,19951622,19965066,8,19948936,19978921
0,1,50,2,0,8,4,19920102,19981201,5,19955398,19972048,6,19922585,19955962,8,19920101,19980802
0,49,50,2,3,6,4,19933430,19952972,5,19920131,19981031,6,19920103,19981231,8,19949052,19964878
0,2,5,2,0,10,4,19945961,19965240,5,19920131,19981031,6,19953576,19968417,8,19926319,19968130
0,48,50,2,0,10,4,19920102,19981201,5,19920131,19981031,6,19936737,19961252,8,19920183,19957512
0,16,18,2,0,10,4,19920102,19981201,5,19938320,19972939,6,19928206,19968948,8,19936012,19947973
0,1,50,2,5,10,4,19944743,19977614,5,19937922,19962834,6,19923829,19978280,8,19927132,19946428
0,41,43,2,5,10,4,19945764,19976274,5,19933594,19976672,6,19920103,19981231,8,19938962,19961690
0,37,48,2,0,10,4,19943547,19962730,5,19920131,19981031,6,19920103,19981231,8,19954510,19973872
0,16,25,2,0,7,4,19920102,19981201,5,19979106,19980690,6,19920103,19981231,8,19920101,19980802
0,26,35,2,3,9,4,19920102,19981201,5,19968029,19975116,6,19920103,19981231,8,19920101,19980802
0,1,50,2,0,10,4,19920102,19981201,5,19941724,19951193,6,19929429,19941221,8,19920101,19980802
0,48,50,2,0,10,4,19926837,19965713,5,19920131,19981031,6,19966150,19970344,8,19920888,19970800
0,18,34,2,5,7,4,19920102,19981201,5,19947244,19974589,6,19946400,19966633,8,19955459,19977982
0,1,35,2,9,10,4,19920102,19981201,5,19978460,19980381,6,19939902,19980780,8,19954128,19975662
0,16,44,2,9,10,4,19955281,19970839,5,19920131,19981031,6,19946687,19963753,8,19920101,19980802
0,1,50,2,6,8,4,19939431,19962057,5,19934936,19944961,6,19948657,19954037,8,19924356,19973597
0,35,38,2,4,8,4,19920102,19981201,5,19920131,19981031,6,19955458,19972827,8,19920101,19980802
0,10,21,2,0,10,4,19957057,19969841,5,19966088,19977877,6,19967488,19977739,8,19920101,19980802
0,8,10,2,9,10,4,19964238,19980281,5,19920131,19981031,6,19920103,19981231,8,19951699,19962709
0,7,13,2,0,10,4,19947660,19976637,5,19926992,19960527,6,19921957,19974141,8,19940807,19960932
0,1,50,2,6,7,4,19939667,19945376,5,19929742,19950032,6,19920103,19981231,8,19921741,19931643
0,6,8,2,8,9,4,19920102,19981201,5,19920131,19981031,6,19959403,19962033,8,19920101,19980802
0,38,47,2,2,3,4,19920102,19981201,5,19920131,19981031,6,19931509,19970615,8,19920101,19980802
0,18,50,2,6,9,4,19920102,19981201,5,19920131,19981031,6,19946948,19966050,8,19957115,19980023
0,4,38,2,0,10,4,19920102,19981201,5,19936331,19947581,6,19948720,19950750,8,19920101,19980802
0,48,49,2,4,5,4,19920102,19981201,5,19920131,19981031,6,19941385,19964016,8,19920101,19980802
0,44,49,2,6,7,4,19930409,19962023,5,19920131,19981031,6,19920134,19967660,8,19920101,19980802
0,36,37,2,5,6,4,19920102,19981201,5,19954198,19963546,6,19942179,19980116,8,19956549,19960885
0,1,50,2,0,10,4,19920102,19981201,5,19960310,19966738,6,19920103,19981231,8,19943664,19954920
0,1,50,2,0,10,4,19955862,19972350,5,19947070,19980776,6,19950373,19977653,8,19937551,19957802
0,35,44,2,9,10,4,19920102,19981201,5,19920131,19981031,6,19956930,19975084,8,19927705,19965334
0,3,9,2,7,8,4,19920102,19981201,5,19965767,19973951,6,19965554,19980464,8,19920680,19961312
0,48,49,2,3,7,4,19927743,19951891,5,19932426,19940785,6,19920103,19981231,8,19920101,19980802
0,41,48,2,4,5,4,19929643,19966113,5,19941430,19973584,6,19950436,19957013,8,19920101,19980802
0,47,50,2,5,6,4,19966744,19974145,5,19920131,19981031,6,19920103,19981231,8,19948424,19965226
0,45,49,2,7,9,4,19920102,19981201,5,19920131,19981031,6,19920103,19981231,8,19932098,19971125
0,2,44,2,0,10,4,19953728,19970678,5,19965241,19978011,6,19920103,19981231,8,19935136,19961567
0,43,44,2,3,5,4,19920102,19981201,5,19924751,19947474,6,19937011,19945525,8,19921040,19933049
0,21,28,2,0,10,4,19948260,19962034,5,19920131,19981031,6,19920103,19981231,8,19951224,19974452
0,21,33,2,2,9,4,19948892,19960254,5,19920131,19981031,6,19920103,19981231,8,19954079,19971115
0,4,34,2,8,10,4,19920102,19981201,5,19926983,19948849,6,19935536,19966263,8,19920101,19980802
0,15,33,2,5,8,4,19920102,19981201,5,19935549,19962641,6,19920103,19981231,8,19956975,19961412
0,47,48,2,0,8,4,19920102,19981201,5,19961568,19979783,6,19920103,19981231,8,19944069,19974765
0,1,50,2,0,10,4,19929094,19944676,5,19937596,19942950,6,19946627,19955847,8,19928552,19956865
0,42,48,2,7,8,4,19920102,19981201,5,19941977,19959012,6,19920103,19981231,8,19932173,19972517
0,5,10,2,3,6,4,19920102,19981201,5,19933836,19962119,6,19920103,19981231,8,19920101,19980802
0,12,15,2,0,4,4,19964412,19971080,5,19920131,19981031,6,19920103,19981231,8,19920101,19980802
0,46,50,2,2,9,4,19920102,19981201,5,19920131,19981031,6,19977667,19980912,8,19920101,19980802
0,3,4,2,9,10,4,19920102,19981201,5,19920131,19981031,6,19920103,19981231,8,19920101,19980802
0,42,46,2,0,10,4,19925037,19972600,5,19979281,19980617,6,19950665,19980116,8,19920101,19980802
0,4,41,2,8,9,4,19920102,19981201,5,19920131,19981031,6,19966211,19976225,8,19926115,19977011
0,42,46,2,2,8,4,19947560,19950112,5,19920131,19981031,6,19920103,19981231,8,19927579,19977225
0,49,50,2,4,10,4,19931752,19943836,5,19930554,19966829,6,19920103,19981231,8,19920101,19980802
0,20,36,2,8,10,4,19920102,19981201,5,19938257,19945273,6,19920103,19981231,8,19920101,19980802
0,41,44,2,8,10,4,19962507,19980722,5,19920131,19981031,6,19952186,19978142,8,19926179,19969575
0,34,47,2,0,5,4,19944890,19980639,5,19920131,19981031,6,19920103,19981231,8,19961615,19978492
0,17,22,2,2,9,4,19920102,19981201,5,19940369,19962623,6,19926635,19955549,8,19920101,19980802
0,15,20,2,4,6,4,19951801,19966287,5,19920131,19981031,6,19925192,19972301,8,19920101,19980802
0,31,33,2,0,10,4,19945723,19954321,5,19948626,19960376,6,19937071,19972220,8,19920101,19980802
0,4,24,2,0,9,4,19941106,19949506,5,19920131,19981031,6,19948000,19978839,8,19920101,19980802
0,1,50,2,0,1,4,19920102,19981201,5,19940174,19951532,6,19920103,19981231,8,19946253,19951600
0,20,31,2,2,3,4,19947534,19974636,5,19920131,19981031,6,19956033,19978866,8,19955089,19975410
0,1,50,2,0,2,4,19957561,19976520,5,19920131,19981031,6,19978086,19980395,8,19968993,19978106
0,14,17,2,0,10,4,19931527,19974489,5,19943007,19964040,6,19963870,19970390,8,19920101,19980802
0,20,25,2,7,8,4,19934782,19955194,5,19920131,19981031,6,19944333,19968764,8,19920101,19980802
0,33,36,2,6,9,4,19946377,19956197,5,19920131,19981031,6,19957499,19977347,8,19920101,19980802
0,7,14,2,3,10,4,19950082,19959557,5,19930263,19969214,6,19920103,19981231,8,19933472,19957972
0,29,43,2,1,2,4,19951717,19976066,5,19932666,19975254,6,19920103,19981231,8,19920101,19980802
0,47,49,2,0,10,4,19920102,19981201,5,19932600,19975433,6,19933862,19958990,8,19945785,19979153
0,8,17,2,0,10,4,19942646,19964253,5,19920131,19981031,6,19969686,19980838,8,19920101,19980802
0,39,45,2,0,10,4,19934928,19948733,5,19920131,19981031,6,19920103,19981231,8,19921255,19934817
0,6,19,2,0,10,4,19954958,19963076,5,19920131,19981031,6,19946466,19960321,8,19928611,19972953
0,32,42,2,0,1,4,19941378,19954183,5,19926912,19962182,6,19920103,19981231,8,19920101,19980802
0,35,49,2,7,10,4,19920102,19981201,5,19920131,19981031,6,19959797,19972558,8,19958206,19975631
0,28,29,2,0,10,4,19938454,19972566,5,19956793,19962825,6,19920103,19981231,8,19920101,19980802
0,41,44,2,9,10,4,19920102,19981201,5,19920131,19981031,6,19941799,19951564,8,19922116,19947716
0,1,50,2,4,6,4,19960664,19963967,5,19960726,19977047,6,19920103,19981231,8,19931197,19970368
0,7,15,2,6,7,4,19970212,19977001,5,19959666,19977412,6,19920103,19981231,8,19920101,19980802
0,22,33,2,5,6,4,19920102,19981201,5,19920131,19981031,6,19920103,19981231,8,19922416,19944750
0,21,44,2,1,4,4,19960297,19966012,5,19920131,19981031,6,19920103,19981231,8,19929371,19960955
0,38,47,2,1,3,4,19934284,19960449,5,19920131,19981031,6,19920103,19981231,8,19920101,19980802
0,14,16,2,9,10,4,19920102,19981201,5,19920131,19981031,6,19968510,19970927,8,19932978,19966357
0,1,50,2,7,10,4,19923969,19932831,5,19920131,19981031,6,19930796,19937704,8,19920101,19980802
0,18,27,2,8,10,4,19920102,19981201,5,19920131,19981031,6,19920103,19981231,8,19935707,19952628
0,17,28,2,7,10,4,19928249,19968519,5,19946305,19964744,6,19922413,19979449,8,19920101,19980802
0,41,50,2,7,9,4,19941519,19965779,5,19920131,19981031,6,19920103,19981231,8,19957743,19963439
0,28,46,2,1,7,4,19920102,19981201,5,19933545,19963111,6,19920103,19981231,8,19955448,19970006
0,36,45,2,0,10,4,19930707,19980752,5,19920131,19981031,6,19969953,19973204,8,19920101,19980802
0,25,35,2,0,1,4,19969518,19979265,5,19920131,19981031,6,19920103,19981231,8,19939874,19972965
0,20,28,2,0,10,4,19920102,19981201,5,19920131,19981031,6,19931163,19947408,8,19920101,19980802
0,13,31,2,7,8,4,19920102,19981201,5,19931520,19961802,6,19920103,19981231,8,19934848,19973728
0,1,50,2,0,2,4,19930086,19950768,5,19941407,19972444,6,19950107,19976218,8,19933726,19946976
0,26,34,2,2,5,4,19968320,19972608,5,19920131,19981031,6,19920103,19981231,8,19920101,19980802
0,43,48,2,0,3,4,19920102,19981201,5,19957324,19971451,6,19926875,19974123,8,19920101,19980802
0,43,47,2,8,10,4,19920102,19981201,5,19920131,19981031,6,19949210,19979508,8,19920101,19980802
0,35,40,2,8,9,4,19960447,19976258,5,19920131,19981031,6,19920103,19981231,8,19920101,19980802
0,41,49,2,0,10,4,19947563,19951419,5,19943190,19978088,6,19920103,19981231,8,19920101,19980802
0,32,33,2,8,10,4,19924618,19961058,5,19939441,19955175,6,19920103,19981231,8,19920101,19980802
0,26,47,2,0,10,4,19926312,19961937,5,19959623,19974519,6,19944408,19951584,8,19920101,19980802
0,34,41,2,5,10,4,19954838,19972308,5,19950959,19952170,6,19920103,19981231,8,19920101,19980802
0,47,50,2,7,9,4,19939245,19957378,5,19920131,19981031,6,19954466,19975282,8,19920101,19980802
0,3,5,2,0,10,4,19920102,19981201,5,19952223,19969332,6,19943811,19961726,8,19920101,19980802
0,7,10,2,3,9,4,19920102,19981201,5,19943196,19964666,6,19920103,19981231,8,19932089,19956466
0,1,50,2,5,8,4,19953517,19960615,5,19920131,19981031,6,19930611,19980516,8,19955099,19974028
0,21,33,2,8,9,4,19920102,19981201,5,19920131,19981031,6,19954312,19976828,8,19920101,19980802
0,1,50,2,0,10,4,19955177,19970155,5,19967944,19976238,6,19920103,19981231,8,19954409,19966754
0,28,41,2,5,7,4,19920102,19981201,5,19952777,19967932,6,19920103,19981231,8,19933641,19978329
0,35,36,2,0,10,4,19924366,19975177,5,19920131,19981031,6,19920103,19981231,8,19960536,19968102
0,19,39,2,0,10,4,19920102,19981201,5,19957848,19965459,6,19920103,19981231,8,19948759,19954410
0,26,47,2,4,9,4,19920102,19981201,5,19927458,19936787,6,19920103,19981231,8,19926029,19970353
0,34,41,2,8,9,4,19920102,19981201,5,19920131,19981031,6,19942081,19978542,8,19960605,19962228
0,3,43,2,0,10,4,19920102,19981201,5,19956569,19962681,6,19920103,19981231,8,19945603,19952194
0,28,48,2,7,8,4,19920102,19981201,5,19961171,19961437,6,19920103,19981231,8,19958122,19966765
0,20,30,2,1,10,4,19920102,19981201,5,19949101,19971183,6,19920103,19981231,8,19930041,19948787
0,1,50,2,5,8,4,19940513,19961459,5,19966267,19973651,6,19920103,19981231,8,19920101,19980802
0,41,48,2,7,9,4,19920102,19981201,5,19920131,19981031,6,19941194,19966566,8,19920101,19980802
0,26,33,2,0,10,4,19951253,19971433,5,19934159,19966897,6,19961196,19965195,8,19953636,19966411
0,1,50,2,0,6,4,19935630,19961625,5,19950288,19970434,6,19939539,19942729,8,19920101,19980802
0,34,39,2,5,8,4,19920102,19981201,5,19935892,19977967,6,19942518,19967524,8,19920101,19980802
0,40,41,2,0,5,4,19944394,19971683,5,19968392,19979334,6,19920103,19981231,8,19920101,19980802
0,45,50,2,6,10,4,19920102,19981201,5,19927613,19959760,6,19920103,19981231,8,19942164,19978772
0,1,50,2,0,10,4,19957022,19965131,5,19958659,19965811,6,19963192,19975273,8,19920101,19980802
0,8,11,2,0,10,4,19928053,19957472,5,19952751,19961914,6,19953523,19970702,8,19924841,19971880
0,10,43,2,9,10,4,19930069,19975783,5,19920131,19981031,6,19920103,19981231,8,19967831,19977520
0,2,9,2,0,10,4,19930497,19965494,5,19955449,19961328,6,19920103,19981231,8,19920101,19980802
0,43,48,2,5,7,4,19946045,19979366,5,19920131,19981031,6,19944149,19967780,8,19923311,19957661
0,1,50,2,9,10,4,19924291,19953575,5,19922616,19960196,6,19920103,19981231,8,19941076,19966813
0,39,41,2,1,8,4,19920102,19981201,5,19936435,19977833,6,19941111,19957800,8,19920101,19980802
0,29,50,2,5,10,4,19920102,19981201,5,19920131,19981031,6,19939676,19970446,8,19969833,19970980
0,6,19,2,3,8,4,19936099,19949133,5,19926769,19947915,6,19920103,19981231,8,19920101,19980802
0,8,39,2,8,9,4,19927114,19947324,5,19920131,19981031,6,19947851,19950411,8,19920101,19980802
0,6,17,2,8,10,4,19950084,19976063,5,19920131,19981031,6,19920103,19981231,8,19960341,19961672
0,41,44,2,6,8,4,19920102,19981201,5,19957641,19972603,6,19964655,19972749,8,19920101,19980802
0,17,36,2,5,7,4,19920102,19981201,5,19920131,19981031,6,19962139,19974713,8,19920101,19980802
0,1,50,2,5,10,4,19945253,19951331,5,19951594,19966905,6,19920103,19981231,8,19920101,19980802
0,2,40,2,4,10,4,19940010,19966542,5,19920131,19981031,6,19969424,19976020,8,19920101,19980802
0,49,50,2,9,10,4,19920102,19981201,5,19920131,19981031,6,19920103,19981231,8,19977492,19980266
0,37,45,2,0,10,4,19934291,19976949,5,19960268,19976799,6,19940553,19978080,8,19951719,19962802
0,38,42,2,7,10,4,19920102,19981201,5,19920131,19981031,6,19971072,19976579,8,19957029,19977039
0,43,44,2,9,10,4,19928858,19980202,5,19920131,19981031,6,19927852,19955433,8,19920101,19980802
0,49,50,2,3,5,4,19920609,19943304,5,19920131,19981031,6,19920103,19981231,8,19920101,19980802
0,14,25,2,9,10,4,19934270,19952902,5,19920131,19981031,6,19949785,19964376,8,19920101,19980802
0,36,40,2,2,10,4,19920102,19981201,5,19933366,19955516,6,19920103,19981231,8,19941824,19980666
0,13,28,2,0,10,4,19930669,19962624,5,19920131,19981031,6,19920103,19981231,8,19930352,19934306
0,49,50,2,0,10,4,19920102,19981201,5,19920131,19981031,6,19968766,19980936,8,19965664,19980026
0,11,39,2,5,6,4,19954350,19976977,5,19950664,19973740,6,19920103,19981231,8,19920101,19980802
0,29,30,2,0,6,4,19920102,19981201,5,19924810,19968200,6,19948440,19954218,8,19945196,19971697
0,2,43,2,0,10,4,19920102,19981201,5,19954255,19980238,6,19980343,19980499,8,19965221,19971705
0,23,36,2,0,10,4,19920102,19981201,5,19930628,19980251,6,19929819,19940938,8,19940611,19977004
0,29,36,2,0,10,4,19920102,19981201,5,19940369,19967295,6,19957682,19976439,8,19947874,19955934
0,40,46,2,2,6,4,19920102,19981201,5,19920131,19981031,6,19920103,19981231,8,19954126,19980087
0,32,33,2,8,9,4,19920102,19981201,5,19960247,19967379,6,19920103,19981231,8,19950522,19973554
0,22,24,2,0,7,4,19967195,19972116,5,19940327,19974008,6,19920103,19981231,8,19920101,19980802
0,41,47,2,9,10,4,19920102,19981201,5,19936543,19953703,6,19942843,19976013,8,19920101,19980802
0,48,49,2,6,8,4,19921306,19977171,5,19920131,19981031,6,19920103,19981231,8,19956173,19976885
0,1,50,2,7,9,4,19920102,19981201,5,19920155,19950244,6,19942832,19959043,8,19920101,19980802
0,49,50,2,5,10,4,19927129,19976499,5,19920131,19981031,6,19952283,19971094,8,19920101,19980802
0,1,50,2,6,10,4,19968901,19980147,5,19924032,19975012,6,19920103,19981231,8,19946215,19961728
0,37,47,2,9,10,4,19920102,19981201,5,19920131,19981031,6,19968193,19978450,8,19953888,19977998
0,1,50,2,0,10,4,19962230,19979519,5,19942890,19975567,6,19976937,19981180,8,19920101,19980802
0,1,50,2,1,4,4,19947468,19960374,5,19920131,19981031,6,19920103,19981231,8,19952524,19980381
0,19,33,2,6,9,4,19933009,19957947,5,19959995,19960193,6,19920103,19981231,8,19920101,19980802
0,41,44,2,5,6,4,19968562,19971524,5,19920131,19981031,6,19954322,19972459,8,19920101,19980802
0,1,50,2,4,10,4,19956546,19973189,5,19958815,19975883,6,19920103,19981231,8,19935418,19958227
0,36,40,2,0,10,4,19942250,19960919,5,19920131,19981031,6,19920103,19981231,8,19920101,19980802
0,42,47,2,0,10,4,19927895,19933074,5,19926760,19974470,6,19929804,19953988,8,19920101,19980802
0,45,50,2,1,7,4,19953045,19970688,5,19925893,19969644,6,19920103,19981231,8,19920101,19980802
0,18,48,2,6,9,4,19920102,19981201,5,19927289,19937959,6,19926539,19950018,8,19920101,19980802
0,46,47,2,1,10,4,19920102,19981201,5,19959139,19964535,6,19966009,19971740,8,19935412,19974066
0,1,50,2,1,8,4,19920102,19981201,5,19940984,19977187,6,19980225,19981069,8,19965078,19971380
0,40,42,2,7,8,4,19920102,19981201,5,19925869,19942740,6,19920103,19981231,8,19930397,19976140
0,18,31,2,7,8,4,19920102,19981201,5,19968849,19976930,6,19920103,19981231,8,19966900,19972137
0,18,25,2,3,9,4,19920102,19981201,5,19927786,19935055,6,19920103,19981231,8,19920101,19980802
0,3,39,2,0,10,4,19932631,19940260,5,19920131,19981031,6,19937049,19954405,8,19932821,19972993
0,39,42,2,2,8,4,19938349,19962961,5,19920131,19981031,6,19920103,19981231,8,19923113,19933411
0,37,46,2,3,5,4,19952262,19973204,5,19920131,19981031,6,19949511,19960749,8,19921360,19951039
0,15,26,2,0,10,4,19920102,19981201,5,19934984,19974757,6,19959073,19971822,8,19935981,19952207
0,31,49,2,3,6,4,19920102,19981201,5,19920131,19981031,6,19920103,19981231,8,19959993,19968540
0,17,50,2,2,3,4,19921320,19952166,5,19920131,19981031,6,19940740,19971748,8,19920101,19980802
0,42,48,2,0,10,4,19920102,19981201,5,19974708,19980310,6,19939321,19972009,8,19959383,19980497
0,28,48,2,1,4,4,19920102,19981201,5,19952643,19973267,6,19920103,19981231,8,19923626,19953058
0,1,50,2,4,5,4,19968248,19980427,5,19920131,19981031,6,19920103,19981231,8,19928257,19962983
0,1,50,2,9,10,4,19959142,19969509,5,19930492,19964494,6,19953580,19974648,8,19920101,19980802
0,13,34,2,7,8,4,19920102,19981201,5,19937255,19962698,6,19957747,19967489,8,19920101,19980802
0,22,37,2,3,4,4,19970188,19972551,5,19920131,19981031,6,19920103,19981231,8,19966736,19973053
0,39,48,2,0,10,4,19952146,19979260,5,19964685,19970735,6,19920103,19981231,8,19920101,19980802
0,48,50,2,1,2,4,19920102,19981201,5,19955608,19965426,6,19938319,19951992,8,19920101,19980802
0,3,42,2,9,10,4,19951818,19976602,5,19920131,19981031,6,19964700,19970726,8,19953602,19969476
0,13,33,2,9,10,4,19965988,19978689,5,19920131,19981031,6,19920103,19981231,8,19927576,19978479
0,23,31,2,0,10,4,19920102,19981201,5,19955241,19972046,6,19952358,19968500,8,19950864,19958404
0,6,34,2,0,1,4,19949237,19953191,5,19920131,19981031,6,19958579,19972544,8,19920101,19980802
0,1,50,2,4,5,4,19956714,19977827,5,19920131,19981031,6,19940927,19963455,8,19920101,19980802
0,33,36,2,0,10,4,19955614,19961169,5,19920131,19981031,6,19957744,19968663,8,19947178,19980467
0,40,50,2,0,2,4,19920102,19981201,5,19945954,19977328,6,19920103,19981231,8,19950619,19963249
0,1,50,2,0,10,4,19920102,19981201,5,19957194,19965957,6,19963901,19975751,8,19944270,19966404
0,5,31,2,3,5,4,19944270,19952108,5,19920131,19981031,6,19920103,19981231,8,19948454,19963257
0,36,47,2,0,7,4,19976142,19981148,5,19920131,19981031,6,19920103,19981231,8,19949635,19977616
0,32,40,2,9,10,4,19920102,19981201,5,19932457,19971640,6,19920103,19981231,8,19920101,19980802
0,47,50,2,7,9,4,19920102,19981201,5,19964459,19970490,6,19920103,19981231,8,19947469,19974639
0,48,49,2,4,7,4,19920102,19981201,5,19920131,19981031,6,19966823,19973846,8,19920101,19980802
0,5,19,2,0,10,4,19966857,19973456,5,19954033,19966171,6,19970396,19981123,8,19920101,19980802
0,21,22,2,3,8,4,19943459,19967841,5,19939660,19973921,6,19920103,19981231,8,19920101,19980802
0,1,50,2,8,10,4,19920102,19981201,5,19958814,19977037,6,19944606,19954632,8,19920101,19980802
0,30,44,2,3,6,4,19953438,19964979,5,19920131,19981031,6,19960793,19965235,8,19935496,19960425
0,7,11,2,0,4,4,19925615,19954452,5,19920131,19981031,6,19920103,19981231,8,19938423,19940385
0,26,30,2,1,2,4,19920102,19981201,5,19920131,19981031,6,19946126,19951408,8,19920101,19980802
0,34,37,2,0,10,4,19920102,19981201,5,19920131,19981031,6,19952113,19968294,8,19948399,19969465
0,25,39,2,3,6,4,19920102,19981201,5,19963260,19980376,6,19979642,19980602,8,19920101,19980802
0,1,50,2,9,10,4,19959273,19970326,5,19952164,19978156,6,19963867,19971537,8,19969908,19975983
0,34,42,2,0,10,4,19954040,19965247,5,19920131,19981031,6,19967488,19977905,8,19920101,19980802
0,33,41,2,0,2,4,19970198,19975800,5,19920131,19981031,6,19945569,19973092,8,19936835,19967756
0,36,37,2,6,10,4,19945866,19975285,5,19920131,19981031,6,19954183,19968151,8,19960023,19977240
0,24,35,2,9,10,4,19920102,19981201,5,19920131,19981031,6,19920103,19981231,8,19957076,19968584
0,1,50,2,7,8,4,19956525,19976323,5,19970416,19975487,6,19920103,19981231,8,19920101,19980802
0,47,49,2,4,6,4,19923105,19969072,5,19940921,19942371,6,19920103,19981231,8,19924221,19975201
0,24,35,2,5,7,4,19920102,19981201,5,19950974,19967007,6,19920103,19981231,8,19933033,19969020
0,38,42,2,5,10,4,19949944,19970037,5,19960781,19974236,6,19920103,19981231,8,19920101,19980802
0,29,46,2,1,5,4,19920102,19981201,5,19920131,19981031,6,19932997,19963137,8,19954395,19964486
0,23,43,2,8,9,4,19920102,19981201,5,19977089,19980707,6,19969291,19981175,8,19920101,19980802
0,47,48,2,4,10,4,19944032,19971373,5,19966583,19971813,6,19957029,19974939,8,19920101,19980802
0,1,50,2,4,5,4,19920102,19981201,5,19939000,19976872,6,19920103,19981231,8,19964880,19979091
0,24,43,2,0,4,4,19935504,19974437,5,19962865,19980886,6,19920103,19981231,8,19920101,19980802
0,29,34,2,0,10,4,19920102,19981201,5,19948063,19966355,6,19920103,19981231,8,19943005,19954565
0,1,50,2,7,8,4,19954075,19967712,5,19920131,19981031,6,19946222,19967350,8,19920101,19980802
0,42,50,2,0,10,4,19948327,19975464,5,19955009,19976467,6,19920103,19981231,8,19960885,19978945
0,15,41,2,9,10,4,19920102,19981201,5,19920131,19981031,6,19960572,19975688,8,19920101,19980802
0,2,40,2,0,10,4,19920102,19981201,5,19969817,19977026,6,19965699,19978950,8,19927408,19967737
0,27,35,2,1,5,4,19966926,19973257,5,19959756,19972010,6,19940574,19973062,8,19970125,19979781
0,45,47,2,0,10,4,19970331,19971129,5,19925412,19980883,6,19920103,19981231,8,19967373,19979694
0,24,32,2,0,10,4,19956589,19979114,5,19922094,19971347,6,19921730,19980850,8,19962830,19976817
0,1,50,2,4,5,4,19920102,19981201,5,19961522,19975660,6,19962578,19981145,8,19928778,19974398
0,1,50,2,5,8,4,19950750,19974596,5,19943373,19959427,6,19951815,19974292,8,19920101,19980802
0,9,41,2,0,10,4,19920102,19981201,5,19963796,19971707,6,19969859,19974346,8,19946824,19961477
0,26,44,2,9,10,4,19920102,19981201,5,19920131,19981031,6,19958994,19975105,8,19920101,19980802
0,11,23,2,2,8,4,19961031,19966900,5,19920131,19981031,6,19929620,19963955,8,19920101,19980802
0,46,50,2,4,6,4,19920102,19981201,5,19939211,19967959,6,19920103,19981231,8,19960024,19971496
0,47,49,2,9,10,4,19967706,19976534,5,19963927,19979950,6,19920103,19981231,8,19920101,19980802
0,1,50,2,4,7,4,19920102,19981201,5,19939464,19964382,6,19951639,19960350,8,19930728,19970122
0,11,43,2,4,6,4,19953604,19970116,5,19959457,19969884,6,19931468,19960594,8,19955433,19971331
0,12,18,2,7,9,4,19920102,19981201,5,19942080,19952103,6,19921739,19965861,8,19921477,19964202
0,5,36,2,9,10,4,19920102,19981201,5,19969647,19978160,6,19920103,19981231,8,19966938,19974380
0,38,39,2,3,8,4,19920102,19981201,5,19965022,19976575,6,19960124,19974597,8,19920101,19980802
0,45,50,2,8,9,4,19920102,19981201,5,19920131,19981031,6,19920103,19981231,8,19962912,19979818
0,43,46,2,0,10,4,19920102,19981201,5,19921673,19944283,6,19946863,19952477,8,19920101,19980802
0,9,12,2,6,9,4,19959751,19961535,5,19920131,19981031,6,19920103,19981231,8,19920101,19980802
0,46,50,2,9,10,4,19968872,19977604,5,19920131,19981031,6,19927213,19975926,8,19920101,19980802
0,1,50,2,7,8,4,19920102,19981201,5,19927072,19937389,6,19921304,19952862,8,19920101,19980802
0,6,20,2,9,10,4,19920102,19981201,5,19930466,19952466,6,19942575,19960903,8,19935320,19956907
0,27,46,2,3,10,4,19920102,19981201,5,19980483,19980718,6,19920103,19981231,8,19920101,19980802
0,25,31,2,6,7,4,19927603,19955305,5,19928870,19973963,6,19920103,19981231,8,19939231,19964403
0,7,22,2,4,6,4,19920102,19981201,5,19920131,19981031,6,19920103,19981231,8,19948630,19960032
0,12,19,2,2,6,4,19920102,19981201,5,19926828,19941376,6,19920103,19981231,8,19920101,19980802
0,45,48,2,0,10,4,19920102,19981201,5,19948137,19979603,6,19920103,19981231,8,19967358,19980269
0,39,41,2,3,10,4,19920102,19981201,5,19942327,19950546,6,19920103,19981231,8,19920101,19980802
0,48,49,2,8,9,4,19920102,19981201,5,19948515,19976826,6,19956252,19981140,8,19920101,19980802
0,1,50,2,1,4,4,19920102,19981201,5,19969814,19977157,6,19954577,19978166,8,19963392,19970366
0,34,38,2,8,10,4,19933778,19974624,5,19920131,19981031,6,19920103,19981231,8,19945674,19951708
0,1,50,2,5,8,4,19937106,19956866,5,19944760,19964380,6,19920103,19981231,8,19927707,19947390
0,47,48,2,0,10,4,19920102,19981201,5,19923224,19967532,6,19929066,19976397,8,19920101,19980802
0,10,35,2,0,10,4,19959872,19966012,5,19943866,19958285,6,19920103,19981231,8,19920101,19980802
0,1,50,2,3,4,4,19920102,19981201,5,19952711,19966206,6,19956480,19967274,8,19946511,19975575
0,28,38,2,6,9,4,19920102,19981201,5,19973047,19980478,6,19970105,19975405,8,19920101,19980802
0,34,37,2,7,10,4,19920102,19981201,5,19920131,19981031,6,19963087,19975392,8,19961006,19963578
0,27,41,2,3,10,4,19949467,19952794,5,19920131,19981031,6,19920103,19981231,8,19928218,19980052
0,17,44,2,1,5,4,19920102,19981201,5,19965899,19978636,6,19942667,19963336,8,19920101,19980802
0,3,21,2,0,10,4,19966699,19979838,5,19959112,19978854,6,19979381,19980497,8,19920101,19980802
0,6,31,2,0,10,4,19980499,19980999,5,19979580,19981029,6,19920103,19981231,8,19922601,19973790
0,45,46,2,0,1,4,19920102,19981201,5,19933258,19956630,6,19942202,19951472,8,19924391,19967785
0,36,44,2,0,10,4,19954709,19961294,5,19921377,19965404,6,19932721,19969380,8,19941756,19965350
0,41,43,2,3,9,4,19960912,19964191,5,19966312,19980223,6,19920103,19981231,8,19920101,19980802
0,25,45,2,5,8,4,19936066,19977043,5,19920131,19981031,6,19940743,19945384,8,19927634,19956516
0,19,45,2,6,8,4,19920102,19981201,5,19929849,19938814,6,19932276,19969149,8,19927013,19960046
0,28,30,2,6,8,4,19936699,19979149,5,19920131,19981031,6,19920103,19981231,8,19920101,19980802
0,18,40,2,0,10,4,19938229,19954685,5,19958717,19963561,6,19939799,19974122,8,19920101,19980802
0,1,50,2,3,9,4,19920102,19981201,5,19970008,19977090,6,19920103,19981231,8,19946326,19964075
0,17,21,2,5,10,4,19920102,19981201,5,19938071,19963497,6,19938887,19963936,8,19928332,19954175
0,1,50,2,7,10,4,19920838,19972343,5,19925282,19945374,6,19942162,19950217,8,19920101,19980802
0,14,27,2,6,9,4,19953646,19978723,5,19920131,19981031,6,19920103,19981231,8,19920101,19980802
0,18,43,2,2,6,4,19926253,19947104,5,19920131,19981031,6,19920103,19981231,8,19932107,19966504
0,27,46,2,8,10,4,19956013,19969979,5,19943252,19965330,6,19955700,19962833,8,19920101,19980802
0,37,49,2,3,4,4,19920102,19981201,5,19920131,19981031,6,19920103,19981231,8,19967152,19979416
0,25,33,2,5,7,4,19929749,19958568,5,19920131,19981031,6,19945703,19978684,8,19920101,19980802
0,43,46,2,0,10,4,19920102,19981201,5,19958109,19965802,6,19965701,19973090,8,19941245,19976985
0,28,37,2,5,10,4,19920102,19981201,5,19920131,19981031,6,19979106,19980410,8,19920101,19980802
0,18,34,2,6,8,4,19920102,19981201,5,19923604,19979841,6,19959687,19965478,8,19942267,19976150
0,37,45,2,4,9,4,19920102,19981201,5,19920131,19981031,6,19934455,19979215,8,19945076,19967945
0,41,43,2,5,8,4,19920102,19981201,5,19920131,19981031,6,19920103,19981231,8,19967008,19980719
0,43,46,2,8,9,4,19956238,19981184,5,19948082,19978324,6,19920103,19981231,8,19920101,19980802
0,16,47,2,3,5,4,19920102,19981201,5,19926497,19948615,6,19936959,19941510,8,19920101,19980802
0,4,13,2,0,5,4,19932695,19955071,5,19949511,19957892,6,19920103,19981231,8,19920101,19980802
0,18,35,2,6,7,4,19937530,19973128,5,19958304,19964756,6,19920103,19981231,8,19920101,19980802
0,11,23,2,5,8,4,19955099,19971703,5,19920131,19981031,6,19943243,19976006,8,19944211,19973088
0,7,41,2,0,10,4,19920102,19981201,5,19965974,19973462,6,19952461,19962764,8,19920101,19980802
0,5,38,2,0,10,4,19920102,19981201,5,19946110,19963098,6,19925463,19947322,8,19920101,19980802
0,1,50,2,5,8,4,19920102,19981201,5,19920661,19959193,6,19933943,19957467,8,19936859,19940213
0,28,37,2,2,9,4,19920102,19981201,5,19920131,19981031,6,19946944,19971603,8,19950628,19960592
0,2,20,2,0,10,4,19939836,19973647,5,19957870,19977356,6,19971074,19972708,8,19920101,19980802
0,31,32,2,4,8,4,19932380,19962827,5,19937910,19960434,6,19920103,19981231,8,19920101,19980802
0,47,50,2,0,10,4,19920102,19981201,5,19931803,19947394,6,19920103,19981231,8,19920101,19980802
0,21,27,2,5,7,4,19920102,19981201,5,19920131,19981031,6,19926489,19939859,8,19920101,19980802
0,46,50,2,0,10,4,19920102,19981201,5,19943032,19974281,6,19921645,19962227,8,19944902,19971040
0,5,17,2,0,10,4,19920102,19981201,5,19946179,19973812,6,19920103,19981231,8,19939737,19948050
0,15,28,2,9,10,4,19929688,19973698,5,19940164,19950170,6,19932321,19971175,8,19920101,19980802
0,18,36,2,4,6,4,19920102,19981201,5,19920131,19981031,6,19920103,19981231,8,19963252,19975810
0,47,49,2,0,4,4,19959054,19976596,5,19920131,19981031,6,19920103,19981231,8,19920101,19980802
0,13,21,2,0,2,4,19960482,19966818,5,19935980,19961578,6,19955916,19972606,8,19920101,19980802
0,1,50,2,4,10,4,19961419,19976028,5,19945628,19976638,6,19920103,19981231,8,19955088,19964864
0,16,31,2,9,10,4,19954597,19970096,5,19928411,19954217,6,19920103,19981231,8,19920101,19980802
0,16,40,2,1,2,4,19920102,19981201,5,19928559,19963011,6,19952892,19962639,8,19920101,19980802
0,29,42,2,3,10,4,19920102,19981201,5,19964663,19977159,6,19920103,19981231,8,19920101,19980802
0,1,50,2,6,10,4,19920102,19981201,5,19959638,19960269,6,19951740,19981005,8,19920101,19980802
0,40,46,2,1,9,4,19921582,19933567,5,19937538,19940128,6,19940104,19974122,8,19920101,19980802
0,49,50,2,0,1,4,19937532,19957138,5,19954318,19974907,6,19920103,19981231,8,19924253,19973203
0,7,18,2,9,10,4,19920102,19981201,5,19920131,19981031,6,19920103,19981231,8,19925623,19946419
0,47,49,2,9,10,4,19920102,19981201,5,19924613,19967032,6,19926751,19980462,8,19920101,19980802
0,24,30,2,2,6,4,19920102,19981201,5,19920131,19981031,6,19928334,19971273,8,19924247,19940487
0,40,50,2,7,9,4,19953379,19971410,5,19965041,19979064,6,19951530,19971444,8,19958468,19961448
0,27,39,2,4,7,4,19969819,19978926,5,19958262,19971568,6,19920103,19981231,8,19920101,19980802
0,44,45,2,3,5,4,19952411,19972136,5,19971156,19976414,6,19920103,19981231,8,19933477,19979735
0,1,50,2,2,5,4,19920102,19981201,5,19954601,19960841,6,19920103,19981231,8,19954435,19963860
0,1,50,2,2,3,4,19920102,19981201,5,19953209,19964608,6,19920103,19981231,8,19948586,19978553
0,1,50,2,0,10,4,19943234,19978650,5,19980077,19980929,6,19952566,19978527,8,19920101,19980802
0,33,40,2,1,8,4,19947403,19967353,5,19920131,19981031,6,19920103,19981231,8,19937513,19955298
0,47,49,2,4,8,4,19920102,19981201,5,19920131,19981031,6,19963906,19972484,8,19952212,19965602
0,3,46,2,0,10,4,19947528,19973711,5,19968018,19980446,6,19920103,19981231,8,19949579,19961370
0,32,48,2,0,1,4,19920102,19981201,5,19932624,19971605,6,19925152,19974362,8,19925162,19937836
0,35,39,2,0,10,4,19952864,19980495,5,19968724,19979404,6,19920103,19981231,8,19970529,19976676
