0,-1,2,2,2,3,4,19976815,19980281
0,-1,3,2,9,10,4,19965715,19970211
0,-1,16,2,0,4,4,19981061,19981114
0,-1,3,2,8,10,4,19980741,19980868
0,-1,1,2,6,8,4,19950958,19952641
0,-1,2,2,9,10,4,19967425,19970308
0,-1,16,2,1,4,4,19981020,19981029
0,-1,29,2,9,10,4,19981082,19981129
0,-1,28,2,9,10,4,19981081,19981148
0,-1,3,2,7,9,4,19966419,19970169
0,-1,1,2,8,10,4,19930961,19935972
0,-1,8,2,3,5,4,19980750,19980813
0,-1,25,2,4,6,4,19977275,19980103
0,-1,45,2,4,5,4,19921229,19925332
0,-1,2,2,4,8,4,19941055,19941194
0,-1,15,2,7,10,4,19981037,19981193
0,-1,2,2,9,10,4,19951063,19952831
0,-1,18,2,5,7,4,19981090,19981140
0,-1,1,2,2,9,4,19961196,19968852
0,-1,6,2,5,6,4,19962681,19970120
