8595575
8597351
8594558
8596947
8595851
8597484
8596689
8596719
8597063
8597967
8598184
8596793
8596246
8597149
8594576
8594761
8596320
8597628
8596701
8597758
8597379
8596926
8595049
8595779
8596577
8596478
8596782
8595501
8598084
8597844
8595927
8595115
8597115
8596030
8596111
8597026
8598176
8596437
8596032
8596942
8600775
8596471
8598287
8602288
8598693
8596577
8597324
8598933
8596280
8596641
8597104
8596503
8595886
8596831
8594610
8596856
8599471
8596749
8595449
8597462
8595252
8597580
8595601
8595294
8599396
8599393
8598846
8594083
8596220
8597957
8595910
8595544
8594591
8595560
8597438
8597083
8598937
8598319
8596948
8598024
8597757
8595854
8597014
8597708
8596645
8595912
8595477
8594107
8594896
8595370
8593673
8595889
8595523
8596008
8596066
8598600
8597674
8597244
8597359
8596513
