9488621
9488963
9490441
9488553
9487153
9489466
9488429
9488717
9487745
9489536
9486686
9488750
9491964
9487485
9487897
9487370
9491309
9489658
9489033
9489411
9488887
9487324
9488191
9491549
9487114
9487050
9488336
9488348
9487525
9488058
9490829
9487731
9487368
9487917
9486758
9488967
9487835
9489380
9487466
9487498
9486843
9486877
9487768
9486931
9489503
9491240
9490070
9487353
9487746
9489686
9486633
9486682
9491307
9486511
9486838
9489616
9486740
9489325
9487445
9488901
9488252
9487579
9488154
9488396
9487331
9488250
9491813
9487373
9487796
9487347
9487619
9487578
9486296
9488775
9485466
9487300
9488273
9488787
9487435
9488132
9491251
9487531
9488133
9489706
9488284
9488530
9488007
9487604
9492170
9487502
9487732
9487706
9487445
9486846
9490922
9494955
9503161
9496413
9495833
9492917
