2,35,52,3,59,77
0,-1,20110531,6,6,6
2,14,51,3,20,77
2,29,54,3,32,84
7,25,248,8,-1,211,11,-1,29
0,-1,20110521,6,6,6
7,24,237,8,-1,233,11,-1,247
2,32,71,3,73,80
2,12,46,3,71,76
2,19,47,3,51,78
7,-1,299,8,83,4345
7,-1,129,8,80,3945
7,-1,136,8,76,5462
7,-1,287,8,83,8933
7,-1,227,8,80,9073
7,-1,1,8,46,7312
7,-1,137,8,68,9578
7,-1,288,8,76,4160
7,-1,23,8,76,9015
7,-1,35,8,67,6934
7,-1,78,8,73,318
7,-1,202,8,81,5798
7,-1,74,8,68,5696
7,-1,217,8,87,6894
2,28,62,3,48,85
7,25,255,8,-1,154,11,-1,227
2,28,44,3,60,74
7,22,153,8,-1,274,11,-1,242
2,30,69,3,57,89
2,27,87,3,52,83
2,10,65,3,46,75
2,33,80,3,42,87
2,32,46,3,69,75
2,36,49,3,44,88
0,20160611,20160616,1,20151125,20160628
0,-1,20110205,6,6,6
2,11,50,3,52,76
2,24,76,3,70,80
0,20160528,20160612,1,20120604,20160529
2,31,50,3,63,81
7,24,127,8,-1,240,11,-1,278
2,0,76,3,55,90
2,38,48,3,8,89
0,-1,20110801,6,0,0
2,15,85,3,74,76
2,39,81,3,49,81
2,26,41,3,67,77
7,22,98,8,-1,103,11,-1,195
7,22,126,8,-1,86,11,-1,377
2,11,46,3,28,76
7,25,297,8,-1,110,11,-1,397
7,22,44,8,-1,199,11,-1,399
2,33,85,3,61,89
7,22,154,8,-1,260,11,-1,332
2,2,43,3,56,80
7,23,58,8,-1,279,11,-1,66
7,23,61,8,-1,244,11,-1,204
2,24,53,3,57,74
2,0,64,3,23,90
7,23,161,8,-1,192,11,-1,122
2,34,70,3,55,86
2,17,73,3,72,89
0,20140824,20160304,1,20160302,20160810
2,23,82,3,65,77
0,20131006,20131008,1,20121105,20141103
2,29,51,3,74,83
2,15,73,3,72,81
2,29,51,3,42,88
2,30,88,3,42,77
2,34,51,3,52,90
2,25,60,3,0,88
2,24,82,3,68,84
2,16,57,3,62,89
0,-1,20110727,6,6,6
2,33,69,3,54,77
2,0,49,3,5,81
2,23,67,3,72,84
2,34,54,3,41,81
2,13,45,3,11,89
2,27,57,3,53,75
2,16,89,3,62,80
7,-1,145,8,82,2852
7,-1,76,8,73,8634
7,-1,238,8,80,2996
7,-1,79,8,69,8482
7,-1,222,8,71,8987
7,-1,283,8,81,4457
7,-1,245,8,75,5825
7,-1,77,8,86,6301
7,-1,176,8,79,5726
7,-1,20,8,72,6133
7,-1,79,8,71,5395
7,-1,295,8,82,8202
7,-1,12,8,55,7912
7,-1,226,8,76,9016
7,-1,50,8,73,6467
7,-1,284,8,77,2862
7,-1,187,8,86,3344
7,-1,249,8,84,4412
2,35,63,3,71,74
2,20,54,3,34,82
2,16,56,3,15,88
2,28,83,3,66,88
2,35,43,3,63,78
7,22,201,8,-1,160,11,-1,140
2,14,56,3,46,80
2,5,55,3,9,76
2,35,80,3,58,79
2,21,71,3,4,84
2,22,53,3,31,88
2,23,72,3,12,77
0,20121128,20150222,1,20120216,20121129
2,0,43,3,40,79
2,34,72,3,38,89
2,38,56,3,60,76
0,-1,20110606,6,6,6
2,2,65,3,38,89
2,18,58,3,37,75
2,17,90,3,73,74
2,24,81,3,74,88
7,-1,57,8,70,5920
2,17,70,3,60,79
7,25,38,8,-1,131,11,-1,328
7,25,74,8,-1,253,11,-1,260
7,24,292,8,-1,165,11,-1,368
2,19,47,3,36,74
2,26,55,3,74,87
2,19,89,3,60,89
2,16,45,3,42,84
7,23,131,8,-1,225,11,-1,299
2,27,60,3,38,85
2,38,67,3,53,81
2,39,89,3,65,80
0,-1,20110310,6,6,6
2,29,61,3,26,78
2,27,44,3,17,78
2,16,41,3,55,90
7,26,131,8,-1,184,11,-1,255
2,8,54,3,22,89
7,26,116,8,-1,216,11,-1,325
2,14,63,3,35,80
0,20110115,20111121,1,20111120,20151130
2,2,63,3,68,76
7,26,70,8,-1,224,11,-1,353
2,9,85,3,72,83
2,37,55,3,53,77
0,20131107,20151116,1,20150303,20150305
7,25,42,8,-1,131,11,-1,274
2,6,64,3,41,83
2,19,42,3,17,76
0,-1,20110128,6,6,6
7,20,137,8,-1,46,11,-1,234
2,7,73,3,12,79
0,-1,20110621,6,0,0
2,21,73,3,0,80
7,23,122,8,-1,270,11,-1,313
2,21,55,3,74,88
7,22,67,8,-1,81,11,-1,142
7,24,251,8,-1,166,11,-1,283
2,37,77,3,62,77
0,20160613,20160615,1,20150415,20160909
2,12,52,3,49,89
0,-1,20110202,6,6,6
2,20,54,3,73,85
0,-1,20110331,6,6,6
0,-1,20110731,6,0,0
0,20160113,20160615,1,20160611,20160630
7,25,125,8,-1,238,11,-1,250
2,13,73,3,65,83
2,0,43,3,41,82
2,35,72,3,44,79
2,27,58,3,62,85
2,27,75,3,70,89
2,40,90,3,68,75
2,32,50,3,54,76
2,21,49,3,26,77
7,22,270,8,-1,213,11,-1,204
2,35,47,3,54,75
2,24,53,3,19,77
2,35,68,3,69,79
2,11,57,3,61,87
2,27,86,3,57,80
7,25,168,8,-1,296,11,-1,123
2,12,62,3,68,86
2,4,47,3,49,77
7,24,46,8,-1,275,11,-1,247
2,25,70,3,51,77
2,26,62,3,67,79
2,17,50,3,6,79
7,20,281,8,-1,49,11,-1,193
0,20150815,20150822,1,20110129,20160722
2,37,67,3,62,87
2,40,69,3,41,77
7,20,221,8,-1,49,11,-1,269
0,-1,20111009,6,0,0
2,30,68,3,71,89
0,-1,20110514,6,6,6
2,13,64,3,30,84
2,40,72,3,24,84
2,1,53,3,31,75
2,37,67,3,73,75
7,-1,268,8,73,7987
7,-1,77,8,87,5823
7,-1,39,8,75,744
7,-1,120,8,68,1913
7,-1,260,8,69,6083
7,-1,208,8,78,5983
7,-1,252,8,90,2669
7,-1,278,8,89,1092
7,-1,33,8,72,8503
7,-1,57,8,70,5920
7,-1,92,8,76,5800
7,-1,199,8,85,2175
7,-1,74,8,77,6637
7,-1,224,8,68,5525
7,-1,206,8,80,9109
7,-1,281,8,83,9864
7,-1,274,8,75,4700
7,-1,142,8,76,2549
7,-1,217,8,73,833
7,-1,217,8,70,8303
7,-1,217,8,78,915
7,-1,173,8,69,4400
7,-1,125,8,77,389
7,-1,58,8,88,3398
7,-1,76,8,86,5915
2,4,86,3,44,78
2,33,41,3,31,82
2,28,47,3,60,81
2,17,84,3,47,83
7,22,78,8,-1,252,11,-1,83
2,23,64,3,66,83
2,16,55,3,62,89
0,-1,20110711,6,6,6
2,0,67,3,31,77
2,30,84,3,50,75
2,7,44,3,51,74
0,20140827,20140830,1,20130706,20150718
2,10,42,3,19,86
2,5,48,3,61,76
2,34,66,3,63,83
7,25,39,8,-1,274,11,-1,356
7,22,220,8,-1,229,11,-1,272
2,38,48,3,18,83
2,39,52,3,65,89
7,24,225,8,-1,237,11,-1,20
2,13,54,3,33,77
2,40,60,3,34,86
2,32,64,3,70,83
7,-1,89,8,86,1533
7,-1,186,8,76,8678
7,-1,71,8,87,1881
7,-1,178,8,82,7052
7,-1,243,8,79,8127
7,-1,220,8,68,9755
7,-1,271,8,81,6386
7,-1,17,8,64,4669
7,-1,131,8,69,5929
7,-1,274,8,89,3847
7,-1,64,8,82,2953
7,-1,200,8,82,7459
7,-1,168,8,73,6444
7,-1,21,8,76,7690
7,-1,102,8,72,7116
7,-1,223,8,81,1628
7,-1,64,8,77,7544
7,-1,225,8,75,9524
7,-1,133,8,89,632
7,-1,167,8,83,6935
7,-1,211,8,78,2170
7,-1,261,8,72,1139
7,-1,198,8,78,1727
2,28,78,3,74,84
0,-1,20110905,6,0,0
2,24,61,3,11,79
2,18,63,3,4,77
2,12,69,3,53,78
2,34,78,3,41,78
2,16,50,3,70,90
7,23,81,8,-1,258,11,-1,387
2,37,72,3,37,88
2,35,41,3,31,76
2,25,89,3,60,86
7,24,37,8,-1,87,11,-1,170
2,24,49,3,9,76
2,36,50,3,27,75
2,23,54,3,74,76
0,20120918,20160510,1,20160309,20160312
2,16,50,3,47,74
2,7,59,3,31,81
2,4,55,3,48,85
7,-1,121,8,88,2859
2,39,66,3,10,83
2,37,45,3,74,90
2,12,70,3,22,90
2,11,69,3,49,75
2,20,61,3,38,75
7,-1,155,8,82,4369
2,31,55,3,71,77
7,25,170,8,-1,271,11,-1,110
2,6,83,3,72,88
2,30,42,3,68,82
2,38,68,3,58,82
2,21,42,3,65,90
2,11,50,3,12,89
2,18,80,3,63,78
2,7,54,3,52,83
7,-1,32,8,68,2698
2,32,52,3,70,78
2,33,48,3,69,85
2,15,75,3,63,79
0,20160602,20160605,1,20150226,20160628
2,24,59,3,67,90
2,29,87,3,60,84
2,31,53,3,48,77
7,23,157,8,-1,207,11,-1,107
2,35,53,3,54,89
2,15,77,3,54,86
7,23,295,8,-1,193,11,-1,39
2,39,65,3,67,89
0,20110608,20150601,1,20120903,20120904
2,36,46,3,73,76
2,21,66,3,57,80
2,31,73,3,13,83
2,2,58,3,22,82
2,22,64,3,62,74
0,20160528,20160529,1,20141103,20160923
2,36,52,3,72,79
2,13,63,3,54,85
0,-1,20110314,6,6,6
2,17,77,3,70,80
0,20160205,20160222,1,20160214,20160715
2,6,64,3,56,78
2,1,60,3,45,90
2,1,50,3,71,80
2,24,85,3,48,89
2,33,71,3,64,75
2,28,75,3,46,81
7,24,206,8,-1,89,11,-1,317
0,-1,20110227,6,6,6
2,17,81,3,49,82
0,20150418,20160315,1,20160311,20160526
2,37,82,3,56,90
7,22,247,8,-1,120,11,-1,398
2,3,57,3,68,76
2,9,82,3,63,77
2,8,79,3,50,90
2,40,68,3,22,89
0,-1,20110221,6,6,6
0,20150814,20150818,1,20130921,20151119
2,7,73,3,44,83
7,23,298,8,-1,82,11,-1,272
2,6,68,3,37,90
2,16,82,3,71,87
0,20160614,20160618,1,20120908,20160916
2,2,73,3,71,79
2,17,51,3,60,74
0,20140624,20160523,1,20120723,20140624
2,20,59,3,72,90
2,15,45,3,61,82
7,-1,60,8,72,5856
2,29,54,3,47,81
0,20140406,20140407,1,20120725,20150930
2,38,90,3,51,81
2,21,66,3,48,82
7,26,298,8,-1,267,11,-1,394
0,20160613,20160617,1,20131026,20160716
2,26,64,3,64,82
2,5,70,3,54,89
0,-1,20110426,6,6,6
2,35,72,3,22,86
2,30,63,3,6,90
0,-1,20110116,6,6,6
0,20160605,20160607,1,20151030,20160919
2,20,81,3,52,84
2,27,81,3,55,81
2,27,47,3,67,76
2,39,41,3,69,83
2,32,47,3,65,86
2,20,60,3,38,74
2,8,89,3,42,74
7,22,269,8,-1,117,11,-1,253
2,9,64,3,25,81
2,38,64,3,50,74
0,20140322,20140519,1,20130114,20140324
0,-1,20110707,6,0,0
2,31,70,3,62,85
2,3,50,3,20,78
2,29,70,3,25,90
2,15,75,3,74,85
2,32,46,3,68,84
0,20160411,20160414,1,20150107,20160612
2,25,45,3,53,80
2,14,47,3,31,74
7,26,102,8,-1,214,11,-1,333
2,38,84,3,51,88
2,31,44,3,70,80
0,20130216,20140815,1,20140807,20140914
2,3,87,3,46,80
2,14,60,3,53,85
2,36,55,3,43,83
7,22,165,8,-1,87,11,-1,194
0,-1,20110816,6,0,0
2,13,53,3,73,88
2,34,51,3,65,87
2,9,53,3,29,78
7,25,299,8,-1,149,11,-1,82
0,-1,20110604,6,0,0
0,20160513,20160516,1,20110919,20161005
7,26,144,8,-1,274,11,-1,328
0,-1,20110318,6,6,6
2,17,78,3,72,90
2,0,65,3,62,74
7,20,38,8,-1,48,11,-1,295
2,13,87,3,71,90
0,20130609,20140905,1,20140828,20160124
7,24,32,8,-1,229,11,-1,217
0,-1,20110704,6,0,0
2,21,66,3,43,75
2,31,85,3,71,78
2,27,58,3,42,79
0,-1,20110916,6,0,0
7,25,135,8,-1,200,11,-1,396
2,4,44,3,4,84
2,37,77,3,59,88
2,6,50,3,74,79
2,38,85,3,72,80
2,16,44,3,4,82
2,24,49,3,48,82
7,23,268,8,-1,268,11,-1,387
0,20160303,20160305,1,20151029,20161102
0,20160412,20160430,1,20130127,20160416
0,-1,20111015,6,0,0
0,-1,20110227,6,6,6
7,25,97,8,-1,182,11,-1,77
7,-1,241,8,82,3285
7,-1,61,8,68,5281
7,25,99,8,-1,299,11,-1,154
7,26,196,8,-1,275,11,-1,340
2,32,41,3,70,80
0,20140414,20140416,1,20130206,20160917
2,18,70,3,67,78
7,-1,203,8,70,1255
2,25,48,3,49,76
0,-1,20110717,6,6,6
7,25,228,8,-1,179,11,-1,100
7,26,128,8,-1,168,11,-1,337
7,26,89,8,-1,244,11,-1,137
7,-1,31,8,80,1377
7,-1,250,8,72,4598
0,20150308,20150311,1,20110820,20160123
0,20140406,20160612,1,20150815,20150827
0,20160606,20160612,1,20110926,20161006
7,24,172,8,-1,154,11,-1,312
7,22,252,8,-1,118,11,-1,215
7,26,111,8,-1,274,11,-1,319
7,24,282,8,-1,262,11,-1,53
2,32,67,3,73,81
7,25,235,8,-1,169,11,-1,250
2,24,61,3,32,81
0,20141124,20141125,1,20130518,20160424
2,18,44,3,53,75
0,20110728,20140125,1,20140120,20160108
7,25,194,8,-1,181,11,-1,227
7,23,279,8,-1,214,11,-1,139
7,23,262,8,-1,295,11,-1,0
7,23,170,8,-1,222,11,-1,125
0,20150410,20150415,1,20120928,20160827
2,29,86,3,60,76
7,8,122,8,-1,20,11,-1,175
2,13,51,3,67,78
7,23,174,8,-1,217,11,-1,60
7,22,279,8,-1,247,11,-1,198
0,-1,20110527,6,0,0
2,28,44,3,49,88
7,25,44,8,-1,233,11,-1,287
2,16,70,3,41,82
2,39,75,3,67,77
7,22,225,8,-1,59,11,-1,342
2,36,66,3,45,74
2,31,64,3,47,86
0,20160131,20160201,1,20160105,20160719
2,19,54,3,51,82
2,36,66,3,72,88
2,4,76,3,46,81
2,12,53,3,31,86
7,22,227,8,-1,79,11,-1,246
2,29,58,3,8,74
0,-1,20110727,6,6,6
2,6,59,3,31,77
7,26,269,8,-1,257,11,-1,126
2,33,70,3,61,79
0,20150614,20150618,1,20140427,20160325
2,11,50,3,37,82
2,39,45,3,12,83
2,4,83,3,48,86
0,20131023,20131028,1,20120324,20140919
2,4,55,3,25,75
7,24,231,8,-1,282,11,-1,365
2,23,50,3,73,90
0,20160127,20160128,1,20121210,20160902
7,25,131,8,-1,247,11,-1,265
7,23,191,8,-1,119,11,-1,343
2,9,87,3,45,84
2,38,41,3,41,79
0,20160615,20160617,1,20121218,20160625
2,18,46,3,5,80
0,-1,20110726,6,0,0
2,13,90,3,50,75
0,20151023,20160305,1,20151105,20151108
2,26,53,3,51,79
7,23,149,8,-1,114,11,-1,99
7,25,173,8,-1,275,11,-1,137
2,19,55,3,14,90
0,20140802,20160116,1,20130629,20140812
7,22,103,8,-1,247,11,-1,386
2,39,45,3,73,85
0,-1,20111018,6,0,0
2,21,59,3,72,76
2,8,80,3,64,87
0,-1,20110528,6,6,6
0,20130413,20151124,1,20111014,20130416
2,10,71,3,46,82
0,-1,20110530,6,6,6
2,23,59,3,59,79
7,10,235,8,-1,24,11,-1,274
2,4,77,3,72,87
2,11,45,3,62,81
7,25,252,8,-1,298,11,-1,25
0,20160418,20160510,1,20120520,20160419
2,38,47,3,71,81
7,22,287,8,-1,53,11,-1,234
2,17,66,3,59,88
0,-1,20110602,6,6,6
2,24,82,3,71,84
0,-1,20110910,6,0,0
2,29,57,3,71,90
7,24,230,8,-1,93,11,-1,247
2,18,65,3,42,87
7,24,297,8,-1,88,11,-1,184
2,10,65,3,52,86
2,3,66,3,68,89
7,-1,10,8,61,1918
2,22,52,3,46,77
2,5,78,3,64,74
7,16,270,8,-1,40,11,-1,19
2,9,57,3,17,89
7,15,290,8,-1,37,11,-1,330
2,16,63,3,29,80
7,26,221,8,-1,243,11,-1,316
7,23,278,8,-1,115,11,-1,328
7,24,289,8,-1,115,11,-1,223
7,24,43,8,-1,249,11,-1,129
0,-1,20110125,6,6,6
0,20150412,20150421,1,20131019,20160522
7,24,124,8,-1,146,11,-1,162
0,-1,20110707,6,0,0
7,26,79,8,-1,229,11,-1,146
7,-1,254,8,79,9012
0,-1,20110513,6,6,6
7,23,173,8,-1,190,11,-1,328
0,-1,20110717,6,0,0
0,20160205,20160514,1,20150801,20160208
0,20160201,20160408,1,20160311,20160313
7,22,77,8,-1,168,11,-1,297
0,20160411,20160529,1,20150505,20160415
7,23,29,8,-1,226,11,-1,122
7,25,246,8,-1,114,11,-1,103
7,22,46,8,-1,85,11,-1,119
7,-1,242,8,78,6654
7,-1,52,8,83,4944
7,24,54,8,-1,241,11,-1,30
7,25,172,8,-1,228,11,-1,228
0,-1,20110322,6,6,6
0,20110421,20140312,1,20140311,20150725
7,2,260,8,-1,6,11,-1,154
7,25,96,8,-1,213,11,-1,300
7,22,153,8,-1,299,11,-1,79
0,-1,20110902,6,0,0
0,20160116,20160119,1,20150703,20161012
7,24,230,8,-1,214,11,-1,262
0,-1,20110824,6,0,0
0,-1,20110728,6,0,0
7,22,43,8,-1,66,11,-1,197
7,22,249,8,-1,147,11,-1,365
0,20160605,20160608,1,20151005,20160625
7,24,126,8,-1,208,11,-1,97
7,-1,104,8,73,3971
0,-1,20110926,6,0,0
7,24,229,8,-1,148,11,-1,241
7,-1,39,8,84,4446
7,-1,209,8,84,7755
7,-1,129,8,85,1070
7,-1,108,8,83,580
7,-1,247,8,68,6028
7,-1,107,8,68,3236
7,-1,189,8,84,7697
7,-1,260,8,79,7274
7,-1,59,8,76,2778
7,-1,219,8,70,8428
7,-1,177,8,73,982
7,-1,34,8,78,2179
7,-1,33,8,68,923
7,-1,97,8,71,7926
7,-1,110,8,84,8836
7,-1,24,8,76,9780
7,-1,244,8,78,5560
7,-1,176,8,90,4369
7,-1,176,8,70,6406
7,-1,226,8,73,3880
7,-1,163,8,74,7043
0,20150403,20150407,1,20150109,20160812
0,-1,20110926,6,0,0
0,-1,20110718,6,6,6
0,20160613,20160618,1,20151214,20160713
0,20160213,20160220,1,20150803,20160508
0,20140811,20141117,1,20141116,20151107
0,-1,20110919,6,0,0
0,-1,20110916,6,0,0
0,-1,20110501,6,6,6
0,20160506,20160511,1,20150424,20160721
0,-1,20110528,6,0,0
0,-1,20110629,6,6,6
0,-1,20110622,6,6,6
0,20150815,20160202,1,20150510,20150826
0,20140704,20140708,1,20140621,20151107
0,20140208,20140209,1,20131104,20140602
0,20140802,20140809,1,20131208,20150720
0,20120326,20151230,1,20140904,20140910
0,20150409,20150426,1,20150411,20160329
0,20121215,20160308,1,20150706,20150707
0,-1,20110706,6,6,6
0,20131014,20131130,1,20131122,20150208
0,20110404,20160616,1,20160612,20160629
0,-1,20110223,6,6,6
0,20160616,20160617,1,20150504,20160901
0,-1,20110523,6,0,0
0,20160223,20160427,1,20151110,20160225
0,-1,20110611,6,0,0
0,20150321,20160612,1,20160608,20160623
0,20150815,20160213,1,20120821,20150820
0,-1,20111018,6,0,0
0,-1,20110702,6,6,6
0,20150714,20150807,1,20121115,20150725
0,-1,20110207,6,6,6
0,20160416,20160420,1,20160305,20160826
0,20151227,20151230,1,20150824,20160709
0,-1,20110930,6,0,0
0,-1,20110924,6,0,0
0,-1,20110730,6,6,6
0,-1,20110608,6,0,0
0,-1,20110627,6,0,0
0,-1,20110601,6,6,6
0,20160511,20160518,1,20151229,20160517
0,20160209,20160420,1,20160417,20161001
0,20151229,20160101,1,20141124,20160307
0,20141029,20160108,1,20160102,20160216
0,20160101,20160105,1,20140315,20160806
0,-1,20110816,6,0,0
0,20121114,20140122,1,20111206,20121116
0,-1,20110403,6,6,6
0,-1,20110717,6,0,0
0,-1,20110526,6,6,6
0,-1,20110525,6,6,6
0,-1,20110210,6,6,6
0,20150618,20150911,1,20150911,20160907
0,-1,20110130,6,6,6
0,20160601,20160603,1,20130717,20160911
0,20120914,20140304,1,20130810,20130811
0,-1,20110717,6,0,0
0,20160417,20160418,1,20120514,20160730
0,-1,20110616,6,6,6
0,20160314,20160503,1,20160502,20160610
0,20150916,20160304,1,20110204,20150920
0,20130421,20140906,1,20140829,20160712
0,-1,20110217,6,6,6
0,20150325,20151027,1,20151013,20151014
0,-1,20110605,6,0,0
0,-1,20110828,6,0,0
0,-1,20110605,6,0,0
0,20150402,20150403,1,20140915,20150810
0,20150614,20150619,1,20120430,20160506
0,20140929,20160418,1,20160416,20160829
0,-1,20110611,6,0,0
0,20150613,20160510,1,20120217,20150616
0,20160301,20160302,1,20151230,20160718
0,-1,20110621,6,0,0
0,-1,20110709,6,0,0
0,20160321,20160323,1,20110226,20160401
0,20160212,20160213,1,20150907,20160602
0,-1,20110923,6,0,0
0,20160610,20160613,1,20130905,20160731
0,-1,20110528,6,0,0
0,-1,20110604,6,0,0
0,-1,20110831,6,0,0
0,20140830,20150817,1,20150814,20160526
0,20160422,20160424,1,20130303,20160603
0,20120320,20120327,1,20110609,20130502
0,-1,20110327,6,6,6
0,20160611,20160613,1,20160124,20161023
0,-1,20110804,6,0,0
0,-1,20110710,6,0,0
0,-1,20110609,6,6,6
0,20140322,20140324,1,20130811,20160106
0,-1,20110618,6,6,6
0,-1,20110428,6,6,6
0,20150601,20151210,1,20151205,20160818
0,20160218,20160223,1,20130514,20160821
0,20160126,20160127,1,20150223,20160406
0,-1,20110619,6,0,0
0,-1,20110204,6,6,6
0,20140217,20150724,1,20150522,20150529
0,-1,20110604,6,6,6
0,-1,20110709,6,6,6
0,-1,20110123,6,6,6
0,20160109,20160115,1,20150928,20160313
0,20140709,20140718,1,20111119,20150201
0,-1,20110626,6,0,0
0,-1,20110519,6,6,6
0,20160303,20160404,1,20160203,20160304
0,20140105,20140105,1,20121027,20160315
0,-1,20110906,6,0,0
0,20160314,20160504,1,20151119,20160318
0,-1,20110208,6,6,6
0,-1,20110314,6,6,6
0,-1,20110412,6,6,6
0,-1,20111001,6,0,0
0,20121028,20150418,1,20150318,20150320
0,-1,20110205,6,6,6
0,20120201,20150628,1,20150608,20150608
0,-1,20110829,6,0,0
0,-1,20110608,6,6,6
0,-1,20110126,6,6,6
0,-1,20110413,6,6,6
0,-1,20110921,6,0,0
0,20131123,20150216,1,20140928,20141004
0,20160207,20160211,1,20150725,20160724
0,20140514,20150729,1,20150725,20160213
0,20140802,20140810,1,20111230,20160730
0,-1,20110506,6,6,6
0,20121104,20130324,1,20120413,20121105
0,20150620,20151017,1,20151013,20151119
0,20111215,20160205,1,20110521,20111216
0,-1,20110623,6,0,0
0,20140404,20140602,1,20140602,20150330
0,20151115,20151118,1,20120508,20160125
0,-1,20110125,6,6,6
0,-1,20110618,6,6,6
0,-1,20110804,6,6,6
0,20141031,20160527,1,20140424,20141103
0,-1,20110804,6,6,6
0,-1,20110327,6,6,6
0,20160522,20160617,1,20150403,20160522
0,20141102,20160301,1,20120713,20141113
0,-1,20110429,6,6,6
0,20160606,20160611,1,20150824,20160922
0,20130316,20140629,1,20140629,20160912
0,-1,20110801,6,6,6
0,20111013,20121014,1,20120811,20120812
0,20110425,20160316,1,20150102,20150103
0,20151003,20151004,1,20110802,20160615
0,20110926,20150311,1,20150307,20161006
0,-1,20110821,6,0,0
0,20150911,20150912,1,20130420,20160220
0,20151202,20151206,1,20130705,20160416
0,-1,20110126,6,6,6
0,20160616,20160618,1,20150303,20160919
0,20160604,20160610,1,20151206,20160825
0,20110430,20110509,1,20110309,20111019
0,-1,20110425,6,6,6
0,-1,20110109,6,6,6
0,-1,20110725,6,0,0
0,-1,20110626,6,6,6
0,-1,20110912,6,0,0
0,-1,20110302,6,6,6
0,20150403,20150406,1,20131006,20150930
0,-1,20110401,6,6,6
0,-1,20110318,6,6,6
0,-1,20110131,6,6,6
0,20160614,20160618,1,20150527,20160909
0,-1,20110528,6,0,0
0,20160609,20160612,1,20150902,20160908
0,-1,20110802,6,0,0
0,-1,20110329,6,6,6
0,20160608,20160612,1,20130904,20160701
0,20160506,20160508,1,20160114,20160928
0,20140908,20140910,1,20130706,20141023
0,20120303,20150313,1,20150225,20150225
0,-1,20110228,6,6,6
0,-1,20110803,6,6,6
0,-1,20110527,6,6,6
7,-1,101,8,76,3467
7,-1,197,8,89,8542
0,-1,20110408,6,6,6
0,20150819,20151110,1,20151108,20160115
0,20150207,20150208,1,20141005,20160523
0,-1,20111003,6,0,0
7,-1,243,8,70,5995
0,20140311,20160228,1,20110317,20140312
0,20160101,20160307,1,20140503,20160102
7,-1,121,8,82,1732
0,-1,20111009,6,0,0
0,-1,20110121,6,6,6
0,-1,20110801,6,6,6
7,-1,55,8,90,8136
0,-1,20110624,6,6,6
0,-1,20110611,6,6,6
0,20110911,20160420,1,20151014,20151016
0,-1,20110508,6,6,6
0,-1,20110108,6,6,6
0,20140906,20141207,1,20141127,20160122
0,20151101,20151103,1,20130909,20160407
0,-1,20110211,6,6,6
0,-1,20110114,6,6,6
0,20150714,20150722,1,20120201,20150815
0,-1,20110721,6,6,6
0,20160610,20160613,1,20110610,20161010
0,-1,20110706,6,0,0
0,20110130,20110831,1,20110820,20160307
0,-1,20110223,6,6,6
0,20130611,20130614,1,20130303,20150503
0,-1,20110703,6,6,6
0,20131112,20131112,1,20111117,20141228
0,20160112,20160114,1,20140214,20160407
7,-1,128,8,74,5021
0,-1,20110531,6,6,6
0,20160615,20160616,1,20160523,20160924
0,20110110,20141015,1,20141014,20160518
0,-1,20110212,6,6,6
7,-1,99,8,80,2266
0,20111106,20141214,1,20140705,20140709
0,-1,20110902,6,0,0
0,-1,20111002,6,0,0
0,20150707,20151025,1,20151023,20151201
7,-1,170,8,83,9457
0,20120122,20130219,1,20120707,20120709
0,20160609,20160612,1,20110905,20160711
0,-1,20110821,6,0,0
0,20110530,20160314,1,20110210,20110609
0,-1,20110522,6,6,6
0,20160612,20160614,1,20160327,20160731
0,20141013,20151128,1,20150808,20150808
0,20160611,20160613,1,20140130,20160723
7,-1,107,8,88,4738
0,-1,20110728,6,6,6
0,20141120,20150904,1,20150904,20160714
0,20150427,20160325,1,20150602,20150603
0,20160607,20160611,1,20160101,20161029
0,-1,20110603,6,6,6
7,-1,214,8,69,694
0,-1,20110827,6,0,0
0,-1,20110224,6,6,6
0,-1,20110702,6,6,6
0,-1,20110613,6,6,6
7,-1,286,8,84,2356
0,-1,20111008,6,0,0
0,-1,20111006,6,0,0
0,20140414,20160327,1,20151113,20151114
0,20151113,20160209,1,20151030,20151116
0,20140121,20150824,1,20150814,20160918
0,20140710,20140718,1,20110709,20160521
0,-1,20110706,6,0,0
0,20160530,20160618,1,20160612,20161008
0,20150213,20160105,1,20130226,20150216
0,20151127,20151128,1,20140628,20160527
0,20130720,20160320,1,20160316,20160904
7,-1,92,8,85,5712
0,20140214,20140526,1,20140513,20151120
0,-1,20110815,6,0,0
0,-1,20110515,6,6,6
0,-1,20111001,6,0,0
0,-1,20110816,6,0,0
0,-1,20110823,6,0,0
0,-1,20110702,6,0,0
0,-1,20110729,6,6,6
0,-1,20110910,6,0,0
7,-1,156,8,74,8954
0,-1,20110223,6,6,6
0,20150326,20151004,1,20151003,20151119
0,20160613,20160615,1,20140222,20160624
0,20141029,20151015,1,20140526,20141029
0,-1,20110831,6,0,0
7,-1,214,8,81,7291
0,20140520,20141113,1,20141109,20160608
0,-1,20110228,6,6,6
0,20160405,20160407,1,20151006,20160724
0,-1,20110208,6,6,6
7,-1,228,8,77,7998
0,-1,20110209,6,6,6
0,20130420,20150906,1,20140415,20140418
0,-1,20110313,6,6,6
0,20130614,20130615,1,20130501,20150101
0,-1,20110908,6,0,0
0,-1,20111009,6,0,0
0,-1,20110310,6,6,6
0,20131219,20151124,1,20151123,20160328
0,20160312,20160415,1,20160402,20160404
0,-1,20110622,6,6,6
7,-1,148,8,75,2463
0,20120615,20130717,1,20130709,20130824
0,-1,20110729,6,6,6
0,20160615,20160618,1,20151103,20160916
0,20110928,20141030,1,20111213,20111213
0,-1,20110126,6,6,6
7,-1,90,8,85,3224
0,20130110,20150525,1,20140122,20140126
0,20160331,20160402,1,20140519,20160916
0,-1,20110424,6,6,6
0,-1,20110402,6,6,6
7,-1,276,8,77,8663
0,20150117,20160402,1,20140222,20150119
0,20160429,20160429,1,20131223,20160922
0,20160412,20160531,1,20151029,20160417
0,-1,20110415,6,6,6
0,20110409,20110810,1,20110809,20141025
0,20150101,20151204,1,20130701,20150101
0,20160315,20160316,1,20120425,20160704
0,-1,20110209,6,6,6
0,-1,20111006,6,0,0
0,20141217,20141217,1,20130930,20150421
0,-1,20110426,6,6,6
0,20160313,20160316,1,20150708,20160827
7,-1,41,8,76,5783
0,-1,20110113,6,6,6
0,20151017,20151019,1,20150531,20160703
0,20160424,20160426,1,20121212,20160909
0,-1,20110624,6,0,0
0,20160517,20160520,1,20120209,20161017
0,-1,20110210,6,6,6
0,20140828,20150628,1,20150621,20150706
0,20140529,20160130,1,20160128,20160518
7,-1,209,8,69,7692
0,-1,20110623,6,6,6
7,-1,146,8,73,9904
0,20160311,20160407,1,20160405,20160603
0,-1,20110430,6,6,6
0,-1,20110411,6,6,6
0,-1,20110422,6,6,6
0,-1,20110212,6,6,6
0,20120202,20160523,1,20160522,20161002
0,20150908,20151228,1,20151225,20160607
0,-1,20110525,6,6,6
7,-1,213,8,70,1320
0,20130526,20141110,1,20141102,20160529
0,-1,20110525,6,0,0
0,20141004,20160531,1,20130709,20141006
0,-1,20110803,6,0,0
0,20141121,20151228,1,20120902,20141121
0,-1,20111012,6,0,0
0,-1,20110904,6,0,0
0,-1,20110605,6,0,0
0,20150105,20150106,1,20130928,20151118
7,-1,254,8,79,4086
0,20130327,20150803,1,20120526,20130331
0,20160525,20160612,1,20160606,20160821
0,20141129,20160404,1,20140408,20141203
0,-1,20111020,6,0,0
0,-1,20110809,6,0,0
0,-1,20110628,6,0,0
7,-1,201,8,73,2348
0,20120117,20150927,1,20150716,20150725
0,20160526,20160526,1,20151213,20160722
0,-1,20110522,6,0,0
0,-1,20110527,6,6,6
0,-1,20110424,6,6,6
7,-1,282,8,72,9464
7,-1,34,8,66,1940
0,20160414,20160416,1,20150604,20160507
0,-1,20110208,6,6,6
0,-1,20110614,6,6,6
0,-1,20110212,6,6,6
0,20160502,20160503,1,20121201,20160705
7,-1,294,8,78,6733
0,-1,20110427,6,6,6
0,-1,20110731,6,6,6
0,-1,20110609,6,0,0
7,-1,11,8,58,4325
0,-1,20110421,6,6,6
7,-1,239,8,89,1797
0,-1,20110130,6,6,6
0,-1,20110808,6,0,0
0,-1,20110502,6,6,6
7,-1,104,8,77,7058
0,20150409,20150421,1,20130818,20150517
7,-1,69,8,72,1449
0,20160614,20160616,1,20110430,20160918
0,-1,20110511,6,6,6
7,-1,33,8,78,3849
0,-1,20110701,6,0,0
0,-1,20110723,6,0,0
7,-1,223,8,72,359
7,-1,184,8,70,7599
0,-1,20110220,6,6,6
0,20140815,20160211,1,20111012,20140815
7,-1,84,8,79,5405
0,20130828,20130829,1,20121202,20151018
0,20130106,20130111,1,20111023,20140207
0,20160406,20160409,1,20150521,20160721
0,20160110,20160115,1,20130313,20160605
0,-1,20110220,6,6,6
