2,7,86,3,66,76
0,20160109,20160114,1,20150616,20160617
2,10,79,3,74,78
2,32,68,3,72,74
2,5,62,3,70,89
2,12,63,3,14,76
0,20120605,20150531,1,20150320,20150321
2,21,75,3,73,87
2,13,82,3,47,90
2,32,73,3,73,84
2,18,62,3,65,75
2,37,80,3,72,79
2,3,60,3,47,79
0,-1,20110924,6,0,0
2,40,77,3,55,86
2,29,65,3,60,90
2,6,45,3,59,79
2,35,52,3,41,79
2,2,56,3,18,75
2,20,42,3,74,80
2,10,57,3,70,77
2,8,74,3,53,90
2,36,56,3,19,78
2,2,82,3,57,88
2,38,71,3,67,89
2,39,62,3,46,82
2,36,44,3,69,90
2,29,84,3,45,88
2,35,69,3,54,79
2,21,56,3,29,76
2,36,86,3,56,74
2,33,49,3,60,79
2,17,79,3,62,88
0,20131111,20160505,1,20160409,20160415
2,2,77,3,62,88
2,24,47,3,64,76
2,20,45,3,53,87
2,5,52,3,68,88
2,37,63,3,37,80
2,22,55,3,64,90
2,23,83,3,74,87
2,28,64,3,68,74
0,20130209,20150929,1,20130910,20130911
2,24,68,3,31,77
2,15,56,3,48,74
2,22,57,3,66,75
2,37,63,3,26,90
0,-1,20110328,6,6,6
2,2,90,3,71,77
2,17,51,3,31,81
0,20120501,20150101,1,20150101,20151211
2,36,83,3,52,84
2,38,85,3,63,86
0,20160604,20160606,1,20160302,20160819
2,20,85,3,62,81
2,18,45,3,67,84
2,40,84,3,65,78
2,2,43,3,12,81
7,-1,202,8,89,6129
2,21,75,3,59,89
2,4,88,3,72,75
2,19,72,3,74,82
2,21,83,3,71,74
2,27,54,3,66,74
0,-1,20110816,6,0,0
2,12,72,3,15,74
2,39,42,3,43,85
2,27,65,3,25,74
2,11,84,3,55,81
0,20140218,20151221,1,20120330,20140219
2,34,41,3,51,84
2,1,69,3,68,78
2,7,52,3,73,84
0,20140121,20160614,1,20120403,20140126
2,27,55,3,66,75
2,18,41,3,55,78
2,40,88,3,64,84
0,-1,20110910,6,0,0
2,7,59,3,50,89
2,6,62,3,17,78
2,29,72,3,17,90
2,28,90,3,43,81
0,-1,20110607,6,6,6
2,16,65,3,17,76
2,17,41,3,72,84
0,-1,20110513,6,6,6
0,20110507,20150921,1,20150915,20160903
0,-1,20110709,6,0,0
2,34,52,3,6,77
2,14,45,3,54,76
2,16,64,3,62,87
0,-1,20110115,6,6,6
2,11,86,3,47,76
0,-1,20110927,6,0,0
2,9,56,3,16,84
2,0,57,3,53,84
0,20130415,20130417,1,20120915,20141021
2,12,57,3,57,90
2,32,89,3,65,74
2,15,84,3,69,90
2,0,63,3,48,80
2,3,65,3,58,86
2,20,89,3,50,87
2,31,73,3,46,89
2,21,42,3,72,81
2,38,75,3,60,89
2,25,65,3,23,79
2,34,65,3,63,80
2,8,48,3,61,84
2,26,90,3,61,75
2,3,61,3,55,86
2,14,44,3,57,78
2,36,46,3,43,83
2,12,55,3,73,86
2,34,66,3,69,88
2,33,49,3,25,88
2,33,83,3,51,77
2,40,60,3,67,75
2,32,49,3,60,77
2,6,46,3,33,84
0,20141128,20141209,1,20120703,20160410
2,8,43,3,57,87
2,28,64,3,10,77
2,13,64,3,59,85
2,15,60,3,74,90
2,2,51,3,52,76
2,14,46,3,23,84
0,20140616,20140706,1,20131217,20140622
2,4,63,3,41,88
0,20131111,20140626,1,20140626,20150309
0,-1,20110208,6,6,6
2,18,64,3,69,89
2,21,69,3,18,85
2,26,56,3,57,89
0,20140506,20141226,1,20110622,20140507
2,28,83,3,46,77
2,34,51,3,32,83
2,20,63,3,14,83
0,20130712,20130717,1,20120128,20140314
7,-1,192,8,82,1881
2,17,66,3,59,81
0,20110122,20141105,1,20141102,20160209
2,27,75,3,51,80
0,20130406,20150426,1,20111112,20130408
2,32,53,3,63,78
2,16,49,3,2,84
0,-1,20110703,6,0,0
2,34,62,3,30,75
0,20160613,20160618,1,20160603,20160916
2,37,44,3,49,87
2,17,72,3,43,82
2,4,85,3,71,88
2,11,55,3,44,81
2,13,67,3,56,76
2,18,66,3,41,74
0,20150424,20150909,1,20141129,20150429
2,38,87,3,74,77
0,20160325,20160326,1,20130205,20160613
2,40,50,3,20,82
2,13,80,3,64,81
2,5,62,3,0,74
2,20,81,3,69,84
0,-1,20110107,6,6,6
0,20120722,20150210,1,20150207,20160101
2,17,55,3,65,75
2,29,42,3,56,86
2,37,89,3,69,88
2,5,62,3,63,86
2,33,68,3,64,85
2,38,51,3,38,78
2,34,78,3,48,78
2,12,77,3,70,79
0,-1,20110305,6,6,6
2,20,49,3,9,88
2,39,57,3,73,86
0,20130702,20150102,1,20140707,20140716
2,1,45,3,41,87
2,7,68,3,61,89
2,29,69,3,47,74
2,15,75,3,60,89
2,9,70,3,73,77
2,29,71,3,74,78
2,38,64,3,62,75
2,3,47,3,74,78
2,25,74,3,68,82
2,36,41,3,63,81
2,36,49,3,37,74
2,22,83,3,58,86
2,15,71,3,50,85
0,20120722,20150511,1,20150511,20160728
2,38,70,3,36,85
2,1,67,3,59,81
2,33,65,3,60,74
2,16,61,3,27,88
2,29,47,3,17,74
2,20,66,3,50,82
2,34,85,3,72,83
2,10,82,3,55,75
0,20150912,20160512,1,20160403,20160406
0,20151228,20151231,1,20150602,20160216
2,28,63,3,64,82
2,23,82,3,48,85
2,4,64,3,31,77
2,7,80,3,52,80
2,18,66,3,37,89
2,8,46,3,19,87
0,20141117,20160408,1,20121119,20141118
2,10,58,3,64,80
0,20140603,20150308,1,20121130,20140603
2,9,53,3,44,78
2,40,70,3,46,87
0,20160308,20160317,1,20151113,20160311
2,34,48,3,63,79
2,27,65,3,68,77
2,14,75,3,74,81
2,29,71,3,69,77
2,10,89,3,47,80
2,36,49,3,40,78
7,-1,129,8,90,8513
2,34,71,3,25,77
2,10,65,3,72,82
2,18,56,3,16,76
2,18,52,3,32,90
0,20160106,20160421,1,20160420,20160703
2,30,76,3,65,77
2,16,76,3,52,90
0,-1,20110119,6,6,6
2,8,53,3,46,79
2,29,65,3,69,89
2,21,50,3,61,88
2,10,51,3,63,74
2,27,42,3,49,88
2,20,42,3,5,81
0,20151012,20160206,1,20160204,20160922
2,35,55,3,12,86
2,9,49,3,62,77
2,17,59,3,31,75
0,-1,20110109,6,6,6
2,17,58,3,51,90
2,12,59,3,72,84
2,30,74,3,59,78
2,30,58,3,64,78
0,20150228,20150701,1,20150428,20150429
7,-1,259,8,80,1261
2,38,44,3,0,76
2,27,89,3,74,77
0,20150828,20150830,1,20140310,20160708
2,35,62,3,39,84
2,3,43,3,33,90
2,9,41,3,73,88
2,38,62,3,50,78
2,5,56,3,47,82
2,21,57,3,61,87
0,-1,20110614,6,6,6
2,5,86,3,43,85
2,2,42,3,69,77
2,32,81,3,52,79
2,35,41,3,72,80
2,31,79,3,53,90
2,33,90,3,70,81
2,37,76,3,59,77
2,9,85,3,65,81
2,1,78,3,53,80
2,29,59,3,45,75
2,10,57,3,58,74
2,16,66,3,45,79
2,39,58,3,2,83
0,-1,20110630,6,0,0
2,16,84,3,71,88
2,21,43,3,48,83
2,8,76,3,69,88
2,29,68,3,14,81
2,4,88,3,59,76
2,22,72,3,61,74
2,8,76,3,49,86
2,20,59,3,1,85
2,6,69,3,66,74
0,-1,20110822,6,0,0
2,37,63,3,12,90
2,33,61,3,44,74
2,36,84,3,64,84
2,40,53,3,44,88
2,4,63,3,61,84
2,38,59,3,74,81
2,38,75,3,48,85
0,20111212,20130204,1,20111217,20111217
2,36,80,3,69,77
2,39,57,3,64,90
2,12,57,3,64,85
2,2,44,3,1,75
2,19,55,3,4,86
0,-1,20110601,6,0,0
2,9,44,3,20,81
0,-1,20110924,6,0,0
2,18,64,3,49,78
2,39,62,3,51,87
2,37,54,3,5,90
2,35,51,3,43,85
2,25,68,3,67,76
2,25,58,3,5,79
2,20,75,3,60,88
2,13,42,3,56,75
2,27,48,3,62,77
2,21,79,3,60,78
0,-1,20111003,6,0,0
2,37,59,3,57,82
2,27,41,3,18,90
2,8,63,3,21,82
0,-1,20110317,6,6,6
0,-1,20110703,6,0,0
0,20150302,20151019,1,20150918,20150929
0,20151121,20151127,1,20130616,20151121
0,-1,20110316,6,6,6
0,20160517,20160520,1,20141231,20160818
0,20141205,20141211,1,20140218,20160103
0,20141203,20160217,1,20120608,20141211
0,-1,20110503,6,6,6
7,-1,163,8,83,6932
0,20150718,20151023,1,20151022,20151127
0,20160301,20160302,1,20150325,20160625
0,20150714,20151027,1,20150208,20150718
0,-1,20110707,6,6,6
0,20150528,20150530,1,20110625,20150903
0,-1,20110722,6,6,6
0,20160616,20160617,1,20120715,20160707
0,-1,20110317,6,6,6
0,20151101,20160213,1,20120809,20151103
0,20130518,20140207,1,20130604,20130607
7,-1,94,8,72,7014
0,20130722,20160114,1,20151110,20151114
0,-1,20110802,6,6,6
0,20110721,20160515,1,20160513,20160926
0,20131231,20141215,1,20141215,20150419
0,20130526,20140329,1,20140326,20141104
0,20140205,20151213,1,20151212,20161015
0,-1,20110710,6,6,6
0,20140301,20141111,1,20120211,20140303
0,20150326,20160306,1,20150618,20150626
0,-1,20110804,6,0,0
0,20120314,20140527,1,20140516,20160320
0,20121231,20151225,1,20121130,20130101
0,20110811,20120303,1,20120223,20140519
0,20120807,20151219,1,20110131,20120808
0,20130617,20130619,1,20110308,20150817
0,20160104,20160112,1,20151126,20160212
0,-1,20110607,6,0,0
7,-1,15,8,68,9279
0,20111130,20120703,1,20120701,20140921
0,-1,20110605,6,6,6
0,-1,20110610,6,0,0
0,20160108,20160115,1,20110308,20160807
0,-1,20110813,6,0,0
0,20111019,20130226,1,20121024,20121102
0,-1,20110727,6,6,6
0,-1,20110716,6,6,6
0,20120707,20130611,1,20130607,20130901
0,20160515,20160519,1,20140806,20160907
0,-1,20111012,6,0,0
0,20151129,20151130,1,20140108,20160303
0,20151201,20160308,1,20160306,20160527
0,20160612,20160616,1,20151217,20160910
0,20151121,20160415,1,20160409,20160414
0,20160309,20160311,1,20111215,20160429
0,-1,20110623,6,6,6
0,20160603,20160604,1,20130820,20161014
0,-1,20110622,6,0,0
0,20140626,20150529,1,20150524,20151126
0,-1,20111017,6,0,0
0,-1,20110801,6,0,0
0,-1,20110104,6,6,6
0,20160609,20160615,1,20150602,20161023
0,-1,20111007,6,0,0
0,-1,20110430,6,6,6
0,-1,20110530,6,6,6
0,-1,20110314,6,6,6
7,-1,186,8,75,3640
0,20160511,20160515,1,20130924,20160929
0,-1,20110225,6,6,6
0,20160327,20160329,1,20150315,20161031
0,-1,20110524,6,0,0
0,20160303,20160422,1,20160419,20161007
0,-1,20110801,6,6,6
0,20151212,20160523,1,20110707,20151213
0,20160314,20160317,1,20141112,20161029
0,-1,20110524,6,6,6
0,20131126,20150623,1,20120615,20131201
0,-1,20110911,6,0,0
0,-1,20110730,6,0,0
7,-1,68,8,82,7418
7,-1,196,8,73,915
0,20130216,20150730,1,20150727,20150925
7,-1,294,8,78,3359
0,20160215,20160221,1,20141016,20160925
0,20130831,20150215,1,20150213,20160329
0,-1,20111010,6,0,0
0,20160303,20160304,1,20110905,20160308
0,-1,20110725,6,6,6
0,20130711,20140419,1,20130208,20130724
0,20120412,20120517,1,20120513,20160719
0,20151029,20151030,1,20150418,20160613
0,20110627,20110707,1,20110329,20150428
0,-1,20110706,6,6,6
0,20160615,20160617,1,20130827,20160714
0,-1,20110804,6,0,0
0,20121220,20121223,1,20120730,20160508
0,20141124,20150923,1,20150412,20150422
0,20140608,20151011,1,20151010,20160621
0,20160511,20160607,1,20160605,20160930
0,-1,20110328,6,6,6
0,20150107,20160309,1,20160308,20160422
0,20120620,20131025,1,20131023,20160525
0,-1,20110111,6,6,6
0,-1,20110820,6,0,0
0,20131117,20140224,1,20140224,20141219
0,-1,20110802,6,0,0
0,20141129,20160228,1,20160226,20160312
0,-1,20110801,6,0,0
0,20160305,20160306,1,20131115,20160311
0,20160616,20160618,1,20130822,20160929
0,20150206,20151123,1,20150411,20150414
0,20141209,20151212,1,20151209,20160826
0,20160604,20160606,1,20151212,20160930
0,20160531,20160603,1,20151225,20160810
0,20131001,20150913,1,20130802,20131002
0,-1,20110420,6,6,6
7,-1,119,8,68,7786
0,20150529,20150531,1,20110619,20160515
0,20141010,20141231,1,20141226,20160704
0,20140228,20140302,1,20131202,20140417
0,-1,20111002,6,0,0
0,20140127,20150205,1,20150204,20160210
0,20130420,20130421,1,20130401,20160606
0,-1,20110406,6,6,6
0,20150912,20151214,1,20151211,20160407
0,20160519,20160604,1,20160601,20160929
0,-1,20110510,6,6,6
0,-1,20110710,6,6,6
0,20130305,20140705,1,20140704,20160402
0,-1,20110906,6,0,0
0,-1,20111005,6,0,0
0,20151016,20151020,1,20150119,20160614
0,20140919,20151222,1,20130406,20140919
0,20141102,20150717,1,20140415,20141111
0,20150516,20160412,1,20150727,20150729
0,20151116,20160209,1,20140906,20151117
0,20160402,20160522,1,20150819,20160404
0,20160507,20160511,1,20151226,20160615
0,-1,20110527,6,6,6
0,20140802,20150812,1,20140630,20140810
0,20140704,20150308,1,20150306,20160629
0,20160611,20160613,1,20160606,20160802
0,-1,20110603,6,0,0
0,-1,20110708,6,0,0
0,20160406,20160618,1,20160616,20160626
0,20140504,20140505,1,20111123,20151025
0,-1,20110115,6,6,6
0,-1,20110629,6,6,6
0,20160613,20160617,1,20140908,20161011
0,20160220,20160223,1,20130326,20160717
0,20130507,20151026,1,20141020,20141021
0,20140224,20140225,1,20130114,20150328
0,20130629,20150127,1,20141129,20141207
0,-1,20110418,6,6,6
0,20150915,20160413,1,20131214,20150921
0,-1,20111008,6,0,0
0,20160509,20160516,1,20160407,20160624
0,20160214,20160222,1,20140404,20160830
0,-1,20110509,6,6,6
0,-1,20110610,6,0,0
0,-1,20110226,6,6,6
0,-1,20110310,6,6,6
0,-1,20110602,6,6,6
0,-1,20110919,6,0,0
0,20130910,20160322,1,20120906,20130912
0,-1,20110228,6,6,6
0,20160615,20160616,1,20130803,20160929
0,20130130,20151129,1,20110516,20130130
0,20121201,20160128,1,20151225,20151228
0,20120411,20140307,1,20130903,20130903
0,-1,20110625,6,0,0
0,-1,20110216,6,6,6
0,-1,20110115,6,6,6
0,20141128,20160323,1,20160320,20160713
0,-1,20110412,6,6,6
0,-1,20110605,6,0,0
0,-1,20110729,6,0,0
0,-1,20110212,6,6,6
0,20130301,20130306,1,20111026,20140204
0,-1,20110426,6,6,6
0,-1,20110329,6,6,6
0,-1,20110801,6,6,6
0,20160513,20160516,1,20151227,20160528
0,-1,20110205,6,6,6
0,20140703,20141029,1,20130626,20140705
0,20150423,20150722,1,20150716,20160325
0,-1,20110420,6,6,6
0,20160414,20160417,1,20140119,20160829
0,-1,20110405,6,6,6
0,20121130,20150210,1,20140516,20140517
0,-1,20110330,6,6,6
0,-1,20110429,6,6,6
0,20150813,20160516,1,20120704,20150817
0,-1,20110405,6,6,6
0,20110221,20120726,1,20120722,20130116
0,20150916,20150926,1,20140726,20160628
0,-1,20110427,6,6,6
0,20140628,20150525,1,20131222,20140628
0,20111210,20150827,1,20150816,20160725
0,-1,20110731,6,6,6
0,-1,20110808,6,0,0
0,-1,20110625,6,6,6
0,-1,20110812,6,0,0
0,-1,20110707,6,6,6
0,20160606,20160609,1,20150223,20160715
0,20160502,20160602,1,20160601,20160606
0,20150811,20150815,1,20110718,20150813
0,-1,20110506,6,6,6
0,20130607,20130612,1,20110715,20151124
0,-1,20110711,6,0,0
0,-1,20110419,6,6,6
0,-1,20110304,6,6,6
0,-1,20110529,6,6,6
7,-1,248,8,78,1783
0,20130404,20130405,1,20111211,20160806
0,20120805,20140531,1,20130501,20130502
0,-1,20110118,6,6,6
0,-1,20110703,6,6,6
0,20131126,20131202,1,20111018,20150720
0,20160601,20160602,1,20140101,20160609
0,20160610,20160617,1,20160614,20160812
0,20131027,20131105,1,20131004,20150909
0,20160108,20160115,1,20110921,20160906
0,20130520,20140914,1,20140914,20160915
0,-1,20110128,6,6,6
0,20121125,20150605,1,20150604,20160406
0,-1,20110819,6,0,0
0,-1,20110712,6,0,0
0,-1,20110522,6,6,6
0,-1,20110812,6,0,0
0,-1,20110402,6,6,6
0,20160613,20160616,1,20160116,20161006
0,20111023,20130910,1,20110615,20111025
0,20110126,20160608,1,20160317,20160320
7,-1,1,8,54,3209
0,20160612,20160618,1,20160405,20160731
0,-1,20110515,6,6,6
7,-1,269,8,80,2667
0,-1,20110726,6,0,0
0,20160504,20160506,1,20130412,20160608
0,20140215,20150506,1,20131230,20140215
7,-1,74,8,70,107
0,-1,20110128,6,6,6
0,20140626,20140829,1,20111030,20140627
0,-1,20110508,6,6,6
0,20150424,20160324,1,20130607,20150429
7,-1,173,8,70,6356
0,-1,20110530,6,6,6
0,-1,20110202,6,6,6
0,-1,20110623,6,6,6
0,-1,20110502,6,6,6
0,20160328,20160329,1,20160203,20160810
0,-1,20110727,6,0,0
0,-1,20110430,6,6,6
0,-1,20110207,6,6,6
0,20130308,20131115,1,20120427,20130313
0,-1,20110125,6,6,6
0,20160613,20160617,1,20160324,20160713
0,20120208,20141129,1,20141127,20160624
0,20120708,20140917,1,20140917,20141029
7,-1,125,8,84,1552
0,20121027,20130613,1,20130609,20130809
0,20160507,20160509,1,20150305,20161020
0,-1,20110720,6,6,6
0,-1,20110921,6,0,0
0,-1,20110330,6,6,6
0,-1,20110912,6,0,0
0,-1,20110206,6,6,6
0,20131214,20150423,1,20150407,20150412
0,20110317,20140411,1,20110721,20110731
0,20130716,20151105,1,20140423,20140425
0,20141104,20150306,1,20150305,20151113
0,20160423,20160524,1,20131210,20160425
7,-1,201,8,74,4987
0,20160615,20160618,1,20150701,20160905
0,20160423,20160425,1,20131206,20160613
0,20160214,20160217,1,20151013,20161017
0,20150412,20150420,1,20120221,20150812
0,20150314,20151122,1,20151108,20151112
0,20150221,20160221,1,20160214,20160829
0,-1,20110209,6,6,6
0,-1,20110109,6,6,6
0,20160608,20160611,1,20120402,20160913
0,20120421,20141216,1,20141215,20151128
0,-1,20110727,6,0,0
0,20160527,20160530,1,20160115,20161016
7,-1,75,8,87,2876
0,20130917,20160410,1,20150128,20150129
0,20121004,20150823,1,20130616,20130618
0,20150911,20150912,1,20141025,20161101
0,-1,20110114,6,6,6
0,20150411,20150423,1,20120820,20160908
0,20130524,20160320,1,20160318,20160912
0,-1,20110521,6,0,0
0,-1,20110710,6,6,6
0,-1,20110903,6,0,0
0,-1,20111010,6,0,0
0,-1,20110927,6,0,0
0,-1,20110623,6,6,6
0,-1,20110909,6,0,0
0,20140511,20140515,1,20140309,20140729
0,20121006,20121008,1,20110911,20151221
0,20120328,20120421,1,20120414,20160122
7,-1,282,8,89,1263
0,-1,20110514,6,6,6
0,20160613,20160617,1,20140925,20160828
0,-1,20110701,6,6,6
0,-1,20110829,6,0,0
0,20160425,20160426,1,20131109,20160812
0,20140922,20160414,1,20130127,20140926
0,20140504,20160410,1,20150828,20150830
7,-1,68,8,78,1599
0,-1,20110627,6,0,0
0,20140319,20160225,1,20160205,20160206
0,20111206,20151016,1,20140501,20140502
0,20141214,20141215,1,20141125,20150216
0,-1,20110606,6,6,6
7,-1,175,8,82,342
0,20111114,20150321,1,20150319,20150515
0,20151202,20160502,1,20141025,20151206
7,-1,57,8,85,9630
0,20160603,20160605,1,20150309,20160814
0,-1,20110714,6,0,0
0,20141209,20150508,1,20120712,20141211
0,20130330,20130417,1,20130416,20160502
0,20160615,20160618,1,20150619,20160925
0,20120805,20150914,1,20111120,20120806
0,20150706,20150810,1,20131225,20150707
0,20151002,20160608,1,20160106,20160111
0,20120513,20120518,1,20110929,20151007
0,-1,20110427,6,6,6
0,-1,20110817,6,0,0
0,-1,20110711,6,6,6
0,20160217,20160224,1,20140128,20160712
0,20160614,20160617,1,20130626,20161003
0,-1,20110901,6,0,0
0,20160601,20160603,1,20160224,20160705
0,-1,20110219,6,6,6
0,20130422,20160326,1,20160215,20160224
7,-1,168,8,75,3760
0,20130904,20140125,1,20140122,20151010
0,20150428,20160519,1,20151108,20151112
0,-1,20110112,6,6,6
0,20111010,20150108,1,20150106,20160408
0,20160407,20160412,1,20160408,20160429
0,20151113,20151116,1,20150805,20160520
0,-1,20110123,6,6,6
7,-1,272,8,79,4649
0,20130907,20150217,1,20150214,20151122
0,-1,20110528,6,0,0
0,20160611,20160614,1,20160219,20160815
0,-1,20110705,6,0,0
0,-1,20110801,6,6,6
0,-1,20110715,6,6,6
0,-1,20110508,6,6,6
0,20111115,20151118,1,20131026,20131104
0,-1,20110905,6,0,0
0,-1,20110606,6,6,6
0,-1,20110206,6,6,6
0,20160611,20160614,1,20160602,20160810
0,20130709,20130712,1,20130319,20140527
0,-1,20110417,6,6,6
0,-1,20110322,6,6,6
0,20140422,20140424,1,20121021,20140616
0,20150627,20150629,1,20150114,20150806
0,20160605,20160606,1,20150916,20160714
0,20151214,20160314,1,20160311,20160511
0,-1,20110906,6,0,0
0,20150104,20151210,1,20140507,20150107
0,20160525,20160525,1,20160312,20160619
0,20140512,20150609,1,20150102,20150104
0,20160611,20160615,1,20140105,20160904
0,-1,20111010,6,0,0
0,20141124,20150429,1,20150421,20160922
0,20150914,20150917,1,20111211,20160124
0,20150226,20150227,1,20140301,20160225
0,-1,20110616,6,0,0
0,20130301,20130305,1,20111110,20140518
7,-1,258,8,69,6150
0,-1,20110827,6,0,0
0,-1,20110810,6,0,0
0,-1,20110928,6,0,0
0,20150715,20150727,1,20140802,20160101
0,-1,20110917,6,0,0
0,20140430,20140430,1,20110916,20160408
0,20160116,20160601,1,20141026,20160118
0,-1,20110706,6,6,6
0,20150211,20160614,1,20111117,20150213
0,20160507,20160511,1,20131113,20160630
0,-1,20110717,6,6,6
0,-1,20110723,6,0,0
0,-1,20110706,6,0,0
0,20130408,20131018,1,20131010,20151001
0,20110330,20130411,1,20130410,20150110
0,-1,20110831,6,0,0
0,20160612,20160615,1,20110126,20161011
0,-1,20110614,6,0,0
0,-1,20110715,6,0,0
0,-1,20110521,6,0,0
0,20130125,20131026,1,20131024,20140212
0,20120911,20121014,1,20121011,20160614
7,-1,143,8,77,6112
0,20130709,20130727,1,20121129,20150819
7,-1,57,8,80,2722
0,-1,20110723,6,6,6
0,-1,20110718,6,6,6
0,-1,20110325,6,6,6
0,-1,20110530,6,6,6
7,-1,166,8,73,433
0,-1,20110425,6,6,6
0,-1,20110522,6,0,0
0,-1,20110612,6,0,0
0,-1,20110611,6,0,0
0,-1,20110415,6,6,6
0,-1,20110126,6,6,6
0,-1,20110823,6,0,0
0,-1,20110905,6,0,0
0,-1,20110510,6,6,6
0,-1,20110719,6,0,0
0,-1,20110929,6,0,0
7,-1,106,8,74,8255
0,-1,20110920,6,0,0
0,-1,20110725,6,6,6
0,-1,20110828,6,0,0
0,-1,20110209,6,6,6
0,-1,20110227,6,6,6
0,-1,20110831,6,0,0
0,-1,20110411,6,6,6
0,-1,20110205,6,6,6
0,-1,20110403,6,6,6
0,-1,20110715,6,0,0
0,-1,20110719,6,6,6
0,-1,20110702,6,0,0
0,-1,20110306,6,6,6
0,-1,20110520,6,6,6
0,-1,20111019,6,0,0
7,-1,10,8,62,2147
7,-1,118,8,68,4596
0,-1,20110727,6,6,6
0,-1,20110131,6,6,6
0,-1,20110429,6,6,6
0,-1,20110814,6,0,0
0,-1,20110701,6,6,6
0,-1,20111006,6,0,0
7,-1,273,8,70,7556
7,-1,289,8,71,2190
0,-1,20110515,6,6,6
0,-1,20111015,6,0,0
0,-1,20110811,6,0,0
0,-1,20111013,6,0,0
0,-1,20110602,6,6,6
0,-1,20110222,6,6,6
0,-1,20110424,6,6,6
0,-1,20111004,6,0,0
0,-1,20110429,6,6,6
0,-1,20111018,6,0,0
0,-1,20110117,6,6,6
7,-1,107,8,76,7103
0,-1,20110519,6,6,6
7,-1,279,8,77,7294
0,-1,20110807,6,0,0
0,-1,20110111,6,6,6
0,-1,20110914,6,0,0
0,-1,20110408,6,6,6
0,-1,20111006,6,0,0
7,-1,237,8,74,5263
0,-1,20110609,6,0,0
0,-1,20110508,6,6,6
7,-1,115,8,70,5200
0,-1,20110820,6,0,0
0,-1,20110206,6,6,6
0,-1,20110326,6,6,6
0,-1,20110804,6,0,0
0,-1,20110922,6,0,0
0,-1,20110905,6,0,0
0,-1,20110425,6,6,6
0,-1,20110625,6,6,6
0,-1,20110208,6,6,6
0,-1,20110520,6,0,0
7,-1,152,8,68,6689
0,-1,20110825,6,0,0
7,-1,53,8,68,1512
7,-1,215,8,82,6865
7,-1,285,8,80,1910
7,-1,37,8,70,9530
7,-1,119,8,70,7753
7,-1,143,8,78,4156
7,-1,110,8,81,4162
7,-1,278,8,90,9802
7,-1,121,8,83,2866
7,-1,144,8,88,1480
7,-1,82,8,69,1204
7,-1,105,8,78,7462
7,-1,186,8,71,5415
7,-1,87,8,76,7780
7,-1,249,8,71,5509
7,-1,127,8,89,5834
7,-1,207,8,86,3331
7,-1,18,8,61,4338
7,-1,204,8,75,7669
7,-1,132,8,83,4164
7,-1,81,8,73,4772
7,-1,155,8,75,5416
7,-1,121,8,77,338
7,-1,227,8,74,7864
7,-1,290,8,83,5657
7,-1,161,8,77,3168
7,-1,195,8,86,5724
7,-1,175,8,78,5572
7,-1,78,8,77,8018
7,-1,53,8,67,9168
7,-1,203,8,78,8922
7,-1,175,8,73,1435
7,-1,259,8,82,9359
7,-1,43,8,81,1033
7,-1,158,8,88,838
7,-1,299,8,89,2684
7,-1,220,8,83,5316
7,-1,67,8,83,6692
7,-1,62,8,84,8686
7,-1,139,8,70,192
7,-1,204,8,70,6446
7,-1,297,8,90,2460
7,-1,292,8,85,7478
7,-1,184,8,81,406
7,-1,152,8,73,1574
7,-1,163,8,82,8396
7,-1,200,8,83,7207
7,-1,191,8,76,6158
7,-1,24,8,79,6687
7,-1,143,8,69,6867
7,-1,99,8,70,5788
7,-1,165,8,88,5368
7,-1,209,8,68,7467
7,-1,262,8,70,4732
7,-1,169,8,68,3388
7,-1,236,8,86,3425
7,-1,175,8,86,758
7,-1,177,8,71,1774
7,-1,281,8,77,6589
7,-1,267,8,84,3196
7,-1,242,8,83,9651
7,-1,201,8,75,802
7,-1,282,8,78,5853
7,-1,56,8,88,998
7,-1,166,8,79,8008
7,-1,277,8,72,962
7,-1,167,8,79,870
7,-1,85,8,77,9339
7,-1,267,8,78,264
7,-1,55,8,71,5984
7,-1,247,8,81,3903
7,-1,96,8,81,175
7,-1,60,8,81,5629
7,-1,132,8,73,8428
7,-1,175,8,70,4625
7,-1,171,8,81,504
7,-1,76,8,70,1112
7,-1,50,8,89,7496
7,-1,152,8,85,3759
7,-1,18,8,64,1354
7,-1,292,8,69,6352
7,-1,119,8,71,5746
7,-1,184,8,68,9855
7,-1,218,8,86,6393
7,-1,78,8,69,5733
7,-1,127,8,87,8132
7,-1,60,8,69,4861
7,-1,160,8,89,2067
7,-1,188,8,78,4096
7,-1,244,8,76,6061
7,-1,179,8,77,5738
7,-1,179,8,72,9140
7,-1,56,8,70,4251
7,-1,193,8,85,9621
7,-1,128,8,90,4440
7,-1,297,8,80,2293
7,-1,124,8,79,1805
7,-1,126,8,71,3234
7,-1,245,8,76,1895
7,-1,294,8,74,6863
7,-1,12,8,56,7622
7,-1,300,8,80,9299
7,-1,102,8,82,4518
7,-1,218,8,89,2657
7,-1,95,8,86,3051
7,-1,26,8,65,7520
7,-1,278,8,88,4043
7,-1,104,8,75,833
7,-1,276,8,86,2140
7,-1,201,8,72,5811
7,-1,206,8,76,1531
7,-1,40,8,81,5074
7,-1,76,8,86,9524
7,-1,172,8,72,3569
7,-1,228,8,90,1495
7,-1,35,8,78,4573
7,-1,56,8,83,5837
7,-1,217,8,69,7361
7,-1,160,8,82,3990
7,-1,232,8,90,8005
7,-1,126,8,76,3950
7,-1,273,8,84,7604
7,-1,192,8,68,7909
7,-1,233,8,71,5721
7,-1,285,8,79,3331
7,-1,192,8,66,128
7,-1,4,8,56,1237
7,-1,23,8,74,8917
7,-1,226,8,85,3008
7,-1,52,8,90,7326
7,-1,119,8,84,4589
7,-1,252,8,74,5685
7,-1,156,8,71,9944
7,-1,21,8,67,953
7,-1,169,8,75,9935
7,-1,150,8,72,1673
7,-1,286,8,69,625
7,-1,155,8,88,919
7,-1,57,8,87,1042
7,-1,153,8,88,694
7,-1,20,8,63,943
7,-1,57,8,71,6903
7,-1,52,8,89,2408
7,-1,283,8,70,5066
7,-1,195,8,86,8338
7,-1,119,8,76,6762
7,-1,210,8,84,9505
7,-1,252,8,76,9686
7,-1,286,8,83,7918
7,-1,188,8,74,451
7,-1,202,8,79,8378
7,-1,109,8,82,3683
7,-1,158,8,68,9459
7,-1,280,8,68,8901
7,-1,31,8,78,4511
7,-1,175,8,68,7071
7,-1,212,8,80,4086
7,-1,20,8,75,6822
7,-1,221,8,82,185
7,-1,263,8,80,5681
7,-1,231,8,80,3844
7,-1,111,8,83,874
7,-1,100,8,76,4574
7,-1,213,8,76,3421
7,-1,106,8,79,7066
7,-1,172,8,87,9811
7,-1,251,8,84,1046
7,-1,251,8,80,9972
7,-1,57,8,87,2524
7,-1,237,8,89,6493
7,-1,266,8,78,2631
7,-1,241,8,74,5437
7,-1,125,8,89,6902
7,-1,126,8,89,8109
7,-1,182,8,69,5998
7,-1,46,8,86,2962
7,-1,192,8,73,6317
7,-1,59,8,83,1607
7,-1,260,8,69,7525
7,-1,128,8,81,9929
7,-1,42,8,69,6922
7,-1,257,8,87,8022
7,-1,49,8,71,3509
7,-1,288,8,70,1326
7,-1,65,8,90,9607
7,-1,282,8,86,8814
7,-1,94,8,71,9021
7,-1,191,8,69,2542
7,-1,192,8,89,1373
7,-1,127,8,73,3780
7,-1,285,8,90,4912
7,-1,217,8,85,5348
7,-1,22,8,66,5693
7,-1,213,8,83,4098
7,-1,277,8,78,651
7,-1,178,8,82,4295
7,-1,286,8,75,5122
7,-1,190,8,75,4779
7,-1,169,8,85,9641
7,-1,130,8,71,4220
7,-1,145,8,77,3415
7,-1,66,8,88,441
7,-1,121,8,85,2553
7,-1,228,8,87,8957
7,-1,60,8,85,1423
7,-1,181,8,85,1353
7,-1,210,8,83,8197
7,-1,86,8,73,9451
7,-1,234,8,70,1423
7,-1,159,8,85,5959
