38,7760854,6,2,942782,955824,41,9182441,10,5,951543,971900,
36,3178704,4,8,944538,920800,37,3538034,9,8,962951,959326,
42,4680813,4,6,928599,965490,44,5792016,5,7,965810,976961,
14,6748010,2,2,952824,929376,48,7211749,9,8,970883,951060,
12,3080489,3,7,927089,956198,35,3182613,7,7,956162,968181,
15,9078014,8,2,964567,945575,46,9323040,8,6,971397,972515,
6,1633833,10,5,959529,958187,15,10287205,10,5,973393,960125,
22,7609838,4,0,936284,958406,41,10058223,8,2,951473,971442,
3,2687601,2,6,969378,960698,14,4978668,2,7,978250,974592,
35,8696323,4,3,959635,963163,46,8784050,7,3,978912,974512,
34,2935443,10,2,943777,922150,34,9773217,10,5,952691,943185,
48,6441012,1,8,942503,923795,48,6566815,9,8,970600,955297,
26,9119794,10,2,948591,965286,47,9224451,10,6,972659,977157,
46,5120679,8,1,968811,978991,46,9566158,8,6,979616,981026,
26,9326782,5,7,925636,950500,48,9677171,8,7,956125,980108,
38,8563879,2,7,948562,934901,46,8688859,3,7,958044,975900,
36,9245569,3,2,959762,950771,49,9554524,6,6,978066,956604,
25,1060456,10,8,964638,960458,40,4069057,10,8,976139,963234,
2,2221550,0,5,969810,972070,18,5018121,0,5,972508,980733,
15,2459187,10,0,951504,965545,20,4583413,10,0,967528,974777,
47,8399985,6,0,937168,965360,49,9633342,7,2,966634,974170,
44,8355528,10,8,940843,967315,47,8614304,10,8,971636,971902,
42,2808159,10,8,931029,939250,46,8009343,10,8,934725,967446,
46,6252577,9,3,943177,948063,46,6668385,9,4,956170,974691,
19,240477,0,0,949336,959581,19,3622289,1,2,958933,963466,
49,3487187,3,6,955022,964009,50,6641714,6,7,963983,972307,
9,6575985,1,3,945715,961542,42,6590413,1,7,975660,978124,
33,8857553,1,5,953621,970993,47,10463634,2,6,973512,975093,
49,477373,2,6,965970,959307,50,8423999,2,8,972513,961244,
49,8359349,0,1,920381,921277,49,9442727,5,4,924469,962665,
48,6443296,3,2,961692,953889,50,10281676,4,2,976395,969555,
40,2941990,4,0,935969,920756,40,3743085,10,2,975265,953533,
30,374577,2,3,928650,920651,42,3298663,4,8,962139,925439,
43,6490557,2,6,930658,944156,46,6788521,9,7,943537,969051,
48,7351219,2,6,958951,955976,49,9516954,9,8,960196,960110,
35,3385250,6,1,960125,938546,46,6674341,6,1,978923,956511,
47,9486421,3,3,928860,958373,48,9614238,9,3,979854,961740,
29,2534982,6,2,954871,924305,35,3498613,6,5,977794,957192,
48,5338705,3,7,951434,945622,50,6686661,5,8,973280,954630,
32,958854,7,2,979166,967536,32,5542348,7,5,980838,974941,
46,2008997,0,7,956558,967573,46,5994508,9,8,968259,971400,
11,4650160,3,7,953190,925848,33,4798941,10,7,972109,959038,
44,8726994,2,2,923986,933826,44,8942095,5,2,961069,980899,
35,8436347,10,2,959757,944844,43,9634347,10,5,965534,960613,
31,6197068,10,1,970056,950150,38,9097230,10,3,974257,965378,
47,4944908,5,5,977784,979777,48,7130029,6,7,980218,980142,
48,7886572,2,5,953780,979727,48,10001492,5,8,975319,980629,
15,8257510,6,1,939355,927075,47,9361088,6,6,977517,939278,
48,6060649,5,7,953866,953750,50,6485288,5,7,977403,963862,
41,9815604,6,6,946230,934321,49,10379259,7,7,965293,965690,
6,993372,7,1,938479,929711,33,1099477,7,5,961177,939710,
13,1599460,6,8,949239,970222,32,10229418,7,8,966476,976494,
45,9199427,1,3,932149,927565,50,9211015,4,7,943470,956640,
24,7922514,10,6,938033,958156,41,9509138,10,7,963512,972339,
20,8741560,9,1,938613,926725,49,9202716,10,6,977682,939300,
26,6404013,8,5,966497,923263,35,8332473,10,8,980436,964584,
45,4842855,9,4,949709,956305,46,5124727,9,5,962255,977128,
42,3305620,6,8,968889,960331,45,8315990,9,8,979958,961136,
48,8374706,3,0,959316,948308,49,9805724,8,0,965745,955134,
40,7580510,1,8,965942,931394,46,9979959,2,8,972475,966817,
31,6866891,4,2,924622,964987,38,9612729,8,3,965326,976770,
6,8147083,4,1,967315,942997,42,9677777,9,3,978784,970204,
17,8398005,1,5,972744,956145,44,10371001,6,8,981092,979032,
41,7679812,9,7,969386,935980,48,9753643,10,7,979855,965076,
1,7896344,10,1,952172,947386,41,10443720,10,1,977236,977143,
46,7999608,9,5,980047,977818,48,10253898,9,5,980397,980837,
8,7032736,9,0,936304,925112,35,7112035,10,5,960252,945294,
18,3693126,2,4,948260,955175,18,7192035,8,8,961971,974700,
44,6438559,4,1,946226,953542,44,8525792,5,6,959467,970475,
17,5205374,5,5,978060,965423,33,7408041,5,6,980708,978152,
49,2796987,1,7,936409,942768,50,6509974,6,7,947390,968230,
42,8480693,5,2,931885,965762,45,10067912,7,7,964577,973456,
36,5648463,6,2,939815,942840,36,7397361,7,6,950009,950190,
21,8774824,7,1,965947,954089,47,9234641,10,4,972173,967489,
33,8163414,7,7,928941,937857,41,9313128,8,7,954402,966524,
9,4392762,1,7,927850,938133,22,10319058,3,7,952880,952457,
49,4859260,1,5,936900,959576,50,6960719,2,6,955917,975482,
40,2336540,0,6,932633,968593,40,7721054,5,6,962823,980508,
47,6022802,3,2,932704,944565,49,10008212,3,3,945807,969845,
48,9912555,1,2,929505,954490,49,10468478,3,6,967624,967455,
42,7398135,4,8,945794,921091,44,10444091,9,8,962956,949096,
38,5296710,2,8,920134,957931,41,6449711,4,8,954269,971176,
48,2842083,8,5,932023,944383,50,7266129,8,7,948542,962472,
39,2754762,9,7,933925,956735,48,5254898,10,7,954864,979824,
44,4128571,1,0,938978,930491,44,10139832,4,0,947574,933820,
15,6313190,9,1,941916,970380,32,7757535,10,3,978935,978267,
40,9980870,10,0,965311,952430,50,10408230,10,5,975643,975435,
12,2370656,4,8,941982,960049,17,2714103,6,8,956021,969437,
40,5830608,7,7,920104,935088,42,5883332,9,8,953558,946312,
31,7237478,2,6,962335,949741,43,7587488,9,6,972800,964366,
9,2694875,9,4,980272,949201,33,4710420,10,7,980903,973905,
42,2208155,9,1,972630,960232,42,7154548,9,7,980196,973904,
27,8990165,3,5,929814,946003,46,9631685,4,5,979403,956645,
34,8411479,10,5,933855,963358,44,9851884,10,5,975128,971398,
37,7126676,3,1,950019,932553,47,9303554,3,1,950252,945581,
32,7798328,3,2,928092,967741,44,8375945,3,8,963979,972089,
18,5738215,2,2,971021,980300,48,7869462,7,4,973333,980946,
44,6562496,3,5,932760,920536,46,6633513,4,6,970662,947994,
21,8484179,6,0,920779,969844,43,8764228,6,2,976630,979107,
46,8581433,5,7,964085,945163,48,9365525,8,8,974083,968357,
35,5904181,3,1,970272,944212,50,8980204,9,1,976695,965269,
41,8572840,0,6,922901,944181,43,9585809,0,7,975449,976393,
8,6740486,6,5,967866,969571,34,8056098,10,5,978237,976916,
45,2752786,8,7,921300,967445,46,4687300,9,7,979378,980238,
4,9031248,1,5,974989,952801,47,10102338,7,8,980495,978566,
28,878183,1,4,929187,930879,49,2755931,3,4,955326,964234,
26,8003827,2,7,949248,930229,41,9381630,2,8,981135,953815,
49,5621531,10,6,958540,929238,49,5917661,10,7,979006,972907,
36,5757735,3,5,925799,944329,40,7442566,3,6,963875,950113,
22,7573096,2,7,961516,969169,38,8922682,3,8,971470,975657,
34,6675446,4,7,964981,971090,35,9657785,7,8,972954,971471,
10,5928753,9,3,971012,980089,36,7756395,9,6,971440,980513,
49,7098158,3,5,935147,939702,49,7200290,9,6,940989,977533,
41,2055625,9,7,958912,938661,46,5462259,10,7,975572,957086,
24,1971376,9,8,965998,935049,25,2541937,10,8,973943,972883,
48,5426666,9,1,962365,947752,49,6669861,10,3,970897,962759,
26,9458935,7,4,964702,956460,50,10398965,10,7,979354,965611,
42,3952849,8,7,927627,946712,44,9574796,8,7,944841,956466,
28,8957795,1,3,965717,969969,49,9031781,1,6,979330,978979,
46,5277991,7,3,934641,941001,50,5331194,8,7,949592,959884,
3,7762896,0,1,922419,944115,46,7768660,10,2,960061,966990,
15,8555502,2,7,954296,940697,49,9427647,5,7,971012,951977,
23,9400051,4,4,968807,936029,47,10168610,5,7,974952,976279,
24,2300985,9,8,941375,926499,30,3334001,10,8,957525,942913,
43,8239723,8,0,966252,927751,46,10128124,9,2,972635,967361,
39,6495053,8,7,927906,935269,48,7661648,8,8,933772,963344,
41,2095543,7,5,921899,942229,45,8049380,7,5,944568,980407,
17,1952795,10,6,978272,944738,20,3012939,10,7,980310,975829,
31,3186363,10,2,965387,945752,32,4103273,10,7,970531,965765,
50,585159,2,8,937374,942022,50,5385410,2,8,975493,962357,
45,7974906,5,1,923521,954110,45,8199833,5,5,972632,967701,
15,9399184,0,2,967652,964473,46,9886150,2,7,977049,977797,
20,7187165,5,2,940953,960310,38,9173995,7,3,960436,978704,
14,2659236,9,1,961200,921863,17,3820382,9,2,980313,962930,
33,8436543,1,2,978418,924818,49,9044481,5,2,980695,976161,
7,7919572,5,2,925772,958696,43,9235747,10,3,955164,977532,
12,2573287,7,6,967197,980029,43,7916105,10,6,971038,980778,
33,8908580,3,0,942595,922157,47,9110208,3,1,956080,978935,
37,2576965,1,4,949542,952676,39,3894329,5,8,954369,970465,
23,2369423,5,3,934739,945490,24,3297899,7,4,945542,974830,
36,2682362,10,5,974268,945321,37,6414412,10,6,981063,979470,
48,2734179,9,7,933325,929277,48,5570381,9,7,970180,944959,
4,1478093,1,0,930675,967885,42,8675955,7,6,961016,979132,
48,8565486,4,6,958624,963711,48,8779717,7,6,980693,977551,
23,5577147,1,2,960760,950670,34,6637304,1,8,977883,960658,
25,7514883,1,5,951685,943653,41,8471052,8,5,977718,957975,
27,6327421,7,6,969602,933598,41,6347900,9,6,979114,976012,
24,7683168,1,7,973720,947479,50,9907521,1,7,981015,975593,
5,3790809,1,6,946408,959511,34,3901205,7,6,954506,978071,
39,5367972,0,5,957361,967289,39,6974166,2,8,966655,975193,
37,4495929,4,4,971129,943177,40,9751500,4,4,976812,971562,
46,9086211,3,7,954296,928480,49,9149769,5,8,967991,968219,
22,7803289,0,0,933464,962178,38,8014532,9,3,974116,974484,
36,8295277,4,4,943689,953083,42,9056444,4,6,970860,967619,
9,3665295,8,4,979856,963856,23,9304111,8,6,981145,979344,
43,3334299,8,6,946402,966090,44,8914133,9,6,967463,971932,
45,5611767,3,2,930787,977895,48,5924989,7,5,973821,980846,
50,7707699,0,3,973422,954695,50,9204392,2,6,980536,972037,
36,5089501,4,7,956757,947036,37,10144468,5,8,980345,953056,
39,6670257,3,6,980002,977579,47,9669537,3,6,980242,980200,
36,6330598,1,7,960678,964523,39,8131366,4,7,968271,976428,
37,8470909,5,5,967446,944937,48,9512503,6,7,980892,965090,
35,7586543,3,8,938501,945527,42,7664862,4,8,953997,961117,
32,1930575,0,2,960495,952328,45,3069908,3,7,968920,977627,
20,9777223,9,6,950666,962988,49,10231683,10,8,972054,976791,
31,7598226,10,2,957960,944049,38,10154702,10,7,964325,962062,
48,9985286,7,6,927070,949062,49,10451475,10,7,977775,970458,
12,3521212,8,0,981005,980776,21,5511647,9,4,981197,980946,
29,114278,10,4,964262,960257,30,9580852,10,5,976784,968098,
29,6831876,10,8,952632,946564,46,10004817,10,8,965127,959686,
25,6924180,10,1,935100,920458,35,9628843,10,5,956012,946807,
10,9987978,3,4,952717,959200,49,10202622,8,6,963205,979857,
21,8464391,10,2,967514,944183,50,10183125,10,4,975317,961543,
46,9545227,10,2,934330,920787,47,9939202,10,8,956759,954354,
41,4243771,6,7,945646,957766,42,4373928,9,7,975611,968757,
29,7395107,7,1,925213,954368,41,9132726,10,2,957744,961206,
12,2262042,7,6,931499,944708,24,3236231,7,6,947089,977993,
40,5213281,7,4,952814,937234,43,7642751,8,4,976087,957652,
25,9004710,3,2,946251,942482,44,10035033,5,6,964874,965990,
40,7489827,3,6,969008,950427,41,9649016,8,8,975157,964403,
44,2816485,6,1,965118,966871,48,4294827,6,8,979131,972196,
27,4527447,0,7,962566,956658,28,4900520,7,8,978725,963911,
47,3691423,4,8,933865,941103,47,9746306,4,8,952700,950020,
35,6360996,8,6,926652,940129,42,6886586,10,8,938729,972948,
44,9341610,9,3,946046,937653,46,10195018,9,7,974745,980553,
22,6247752,9,5,922158,935312,31,7212749,10,8,978413,948104,
40,5300124,7,4,939154,930253,41,6361191,8,6,941952,934634,
44,5837076,6,7,930868,922038,49,5920777,9,7,948358,932931,
43,3697263,8,6,938529,924208,44,4270490,9,6,962708,953968,
26,7516008,9,5,958776,970728,42,7666712,9,8,972718,971571,
45,9013358,6,1,951443,942406,50,9388153,7,6,960899,951667,
48,2468237,4,6,947706,936921,50,4674636,10,6,973100,957088,
30,6023120,8,7,932837,927744,30,6857730,9,8,959191,957749,
27,7298061,6,8,934047,942925,47,7730505,8,8,945465,972379,
30,8760502,2,6,932647,928882,46,8783466,8,6,969759,961101,
42,9455604,8,1,935092,936745,47,9937233,9,3,946201,970325,
18,6616722,7,6,927582,921390,35,6720834,7,7,944824,944690,
41,5002554,0,4,967646,926787,41,7346655,2,6,976032,961584,
48,8165212,2,4,966154,921156,49,10339709,4,5,971322,963528,
13,8788687,10,0,958574,970009,48,9802746,10,6,966778,977403,
27,5740781,8,1,969332,942666,39,5875826,10,4,970689,965924,
47,8196390,9,1,962087,944332,48,8707458,10,7,972850,962825,
27,9064211,1,7,946462,953830,49,10122107,1,7,961534,960690,
22,5141985,2,0,941934,934809,29,6581804,8,0,978545,942072,
38,6785448,5,8,942813,965255,43,7390089,8,8,964190,971495,
40,5558800,9,8,933053,957318,47,7893272,9,8,958700,976813,
49,5719442,3,7,968331,942204,49,9634286,5,8,971361,969087,
48,883183,0,1,941528,965105,49,6020348,5,2,963577,972342,
20,6471673,5,1,930637,928542,33,6875681,5,2,943330,975055,
49,239656,2,5,976491,953685,50,8415507,2,7,980367,978947,
49,6245282,10,0,939921,977376,49,9802398,10,7,977799,980817,
20,9460840,1,3,968521,951543,47,10221553,4,5,972903,979191,
50,9915701,2,3,944699,924622,50,9974327,3,8,965552,965544,
45,669050,7,7,967812,955429,48,6240016,8,7,980704,966108,
2,4642711,4,0,937102,941851,25,9876074,5,8,949446,957273,
38,6778962,5,8,939673,941028,41,10229268,5,8,968041,943265,
39,9046888,8,6,933843,959781,45,10018079,10,8,969423,967568,
48,1477930,9,3,952747,940746,48,8888259,10,5,971102,960075,
35,7613663,5,6,929915,968821,48,8231336,6,7,967343,977089,
18,4994868,9,8,967733,955545,37,5636381,10,8,978627,965708,
45,4498200,4,7,945764,960159,48,9054690,8,7,953375,978898,
48,9609010,10,3,928281,948213,49,9823677,10,6,956724,970761,
30,5445962,3,8,979430,959981,40,7452879,3,8,980758,975678,
38,585787,2,1,946554,968190,42,4341342,10,1,968651,973922,
29,6080141,5,7,932588,922726,30,9898010,7,8,951516,978103,
14,454927,7,4,955801,976710,30,3490687,7,4,974353,980120,
33,963421,2,2,970946,964396,42,3651330,2,3,980301,971984,
34,227328,9,2,971220,927336,35,7719012,9,7,979744,975798,
48,7606655,9,1,965969,973285,49,8569304,10,7,976456,980522,
45,5646838,9,6,931777,955612,46,9781772,10,6,957258,973376,
4,7438099,9,4,938576,937327,37,7993621,9,6,966785,973925,
48,9659308,10,0,935735,936680,49,10139129,10,0,976499,968125,
19,1961100,10,4,926230,940179,25,4669488,10,6,933983,961350,
50,6723890,6,8,952926,947762,50,7729006,6,8,967793,978798,
12,3620395,4,6,942715,948514,47,3622487,10,6,964759,969306,
18,2961503,9,4,955950,979971,21,10357815,9,6,978830,980829,
29,1663349,9,0,926738,920543,32,2797029,10,8,930830,947791,
18,6001487,5,3,921586,950708,30,8781495,9,4,966315,951727,
25,7672592,6,5,941859,954871,39,10352905,6,6,979322,976960,
35,3214736,9,6,932122,954314,39,6876443,9,6,959106,980483,
50,6714336,3,5,946738,974639,50,10050416,7,6,973904,980180,
39,4505689,5,4,945901,974572,49,4731041,7,8,979415,980204,
46,6863764,8,2,922880,963142,47,9363343,8,5,962095,979140,
13,8333291,6,1,947677,936395,44,9575012,10,4,952804,943453,
21,4632343,5,6,945306,926307,23,5225046,7,8,980009,952972,
47,7005776,6,1,936692,970163,50,9199466,9,2,963489,979661,
32,9483716,4,8,948244,960797,48,9735725,7,8,979400,974998,
38,7011036,8,6,965690,979387,42,7484958,9,8,972099,980628,
50,4073829,6,0,947804,969564,50,4899836,9,3,970796,975489,
18,3915761,10,7,948203,937145,20,7096884,10,8,978882,969715,
34,5566923,8,6,939989,930442,45,6182411,8,8,952386,931843,
47,7859263,7,4,945530,960383,49,8251856,7,4,971420,963266,
35,3440266,5,2,960099,976823,48,4210950,8,2,978134,980402,
46,2421234,9,2,926289,968314,46,6834921,10,2,970221,974981,
50,6075501,1,0,941885,965287,50,9065573,2,3,962224,979293,
49,10019244,2,7,922837,941316,50,10191241,4,8,960421,977145,
50,4478155,4,7,961177,943712,50,6708396,6,8,973911,964079,
8,8391023,10,8,954938,942919,44,9107812,10,8,965460,978198,
20,1731999,6,1,953753,949098,30,1921528,10,3,972382,970290,
45,7090898,6,0,978520,969851,47,10108510,8,0,980279,975684,
4,6188399,8,8,947233,969831,42,8857389,8,8,969833,972593,
45,6868261,8,7,958802,945424,45,7126509,8,8,980974,976093,
37,3141597,0,6,954719,943052,43,6279711,0,6,974032,954460,
42,8703419,7,2,924710,953409,49,10382622,7,5,955003,974793,
39,8257019,6,2,967553,968457,41,9903225,7,7,973415,974074,
50,3728042,5,6,948751,960717,50,5255283,9,6,978090,966345,
43,6034410,6,4,969084,978476,46,6542240,10,5,977385,980287,
47,8635641,10,0,949055,952144,48,10173627,10,8,953844,960642,
33,4074030,9,6,959251,925445,43,4751585,9,6,968698,960198,
43,8905139,6,1,968498,953593,48,9090659,9,8,976110,969812,
35,7898636,0,8,950377,940143,42,10244310,0,8,951966,978233,
35,6245248,10,5,937156,943264,35,9638255,10,5,974425,960315,
12,7248213,5,6,968355,965372,36,7714822,10,8,971979,970815,
36,7313253,10,3,929249,937381,42,9850029,10,8,931920,972766,
20,6342514,0,4,964051,966071,32,6489705,8,4,972014,971470,
2,7075602,6,4,957259,943706,43,8956510,8,4,962124,954256,
43,7569484,7,8,944166,969665,44,7700564,9,8,978916,978467,
32,9286350,4,2,979453,960624,49,10091742,8,8,980184,971862,
42,8161875,10,4,962642,948214,47,8693471,10,4,970556,973567,
33,9102503,6,7,928071,942020,48,9198425,7,8,958268,962791,
46,7489092,1,7,935395,947524,47,9140767,5,7,950058,970178,
18,7272383,10,6,960001,956063,39,7834332,10,6,969669,964961,
42,8835463,2,0,944170,924984,45,10202071,3,0,952656,974680,
37,7831992,9,4,961046,960692,41,8887738,10,7,969704,963195,
47,6296251,10,8,926385,927542,49,6664048,10,8,935974,965471,
19,4769607,5,3,978868,962556,28,9622272,5,7,980721,978036,
15,4096484,7,3,973376,946882,32,4217579,8,5,980280,973308,
24,8162019,0,1,969528,946890,42,8966295,4,8,970205,964401,
44,6728106,6,4,961611,935247,45,7309799,8,7,980095,965384,
34,1555486,2,3,971256,976023,48,3353772,9,4,980883,980716,
40,4648049,9,8,931212,927085,40,9894125,10,8,958086,933605,
31,867276,9,8,962268,979999,37,4260645,10,8,972392,980686,
29,6165517,1,6,921836,968660,34,7414229,3,8,962594,979659,
28,4414145,4,3,978502,980805,41,6197943,10,7,980575,980972,
43,3500124,9,3,937330,967061,43,4639754,9,4,980409,973840,
22,101856,10,4,936816,964716,42,2316006,10,5,979880,971309,
36,7420794,8,5,958266,926757,38,10467435,8,6,973914,969167,
21,4632172,10,0,955432,932255,23,8050184,10,3,972774,979536,
49,9419999,4,8,934111,940099,50,10038993,4,8,948359,965580,
27,9854998,0,6,951095,928303,50,9940616,2,7,964672,978041,
25,4805140,9,3,940480,932579,25,6389330,10,4,967796,945672,
25,3787208,1,6,923288,952657,40,9778287,1,6,951135,969158,
37,7710483,8,0,926841,936595,43,8219884,9,5,939239,973770,
16,7974712,9,6,949660,948945,42,8679026,10,7,957158,950450,
46,7310813,8,0,935772,947952,46,9545221,8,7,942977,958238,
48,7501568,4,7,958301,949889,50,10033458,6,7,966829,959299,
13,7277619,3,3,974016,933846,48,7371574,6,8,980205,975610,
9,4551098,10,7,948803,961628,33,5802976,10,7,970066,975165,
41,9976674,6,5,937088,920277,50,10120337,8,5,969970,972308,
33,3225953,2,6,928997,965654,34,9773636,2,8,968814,980582,
40,2018239,8,8,949761,932979,44,3909825,10,8,961154,979252,
18,6968652,10,7,921006,940138,37,10318569,10,7,944946,945359,
41,9372718,9,6,964408,969453,47,10402788,10,8,977560,974398,
42,6410494,9,4,947027,939012,48,6939600,10,6,963271,943160,
48,9777822,2,6,967439,962890,50,10186476,2,7,979732,975914,
45,1545024,10,6,920271,939306,47,8617778,10,7,938002,973439,
45,9278157,10,3,920928,939018,46,10100677,10,7,953637,954820,
38,3069654,5,8,922508,938058,40,5820612,7,8,932950,950942,
34,6001007,0,1,942460,939811,35,8869500,4,2,968724,944569,
35,6142325,0,1,925557,922416,44,6169824,0,7,930750,968369,
24,5835845,9,8,942504,925089,31,8189921,9,8,952215,977651,
36,632140,9,0,950830,922477,38,5218058,9,6,957153,950791,
23,6468030,9,5,967140,960931,35,6595048,10,7,971353,970391,
43,5605056,9,2,959498,965005,50,6663893,9,3,963255,971162,
32,7150826,1,1,957005,950471,36,7503725,1,6,968162,978903,
46,6654514,1,7,931446,960052,47,6690707,6,8,977323,962121,
43,7938153,7,0,926986,966168,47,9931259,7,3,966185,972268,
32,6788889,8,0,968009,938133,39,9776889,8,4,978612,967981,
27,8033401,7,2,940886,945384,41,8154054,7,4,972281,967940,
17,5509233,2,8,961133,962212,33,9278514,7,8,964399,973277,
47,3564288,2,3,970179,978840,47,9122456,3,4,978524,980870,
35,5845518,9,5,959869,936418,43,9386479,9,5,962133,951225,
49,8261155,9,7,962564,927888,49,9099548,9,7,980913,973650,
50,7461188,3,3,975679,969941,50,8032421,9,8,980167,975636,
45,9830064,3,0,953903,953475,48,10099152,7,7,969534,967529,
13,6848177,10,7,957685,979900,45,8867638,10,7,972883,980263,
39,3550866,1,8,940437,941539,40,5996239,4,8,946537,954203,
42,1613351,10,3,957270,969921,48,7158427,10,3,962835,976052,
17,8882392,10,2,931087,925877,47,9166705,10,7,939078,976089,
14,6639781,9,3,946832,932223,33,9939727,10,5,968827,971668,
42,2104395,2,2,941373,925398,44,3967831,6,5,961717,960208,
24,895618,10,5,948376,948012,44,2401527,10,8,958540,979160,
29,5598066,2,8,939348,940960,29,9007423,3,8,955689,951667,
38,3498864,3,6,949992,974993,38,5639797,6,7,977251,980999,
20,5757439,9,7,955322,920908,41,10451335,9,7,977263,958382,
48,3933423,6,4,955049,969026,49,9945647,7,4,963999,975285,
44,4765888,7,0,961365,979217,44,5843778,9,7,971973,980753,
15,1169263,7,8,965523,941479,15,9809450,10,8,979978,969249,
50,4947450,9,8,955222,945581,50,5425224,10,8,970252,961644,
20,562976,7,8,967004,967126,44,2705213,10,8,976626,970118,
4,9168421,9,3,932195,922158,46,9476313,10,4,948434,976040,
25,7429087,3,3,921953,938083,39,8847956,3,3,949540,944280,
49,3182916,6,6,968833,936098,49,6456856,9,8,972799,962436,
16,3086690,6,2,962110,975883,19,7555882,6,7,978391,980929,
32,3800665,9,2,927859,931795,33,7853853,10,2,932758,970278,
26,3981111,10,1,941084,951971,32,4343927,10,4,953004,975989,
5,4137703,4,8,965400,958469,24,5341758,8,8,973335,962867,
15,4941525,9,8,949561,961215,41,9154351,9,8,966181,961430,
31,1217559,3,6,966125,979620,49,3928896,6,6,973463,980857,
15,5829934,0,7,951557,931298,43,8049537,0,7,977986,952478,
43,9667735,6,2,940675,932797,49,10487522,6,3,977917,956667,
6,2974505,10,1,933135,948215,15,7337619,10,5,959426,959538,
4,4382182,3,5,945774,980060,25,4822607,5,7,974490,980649,
48,6927411,4,3,947333,929241,49,9214787,4,7,964643,942747,
47,4836138,4,7,956786,943999,48,7851456,7,7,979360,952815,
36,6167057,9,3,970153,935641,46,6810308,10,7,976502,962696,
26,8885853,1,8,941367,959556,50,9667575,9,8,959881,978323,
15,8100110,9,6,923807,960748,45,10326014,9,6,968031,978562,
12,5330378,10,8,949452,947997,28,8880384,10,8,960051,978395,
32,2508351,9,2,931095,946826,42,4228937,9,4,944672,970965,
50,8528199,4,1,942092,938488,50,8643447,4,7,957722,963122,
13,293982,2,0,970970,953777,15,1355347,3,8,972585,977395,
6,1068686,5,1,952212,938117,6,9531668,7,6,976236,958049,
37,1677143,4,2,938089,964797,37,6144078,6,3,966274,978692,
21,8050622,9,1,941309,964889,47,8985866,9,4,964478,976999,
21,5213996,6,2,965824,952597,31,8999401,8,2,974082,963078,
41,8198614,0,1,963967,972724,46,8933392,8,1,975763,980412,
16,2253761,7,0,929493,923645,42,2316844,7,0,950382,939429,
29,9708416,1,1,922778,941661,48,10071562,2,3,973154,962232,
47,3205286,5,5,939665,937916,48,4484092,6,8,962964,973074,
36,1037721,0,8,932552,962043,49,3782193,1,8,978126,977866,
13,5779447,2,7,920475,940113,29,7495274,3,7,955312,980921,
49,2805450,3,1,953391,954576,50,4910935,5,2,966069,976413,
48,6714929,7,2,939865,923906,49,7988859,7,3,971787,940279,
49,6304237,6,0,947249,956607,49,8719790,6,8,951351,966775,
36,7982862,3,6,950184,947090,40,8835004,7,6,957155,980158,
42,8082022,9,3,940859,937892,45,8521549,9,6,941108,948758,
32,2756619,4,8,970122,975287,49,3766201,10,8,976569,980537,
22,6686778,2,8,957373,948310,46,8246429,2,8,961764,953188,
47,6553191,7,3,957087,963095,50,8931141,7,4,969711,971387,
37,7094898,5,2,959150,943415,39,10232694,8,4,969101,953388,
49,3307810,8,3,979353,970284,49,9958116,8,7,980639,976427,
20,7522320,10,6,967359,951646,45,10379550,10,6,975869,970185,
39,8229539,3,7,945540,927449,48,10228595,5,7,974895,943016,
41,6747391,8,1,979336,970241,44,8244416,8,3,980414,977788,
18,2483687,3,8,961520,939186,18,8275640,9,8,976971,969741,
16,854615,3,8,934954,957406,31,2166594,5,8,956993,962265,
19,500611,3,4,928477,960950,45,1910916,7,4,975125,978909,
37,5987245,1,2,920754,939184,39,6235011,3,7,935060,945245,
42,4756331,6,2,925472,921224,45,6543468,10,3,958282,927872,
35,6035597,3,4,939632,930265,44,9569420,3,4,944519,939713,
36,2018342,10,8,957602,968561,50,5848866,10,8,967066,978380,
46,1422839,9,6,975760,977876,49,5767215,9,8,980133,980466,
16,4618250,6,3,965766,961078,23,9145539,8,6,975374,974111,
38,6952888,6,5,922465,961190,40,9201643,6,8,965589,976588,
22,6244576,4,7,967496,950828,47,6651039,6,7,975461,968797,
38,7919284,5,5,948041,928031,40,10004418,7,5,958119,980004,
41,8369304,0,3,937625,945939,43,9299554,9,7,943829,954476,
43,9212717,7,0,949675,952476,45,9708032,10,6,967513,977908,
37,6261696,10,7,969347,960938,40,8016349,10,8,978899,969533,
40,6611983,2,5,948447,926375,45,6936602,5,7,952211,942606,
1,4954285,2,0,925540,939325,33,9209107,3,0,931232,977591,
38,7323920,0,8,923064,942925,42,7992146,6,8,944161,979257,
29,4016194,9,7,963892,979331,31,9043162,10,7,977510,980426,
13,3827585,1,0,970082,959925,21,10386778,2,8,977731,967132,
16,4820486,9,5,925635,944519,24,9619205,10,6,976890,967704,
31,1875601,10,6,970269,922070,44,3444978,10,6,971702,974679,
44,3245172,4,7,941336,968316,44,10317301,6,8,968011,970654,
46,3527114,1,5,931884,953206,50,6860126,2,5,955920,964297,
16,7453924,2,3,931301,925055,48,8362431,4,3,966999,932171,
26,9811960,6,8,970015,967246,50,10131840,8,8,978864,971687,
30,7491790,4,2,945561,933894,43,8378229,6,7,950104,968691,
1,2229046,7,1,943569,961542,19,8152266,7,1,968865,971169,
45,4713731,5,7,966625,931093,47,5878311,10,7,972176,961815,
7,2479670,10,0,954045,952203,14,2717298,10,0,961301,979419,
42,4562981,4,5,979961,962162,49,5475697,5,5,980631,972108,
21,4865326,3,0,949828,938822,27,7492294,10,0,954768,949909,
39,8275261,9,3,929698,937791,47,9751264,10,4,938857,964501,
34,6293435,4,2,945887,956219,35,9225977,6,4,953190,978898,
29,4601970,6,7,976653,920580,43,4946614,6,8,981091,976887,
35,903183,4,3,956698,945987,40,3908791,9,4,966562,956085,
19,1292836,6,7,953523,950214,21,3314873,8,8,976622,951200,
24,5455222,7,5,937014,920690,35,7186697,7,6,963469,936237,
38,829319,4,2,931539,930903,39,3969141,4,3,944477,945631,
40,3322303,8,7,963275,976525,48,5483104,9,7,978012,980140,
28,6538577,1,8,964838,960863,37,7605401,8,8,979799,967616,
32,1261796,1,8,929178,943791,45,3676649,8,8,944352,966261,
41,7519791,5,6,957760,936072,46,10489922,5,7,970282,958332,
9,6626547,0,8,969476,945334,33,6990755,8,8,971053,973593,
49,1629021,0,3,959775,941775,50,4821171,3,4,963179,963745,
27,736613,8,6,980114,962609,29,6970945,8,7,981128,972511,
49,184377,8,4,960003,969883,50,9077879,8,5,968270,972175,
49,9875862,6,2,935509,938034,49,10211963,8,4,945191,980664,
47,338727,6,5,980161,945967,50,8492618,6,8,981113,976342,
41,8266148,2,5,946067,920775,41,8792957,8,6,953757,952799,
32,7278568,9,5,959191,951113,38,8416568,9,5,963177,979769,
18,7309097,5,4,936498,940652,36,9186461,9,4,961574,963122,
50,4740757,4,7,922896,929109,50,5349753,5,7,943245,979750,
45,3946768,9,8,942819,946312,45,5684099,9,8,976570,952014,
43,5491030,10,7,975739,946192,44,7858662,10,8,980124,980461,
35,7769459,10,4,942061,954963,45,9460270,10,6,951627,969637,
45,6421928,10,0,966220,947253,49,7090212,10,4,973038,962350,
49,7253216,10,0,964174,950866,49,7463486,10,4,980384,971155,
50,9686894,1,2,960548,969433,50,9922250,2,5,973087,971377,
28,6352748,8,7,964253,938220,32,8442895,10,8,974914,974912,
15,5885863,2,8,952141,964320,33,6755235,10,8,961712,970614,
32,8970345,10,4,967059,971123,48,10404121,10,7,980367,978789,
3,1077958,6,8,949145,938481,6,8450777,8,8,959230,950360,
46,5563900,5,6,921655,950079,46,5942866,6,7,950690,951905,
48,7030542,10,8,954006,961107,50,9894227,10,8,975754,967948,
4,5391254,6,3,934590,947795,27,8217358,9,4,955281,961704,
44,2136462,8,0,925465,944619,46,4949235,9,6,945057,962512,
28,6494721,4,4,963931,927298,36,6815793,6,8,975446,964146,
30,1569771,6,3,970330,975224,33,4438424,6,6,974179,980171,
38,8363694,10,3,964825,966012,42,10427699,10,6,979080,980966,
33,2994039,2,2,955935,940558,36,3651476,9,3,979974,953377,
1,567767,5,8,951169,970255,43,7236280,6,8,962964,976315,
46,815317,2,8,970201,951488,47,7777453,8,8,976461,961723,
26,2094290,9,1,945857,939407,44,2523154,9,6,966085,974550,
22,289224,7,6,940803,970181,35,2860549,10,8,963749,972302,
40,8803805,10,6,920422,950402,46,9298539,10,6,969788,968773,
39,5169792,9,1,970000,974724,49,6595118,9,1,973068,980326,
25,2736156,6,8,921302,941067,37,2976943,6,8,968368,950631,
46,9418232,0,1,967396,930089,49,10186918,2,8,977013,970107,
45,4701918,9,3,941205,959292,45,8808874,9,8,951896,973187,
48,5532131,4,8,923989,964919,48,10030956,8,8,969478,975577,
26,4376528,9,1,927852,954644,34,5574786,9,1,951465,972721,
46,2226514,8,7,955706,928517,47,7383288,9,8,973752,958920,
23,7847136,8,5,920334,947291,39,9138145,8,7,968245,979581,
30,5941633,7,3,964400,935023,34,7895888,8,5,972907,965085,
13,237628,9,7,925671,940381,34,1389171,9,8,967827,945228,
25,766665,0,7,949099,947855,32,2501359,2,8,957544,961898,
37,3300834,7,1,934747,948025,46,4183669,7,8,944231,955236,
45,9153393,1,5,950795,980401,50,9417164,2,6,981130,980705,
42,8693313,2,6,932254,943926,47,8914953,8,8,948077,974843,
48,9284346,8,3,942341,932672,48,9535955,9,4,957166,976351,
6,5095975,8,3,948900,938245,33,7086181,10,7,972816,941120,
48,8329767,5,7,953260,958866,50,8473576,5,8,966146,979835,
40,8099381,3,3,965284,923581,47,8378188,4,8,978605,964549,
46,7427480,5,4,945126,955250,46,8496193,9,7,957992,975005,
22,696521,1,3,978971,980568,35,4446335,3,5,980404,980998,
46,7734707,9,4,963726,972284,50,8584069,9,8,977093,980820,
38,370272,9,6,934139,959613,43,7647381,9,6,954032,965319,
48,9670624,7,2,956558,952714,48,10404494,7,7,976260,974255,
42,8928102,3,4,965884,936817,47,9647767,5,8,978357,970025,
50,4716551,8,6,968022,928716,50,9076558,9,7,980025,967601,
48,9176921,9,6,938680,955791,50,10177182,9,6,973606,960654,
8,7427077,10,1,928954,947678,37,8727069,10,6,956561,951737,
10,9285558,4,1,945519,945601,47,9970060,9,3,953553,950316,
43,3482540,2,6,935399,937134,47,4166648,3,7,952753,955912,
34,1625357,3,8,937732,921720,45,4049849,8,8,968771,939615,
33,8199254,9,2,979969,964519,49,8610177,9,8,980882,974033,
30,8881120,1,7,947047,933388,47,9874640,2,7,950438,950645,
37,5522765,8,8,967719,931046,49,6711140,8,8,976849,966586,
15,2619021,8,2,936354,964166,15,5968361,10,8,966267,972650,
46,8782571,1,5,972813,958442,48,9866276,10,5,980799,975262,
24,6785083,10,2,968951,958337,49,7027341,10,7,980251,966927,
46,8147378,0,3,951967,962001,49,8978954,10,4,961126,979812,
12,7478719,8,7,970383,938584,40,7810555,8,7,972188,980493,
31,7312592,10,2,967041,970809,43,7724558,10,2,977860,971478,
19,4623078,10,4,972837,943320,33,7271283,10,4,981196,979224,
45,1317312,9,4,945192,928372,45,7575971,9,4,974996,950430,
5,1020735,4,7,925893,965445,18,5989050,8,8,961075,977488,
27,4026558,10,1,931351,945363,27,7132702,10,6,946327,966520,
49,4772249,4,5,966882,938154,50,5807962,7,7,980533,969660,
20,5065788,5,1,922939,943298,28,7165674,7,3,948854,966569,
9,2832771,1,3,933281,944037,14,3280083,4,6,954151,956413,
13,5229186,8,4,930836,946168,26,9556028,10,6,958653,966464,
22,8247508,9,7,953467,947426,44,9558108,9,7,967799,966085,
48,5959296,7,5,951192,954270,49,8470931,9,6,956678,961374,
50,4073770,1,3,923326,954964,50,5650362,10,6,959677,971609,
27,7434870,6,8,979968,969994,50,9453287,6,8,980864,973363,
48,1441764,5,7,969186,939891,50,6917023,6,8,970754,963094,
43,8055921,2,7,928410,939358,44,9824015,7,8,937521,950755,
40,4011405,7,4,960805,978754,45,4886118,9,5,972221,980923,
12,6670120,10,8,959636,949193,46,8788820,10,8,966003,951600,
46,2539837,6,0,946243,960937,50,4358944,10,3,976687,977528,
50,6571580,3,0,926202,926208,50,6718350,5,0,971800,941575,
43,658477,10,2,947706,957666,48,5193172,10,5,960101,974500,
28,3281633,5,8,966137,940449,32,9304441,5,8,976871,966885,
47,5113962,8,6,964959,978536,47,9203664,9,7,974270,980974,
15,2991959,9,4,971088,958780,19,4974850,9,4,976730,971861,
25,3601711,7,8,969516,947996,27,4424206,10,8,975139,966462,
25,6329388,2,6,969936,960843,34,7934410,6,8,978611,962265,
47,3651029,4,1,936955,929149,49,4437118,5,6,971944,969518,
17,3286989,8,3,920367,964490,22,5655128,8,5,963400,970477,
46,7249242,6,7,970954,979852,50,10296165,6,7,980146,980797,
47,8920215,6,8,945070,945039,50,9863953,8,8,964141,950258,
36,7118030,8,6,938595,945375,46,9754812,9,6,947011,963807,
49,9134711,4,0,931727,932861,49,9452707,4,3,954446,945266,
49,6486840,10,1,947237,923457,50,10055314,10,2,980247,943160,
29,5117042,5,3,934293,940991,50,5312377,5,3,947790,946987,
27,4972130,10,5,957276,963079,33,7009388,10,6,966977,971648,
42,2397482,2,5,957272,948661,50,5376097,3,5,961322,956962,
36,7334645,8,0,978191,964058,44,8620346,9,1,980882,979379,
27,5992193,6,7,933730,934514,30,9252711,6,8,977759,966852,
24,1932117,0,6,964859,933051,44,3421735,1,6,971818,969915,
16,3595379,6,7,932387,925473,39,4359144,6,7,958224,935157,
11,6974971,6,2,952634,941361,40,9438526,6,5,973708,957355,
40,8662383,2,6,966124,943700,44,8810878,5,6,981008,980475,
19,672568,7,6,932380,942423,43,2524248,10,6,947868,963003,
47,7090857,0,7,947432,971869,50,8254833,1,8,975680,980688,
24,7981012,7,1,965409,938639,50,8370395,8,3,972968,966206,
44,4728938,10,2,959822,958216,45,6519063,10,5,972645,960160,
36,10003462,6,2,963961,964951,50,10099928,10,4,980431,978935,
8,9634162,1,8,946247,941770,48,10449728,7,8,958506,980362,
45,1397500,8,4,933472,944710,48,4563067,8,5,971532,958799,
40,5774988,0,1,937454,958536,44,8425885,0,1,952117,970494,
46,9485228,9,4,931610,929845,47,10265121,10,5,970651,966798,
41,4734381,4,7,975554,952647,41,10233723,7,7,980526,975646,
34,6355627,2,7,942838,950137,36,6377061,4,8,968046,979955,
49,2420798,4,2,951185,932097,49,6304946,4,7,951850,961830,
29,7288619,6,5,923998,957186,42,8950490,10,5,958636,977987,
44,5391296,8,3,957464,933837,50,9072613,8,3,974931,959396,
42,1526241,4,2,947337,967668,48,6500153,4,2,962652,979822,
18,1283345,2,6,932538,968554,18,3098656,5,6,964731,979535,
50,4809956,2,2,942527,953635,50,9526810,5,2,957006,975890,
14,6562897,2,0,957354,947050,50,7694559,2,0,969929,956041,
50,3928110,8,2,950896,923087,50,5215775,9,7,952031,979596,
49,988083,5,2,956419,950615,49,6181510,8,6,964561,951360,
35,6455041,3,5,966996,948212,39,9365938,3,8,979337,967178,
33,5450441,6,5,939746,974340,37,6674958,7,6,976472,980176,
33,9318525,0,5,962975,978825,50,10430631,7,6,976912,980642,
5,5997705,5,3,942844,937845,30,6646342,5,8,957579,958387,
30,601923,2,5,949621,970231,42,7833976,4,7,963896,977054,
20,7791094,10,4,980117,968533,48,9773562,10,7,980890,973656,
41,7959807,10,1,927576,965247,41,10217979,10,3,977441,973470,
47,4693167,6,5,944364,950922,47,6841711,6,6,953800,957806,
47,9549671,4,8,927440,936766,47,10177949,9,8,953564,969557,
23,2986438,8,4,967836,968494,49,3005546,8,6,975078,972797,
41,6934931,3,5,979018,966839,46,7487859,6,6,980185,978110,
49,9634773,8,7,951009,934561,50,10321418,8,7,963081,964466,
30,4444513,10,2,968314,970500,34,4576573,10,3,970943,978028,
23,6025458,8,2,951362,959391,30,7298619,9,7,967755,973788,
30,9450209,2,6,926607,933154,48,9812873,3,6,955141,959688,
43,2523395,10,7,945726,930659,47,6617006,10,8,980199,946601,
49,9729354,10,0,951111,954506,50,10167729,10,2,968085,975160,
44,9084661,7,0,953942,955857,45,10386728,8,5,968532,962699,
39,4134204,7,8,947400,958495,41,4290415,8,8,964707,961315,
46,6694782,2,7,936669,939526,46,8438024,8,7,973436,940178,
49,1502355,5,1,950066,954206,49,6511899,6,3,977784,960163,
43,3457415,7,2,943795,931614,47,4508863,10,5,950142,973888,
26,5216392,5,0,944584,949818,31,6248005,7,0,964609,950169,
30,5579252,1,7,963928,966907,36,7889802,2,7,970193,973574,
18,619384,1,4,955104,939498,21,5629724,1,4,968296,952900,
22,4088804,1,7,927111,935068,25,4570443,7,7,931524,974954,
48,2767069,2,3,932888,955724,48,9352920,3,5,952407,975661,
16,9002034,3,0,932517,931667,46,10217509,3,2,971362,946032,
49,7420988,0,6,924122,920282,50,7755886,10,7,951432,921927,
10,4668527,5,4,928088,961194,49,4685724,9,8,973231,962615,
10,6025772,6,0,960855,942465,30,8183076,7,8,965270,977173,
29,7352388,9,2,938027,958693,48,8110107,9,4,953595,978789,
6,347053,6,7,954494,980202,10,2955948,9,8,975614,980213,
46,8645348,7,1,923880,941025,48,8870830,7,7,958894,948968,
27,527803,2,0,937565,959130,27,5658490,7,0,957734,969331,
45,7452959,1,8,965784,954724,45,10187909,9,8,978776,968051,
38,2883542,7,6,967415,959241,41,5141897,8,7,970243,963781,
49,5971095,10,2,942334,974703,50,8845715,10,4,978832,980941,
18,7702232,10,3,969059,960148,41,9023880,10,3,980560,978624,
2,116601,9,3,963800,976885,2,7417641,10,4,974610,980855,
16,5418531,4,5,951792,956715,27,6246560,5,7,977270,979729,
49,3938508,6,3,969561,931283,49,8460467,6,8,976084,963769,
47,796111,0,2,926438,925721,47,4901147,4,2,963545,939097,
34,3185266,10,8,940151,921208,44,7570915,10,8,953178,932969,
22,224057,3,8,959334,948283,41,3812370,3,8,977996,959276,
32,6111844,3,7,931934,944150,36,7772591,4,8,942554,980067,
21,7796619,6,4,950652,956943,39,9259932,10,5,964406,961048,
48,6167829,4,7,927737,966362,50,9129335,5,7,967580,978650,
36,3017635,1,4,940226,944502,38,4232264,10,4,944682,962732,
46,1867519,9,0,944929,931409,46,6403277,9,6,954931,949733,
26,4081423,7,1,927017,974282,46,4115186,10,7,972962,980911,
38,4515292,3,5,950352,959105,41,5593244,4,6,951735,961386,
15,8431992,9,1,979331,945321,46,8932182,10,8,981182,976553,
48,2590545,4,7,944303,959702,50,7489331,6,7,956475,972548,
37,7174490,10,7,944208,925980,38,9313136,10,7,962001,954585,
45,2615178,10,5,954344,933233,49,9116121,10,5,966193,953070,
46,7036822,4,8,955944,948908,49,7242963,4,8,973412,964024,
45,9551052,7,4,936606,920273,47,10399718,8,7,953668,952518,
49,2859690,1,3,954354,967743,50,6857366,5,3,962370,974468,
37,690503,7,6,943378,956235,49,4243727,9,7,955417,968540,
14,8439821,4,8,964839,962595,42,9867490,9,8,980364,975969,
43,1592851,9,5,972856,940391,47,5426217,9,8,980386,974021,
36,4822542,6,8,959851,924051,37,6737396,10,8,978683,953570,
32,2945067,4,3,945349,929266,38,3034751,8,7,955257,963124,
9,4802020,1,3,929637,924249,24,5851413,2,5,935700,935697,
10,9035379,10,6,936326,936352,49,9399125,10,6,945569,942945,
13,9801465,6,1,931235,920608,48,10368613,7,5,977508,952320,
15,2867978,9,4,967033,959717,21,4233334,9,4,980315,962240,
48,10140231,1,7,948186,928783,50,10489862,9,7,953204,974375,
10,2265355,6,8,978761,972665,40,6448459,7,8,980103,980622,
40,9327647,9,1,949228,953553,47,10327547,9,2,971541,974418,
39,9136518,8,4,948831,936232,46,9433078,9,4,967890,969472,
47,7521023,0,3,958817,954467,47,8782378,5,3,960257,964161,
34,3267086,10,5,977309,968408,38,4806097,10,7,981181,979361,
33,916256,10,6,975197,921971,39,4375370,10,7,981088,977773,
50,1786053,3,4,964461,964995,50,5637335,3,5,975248,975198,
47,7828889,4,4,979561,940409,48,10316361,4,8,980321,972729,
18,6611812,3,0,930615,933881,41,7560528,6,0,935754,978179,
44,5936572,3,6,966326,954863,49,8090430,4,6,980761,962810,
26,8562247,8,8,946136,934479,43,9842394,10,8,968607,975025,
37,6751280,0,8,944136,960026,41,9588047,3,8,959518,977517,
32,5321910,9,2,924246,968577,35,7208899,10,2,961449,973821,
43,2764286,9,7,963395,945932,50,6801991,9,7,976790,961298,
19,7608634,7,7,945253,937353,49,9926397,7,7,958531,946202,
48,280036,8,0,979437,941295,49,7286128,10,0,980558,972279,
50,3309765,10,5,970776,971078,50,9914539,10,6,972308,971757,
45,8051006,5,5,950729,955451,50,8546340,7,6,954367,975499,
35,6967096,4,1,970096,946369,41,8343711,5,4,973933,961201,
46,7369811,0,3,948339,978217,47,8762850,8,3,976619,980515,
31,6295268,2,0,945744,939104,31,8539562,3,1,971894,972669,
34,7540378,9,0,958707,926860,50,9600110,9,0,979790,956443,
46,1614853,6,2,923019,950252,48,10334170,9,7,943739,977587,
1,2148616,0,4,966814,968333,12,6105524,0,4,980448,972479,
48,4368494,9,6,949705,967152,49,4893288,10,7,975831,979524,
10,4294187,1,6,939092,955727,25,8917672,6,6,954707,971794,
50,4553953,8,7,942763,929804,50,4854938,10,8,978468,964800,
28,8402291,2,8,941036,937155,44,8760267,8,8,941769,954965,
6,9081822,7,1,935818,956293,46,9677155,10,1,962538,967307,
27,9433949,5,0,953120,947478,46,10168111,10,4,971329,968452,
49,9408647,4,6,952900,951361,49,9792941,7,8,960362,974771,
26,9114012,7,1,942337,939800,46,10311326,9,1,956920,961925,
47,5435754,4,6,954422,980199,47,10205846,9,8,977545,980935,
50,3259335,0,8,970022,930246,50,5970809,0,8,971553,971963,
12,4166850,6,8,952841,978169,25,7971508,10,8,975571,980736,
42,7301876,8,7,950846,966213,44,10176161,10,8,962264,980539,
20,4162480,9,5,929492,940580,21,9143848,9,8,953494,972430,
42,4931233,8,0,952498,976812,50,6247458,8,1,972473,981024,
46,6112505,2,7,968465,924393,49,7334986,6,8,972708,961206,
46,4803281,8,5,942038,947056,48,5222050,8,5,966732,955274,
41,8048301,9,7,960357,961194,48,10388422,10,7,977224,964804,
36,2366693,1,5,970269,979040,45,4397001,5,8,971126,980185,
35,8083584,6,5,950191,944278,40,8494571,10,6,980726,960011,
49,8765512,4,4,926511,971874,50,10117591,5,7,979747,980604,
32,6970214,1,1,965407,957102,35,9828372,2,3,976694,977513,
42,2486907,1,7,946388,924515,47,4429832,9,8,965602,947496,
2,1348400,1,7,969303,937407,9,9947594,6,7,980380,968776,
29,3696851,9,6,948706,937040,40,3718536,9,8,957324,957267,
30,5443875,2,5,968784,952467,41,6030964,2,6,977308,964081,
46,2967413,10,8,939592,948358,50,9009431,10,8,944786,951733,
45,2627894,6,1,929692,979456,45,8684777,8,2,978716,980219,
44,4492844,6,4,924723,965329,45,7033207,6,7,963815,977817,
27,9201257,6,0,939624,931850,45,10299056,10,1,955524,967046,
30,6975835,4,8,941476,924788,48,7158410,10,8,972802,943884,
21,1689868,10,2,956362,967299,21,10255304,10,5,966383,976672,
35,9393979,1,5,942127,939245,47,9855022,3,5,968450,968090,
48,6328592,8,4,925902,936720,50,6714585,8,4,942543,976963,
31,6053624,8,5,931452,925511,49,6334411,8,7,967102,932792,
39,5787160,5,3,947228,954116,39,9126930,5,8,951394,976966,
8,4590383,3,5,963043,973158,34,6617680,7,5,973775,980105,
14,5442345,7,8,934618,954730,41,9029459,7,8,955124,969006,
11,6939017,10,1,939003,967508,40,10412566,10,5,965707,976343,
6,1894325,1,2,938558,949997,43,1939551,9,3,946393,953539,
15,7701796,5,3,951281,949730,40,7764061,6,5,970568,978620,
14,3009490,10,6,966918,948494,20,7705905,10,8,971721,969509,
17,791300,1,0,926562,970430,28,1633097,4,8,974903,971892,
45,4929208,6,6,931572,945254,45,5145836,8,6,966482,951577,
36,7874084,10,5,928525,932291,40,9005012,10,6,952590,968083,
50,9665200,9,1,959204,970852,50,10345537,10,5,981074,976418,
8,5435959,8,6,925049,932938,40,9486476,8,6,937862,953265,
39,7009859,7,6,954071,928043,43,7952294,7,8,967649,953005,
46,8613160,5,5,958100,946253,49,8658779,6,7,979931,962519,
40,5750935,9,5,952645,968492,50,5929807,10,8,968722,975421,
37,6380333,10,4,948227,968518,40,9617442,10,7,961828,980900,
22,397686,1,1,980258,944778,29,4225539,5,4,980801,979619,
22,2749944,3,7,935799,923589,48,3016182,4,8,966461,935368,
31,7860767,2,8,958951,967096,40,10461438,5,8,974824,977996,
36,586076,0,6,976326,980220,45,3503673,10,7,981161,980714,
41,3801537,10,6,926703,976707,44,9949185,10,6,974368,980388,
44,7191226,0,6,920935,958875,44,10229246,9,6,954731,980170,
28,1295382,8,0,944811,967270,32,2829269,8,3,977880,976967,
47,4036007,5,8,920329,937587,47,8633614,5,8,975312,940323,
35,6498378,10,7,943761,952319,46,8590311,10,7,951549,972995,
49,6678605,1,2,944596,948266,50,6728037,4,4,973760,950754,
24,2684702,10,1,957098,946003,35,3954401,10,1,960780,955706,
46,7535648,5,5,920588,945894,46,8068347,5,6,956934,974667,
50,8961895,2,5,935710,937549,50,9720668,2,5,980096,946028,
40,4461998,4,5,946695,942305,40,4491416,10,6,967726,976732,
49,2246492,6,2,978922,929388,49,8516895,8,3,980379,977179,
36,1442799,10,3,927361,960139,42,3828519,10,3,963076,976175,
42,4614640,6,8,970769,964510,44,7804523,6,8,970852,973575,
15,3640406,5,7,942989,928755,23,10039939,7,7,950268,949198,
18,5636819,4,7,953997,969514,42,6249440,4,8,966613,970815,
22,5243387,6,5,925587,939402,29,5587567,9,8,939926,940347,
43,5922482,7,6,964463,940408,45,6970835,9,7,973105,961901,
48,7483388,5,4,937685,976480,48,8415390,10,6,978342,980864,
38,9571744,8,6,926717,958563,48,10135246,10,7,966667,971628,
8,9888661,1,0,941046,941300,49,10018933,2,6,958542,968111,
18,2644720,7,8,946866,925964,26,2933258,10,8,980828,943773,
48,8524003,2,5,962606,937967,50,10359853,7,5,976316,961609,
25,9003763,6,5,937671,968082,47,9941075,10,8,966704,978874,
43,6352694,7,7,945151,928136,47,7266938,8,8,959710,948113,
45,9584741,4,4,954673,965099,49,9715430,9,5,970565,979574,
38,7141062,10,1,924052,955008,47,9845603,10,1,958870,979336,
25,1964564,7,3,979860,955821,47,2979553,7,8,980601,976104,
50,6071648,8,7,965899,959118,50,7011726,8,7,978664,978077,
41,611600,10,6,942877,923733,44,10087854,10,6,975233,949185,
14,4157997,8,3,921865,968398,26,7161945,9,4,964521,971230,
33,7331954,9,8,953917,963720,45,7600193,10,8,975926,970320,
14,5331487,3,5,937238,965423,29,9436270,5,8,967945,971333,
44,2818483,3,3,935825,967813,46,5181834,9,3,966493,975472,
24,4879192,8,5,940135,955345,50,4967476,10,6,959234,960990,
36,4120355,10,3,963598,935405,47,5625281,10,3,979151,963960,
50,9984886,7,8,930805,934902,50,10455290,9,8,959467,963907,
49,408779,10,4,945909,929634,50,8353235,10,5,966410,949948,
38,8447510,9,3,935146,935720,43,10424832,9,4,951985,965853,
48,4199326,4,0,938991,922913,49,6203809,6,2,942281,933076,
36,2883372,2,5,940215,920419,48,5997725,6,5,948340,939106,
46,349685,8,6,965738,947617,47,5884695,10,8,972127,964713,
7,6144682,10,8,945577,945451,33,7637500,10,8,958696,954441,
41,9887671,5,4,937842,925773,49,10164824,7,7,946147,973615,
42,1238536,8,1,938534,955838,46,4162832,10,2,977436,966487,
5,2758182,1,2,980103,968349,18,7788708,3,2,981120,972284,
24,9073556,8,3,966188,955537,47,10391975,9,3,971261,971122,
20,3421121,9,8,966932,958816,23,9739097,10,8,975831,967626,
15,5462208,10,4,926926,947009,29,6202688,10,4,954347,973055,
24,8623073,0,1,959414,954024,42,9166059,8,5,968894,973008,
21,8692491,0,6,935832,961852,48,9375778,7,6,963642,980112,
45,6521010,8,4,958548,961722,45,6622012,10,6,976161,979131,
36,8724771,1,4,962144,958130,43,8768377,9,8,973626,973306,
44,8481640,5,6,940922,949625,44,9807454,6,6,966977,953351,
44,1558806,7,0,961166,965522,48,4312238,7,5,974945,973267,
22,8713457,1,4,954002,959012,43,10103973,2,8,972271,963934,
50,9324880,5,8,930901,929994,50,9515575,7,8,947477,947858,
33,8317800,10,5,951248,949578,42,9026635,10,8,969313,974269,
27,7548908,6,5,940996,936023,42,7637020,7,6,950257,953403,
1,7052465,10,6,956474,943572,48,7095508,10,6,974302,969983,
37,7095898,7,1,949478,923292,39,9296407,8,7,972371,948376,
42,4030984,0,1,968005,960882,43,6117060,2,2,972626,966596,
9,2173475,10,8,953852,963771,18,4950966,10,8,961289,978824,
36,2722265,5,5,966461,939706,37,4200029,8,8,979257,961934,
49,9254219,1,7,966191,966484,49,9484580,3,8,973464,977639,
12,4432321,8,4,933131,925871,23,6149111,8,5,944600,969258,
36,7348408,9,3,948781,936195,37,8101590,9,8,956758,976905,
17,7530758,9,3,979066,957317,44,9558472,10,6,980113,972555,
46,9901363,3,6,924562,941942,48,10331790,10,8,967661,966973,
17,712491,5,2,961227,942619,17,9329227,10,3,962209,974538,
18,319485,3,5,932692,953504,45,7026094,3,8,951044,974022,
16,4548090,6,7,956311,958430,23,5744715,10,7,972865,962993,
31,8019535,4,7,932078,966301,44,8491413,8,8,969713,974057,
11,7525764,9,1,969900,948431,46,9506314,9,3,970932,968321,
41,7038650,2,2,942511,922164,45,7732169,2,5,955590,942590,
14,2103948,10,7,942599,957474,16,9761769,10,8,959583,962099,
50,3524395,7,5,936687,940259,50,4988677,8,5,962051,977612,
46,2256361,5,5,951947,957080,49,4319651,10,7,980955,980484,
50,2170919,8,0,933925,959089,50,9205127,8,4,956699,975204,
17,7367429,6,3,966634,940480,36,7948148,10,8,975877,970989,
34,8437269,7,7,949028,951396,42,8746673,10,8,964973,977447,
43,8412348,1,8,944858,948707,44,10085345,1,8,970811,958878,
12,6988411,9,2,949464,951258,36,7722781,10,8,974540,960251,
46,10180469,5,4,963368,934446,50,10480964,8,7,974044,976320,
