50,9833042,8,5,933071,50,9862176,10,8,969196,
43,5840190,9,8,949900,47,5915070,9,8,963938,
23,7925954,10,2,974818,50,9918412,10,2,980164,
15,9078014,8,2,964567,46,9323040,8,6,971397,
49,10329012,2,3,952625,50,10419884,8,8,973816,
35,1176017,9,8,927420,45,3444060,10,8,964996,
50,9551089,8,6,963800,50,9930296,8,8,977581,
17,4852536,4,8,934470,27,8689161,6,8,940246,
39,9701205,0,4,962795,47,9874474,8,8,979461,
8,8060677,4,4,937879,40,8139712,4,8,979280,
16,2608455,9,4,971152,16,3342370,10,7,972638,
39,4468332,9,8,979803,39,5882673,10,8,980362,
44,7650789,8,3,926563,49,8719899,9,3,930202,
8,1791788,8,5,941046,12,9383661,8,5,949584,
16,4166772,5,2,961691,24,7525357,6,3,970138,
25,9258472,10,7,963831,48,10387054,10,7,971519,
18,3773579,9,6,945521,20,6955365,9,6,957932,
22,4963079,3,8,931426,28,5130237,3,8,947143,
7,5104650,4,2,970292,30,8860403,4,3,970368,
17,10046254,6,3,945220,50,10241789,9,3,967008,
47,8796427,1,7,975600,47,10166973,3,8,980437,
40,7235839,10,0,980839,41,9706303,10,4,981165,
25,7218953,7,6,967224,38,10278307,7,6,979855,
47,9928280,3,0,946547,49,10318576,3,3,976584,
19,6193055,9,2,932976,31,10491232,9,5,955407,
44,9580505,7,3,975485,48,9977950,9,7,980469,
17,6368716,3,7,932042,31,9220945,10,7,970813,
21,1216364,1,4,964236,26,2004836,5,7,975672,
45,9530879,7,6,928186,48,9926849,7,6,960836,
34,9866028,9,1,940480,49,10331603,9,5,952410,
30,1667608,2,1,981038,30,3693627,9,7,981147,
38,9285994,2,0,928324,45,9535092,6,1,971622,
49,7637694,4,2,961136,49,8151488,6,7,969865,
40,6164409,6,0,980828,50,6937143,6,0,981122,
40,8470150,3,3,934680,41,9943664,6,8,965431,
46,6252577,9,3,943177,46,6668385,9,4,956170,
9,4271746,3,4,948063,21,9583823,7,4,973376,
11,5984907,0,7,926677,29,9851303,8,8,962075,
37,8505571,6,3,942440,44,8566745,7,4,966942,
39,7000367,10,4,950583,50,7027879,10,7,952174,
34,8579747,9,1,931689,44,9817865,9,2,944120,
2,7620236,8,6,979975,40,8945762,10,6,980582,
50,593763,2,1,924036,50,5334852,2,1,959701,
34,9313098,4,7,925807,46,10040797,8,8,936296,
21,261605,4,2,966992,26,2106100,5,4,978802,
21,5926203,7,6,933837,30,9799863,8,7,948104,
50,10095525,5,4,930349,50,10157197,9,5,964332,
49,5717796,1,2,977805,49,7444231,7,2,980196,
45,9875711,6,5,932488,50,10004736,8,7,941584,
42,1894266,1,4,950217,45,3915704,6,6,975729,
46,3476528,1,8,970672,47,4950706,6,8,970868,
3,7257311,9,4,933380,37,9633013,9,6,948190,
46,8798132,10,7,921471,46,9272899,10,7,945856,
24,8107713,10,2,934806,40,8945622,10,7,966592,
43,8539989,7,1,959178,43,8585262,10,8,966568,
50,879418,0,8,967272,50,4987836,7,8,978112,
25,7449673,10,5,950310,39,7533850,10,6,972409,
44,10023952,6,0,936805,49,10377871,7,7,951005,
42,1776596,7,6,961841,50,4172167,8,8,979382,
35,8049066,7,7,966025,40,9223397,9,8,980921,
28,6236307,6,1,967919,32,6662604,6,3,974011,
35,6628877,4,2,936672,36,6664574,10,2,945804,
8,3459666,9,1,949819,17,4290188,9,5,974794,
28,4890021,3,1,966338,34,4900190,3,6,973725,
44,7894348,10,7,957668,44,10105382,10,7,968117,
45,3522897,2,2,926022,47,4324346,2,5,960269,
40,7746572,9,5,959353,40,7936261,9,6,971622,
46,7999608,9,5,980047,48,10253898,9,5,980397,
2,10239290,3,6,945655,50,10418973,9,6,978728,
39,8932542,1,4,957970,44,10043135,9,4,978822,
31,7121205,9,2,955343,35,9389222,10,8,962259,
30,1309962,2,4,980306,50,3373443,2,6,980552,
29,5404296,10,6,963090,39,5449106,10,6,978635,
41,8442418,9,4,980019,45,9039909,9,6,980312,
22,3259861,7,7,980911,50,3454528,9,7,981142,
31,7783596,9,0,973965,39,9178448,9,8,980802,
30,6003424,10,4,950977,30,7416856,10,6,976268,
23,258332,8,5,961226,27,7011868,8,7,964934,
50,9948239,6,2,959421,50,10059645,9,3,980504,
42,10113923,9,3,922663,50,10445044,10,5,949672,
10,4424947,9,4,973205,23,5504814,9,5,980960,
43,5118771,9,5,980121,45,8184333,10,6,980189,
46,4248192,10,7,969370,48,4865012,10,7,972868,
39,9299958,9,8,974521,49,9879275,10,8,980779,
10,4097412,3,6,930029,20,7011349,9,6,953838,
44,8915468,8,8,962492,45,9794223,10,8,980117,
50,6358872,4,6,969515,50,7008957,5,6,978727,
11,9081242,4,0,930212,44,9849711,6,8,959567,
37,8681025,1,7,959308,43,10395326,5,7,975836,
45,707941,7,4,972272,50,4618741,9,4,980638,
20,8179468,4,3,930842,44,9101638,4,4,933950,
27,3682084,8,1,978515,36,3742831,9,2,980319,
18,9092129,6,2,960719,46,9413943,8,3,967884,
48,8721300,10,8,939252,50,8781422,10,8,974105,
20,9265215,9,2,921389,47,10252347,9,2,969492,
43,9247280,5,4,959749,46,9390011,7,7,965403,
15,9182741,0,1,960580,46,9410350,1,4,963304,
9,8511910,5,1,940258,43,9596090,5,1,968483,
41,6944000,2,8,930305,47,6991609,4,8,938246,
18,8901620,2,2,934046,43,10317280,9,6,951221,
6,5748031,6,8,963842,30,9446404,8,8,970675,
48,9178813,5,3,931376,49,9350292,8,3,946503,
50,10112830,1,2,946072,50,10248066,6,3,961702,
15,5287237,1,0,967041,26,10041525,7,1,972851,
38,5458245,6,3,960959,38,7376033,6,4,967786,
13,3915967,10,8,963615,21,6791937,10,8,979835,
12,9763370,4,2,923779,50,10011286,5,5,930460,
30,1567480,8,7,961103,39,3012622,9,8,978416,
31,8625753,2,6,948694,43,8719058,7,6,964744,
26,9791172,9,4,931068,49,9825892,10,7,978739,
41,5889618,6,5,932969,42,5916406,8,7,951366,
37,8442386,2,8,947600,42,9639311,6,8,963866,
8,5124090,0,6,961224,42,5664670,0,8,965896,
35,8818368,9,4,964169,46,9226632,10,4,976029,
48,5731185,5,3,961083,50,6484247,5,4,961860,
20,5860845,10,6,951255,30,8466705,10,7,970841,
49,4522696,4,8,960706,49,6238072,4,8,968332,
37,2909501,10,6,967634,44,3899608,10,6,974116,
30,7404984,1,6,946446,38,8353613,1,7,954513,
13,6398801,7,6,955017,33,7863302,7,6,978464,
49,8854816,10,5,961718,50,9272219,10,5,979224,
13,6777292,8,3,941192,34,8606828,8,4,962588,
33,7119828,10,7,927333,36,9711291,10,7,962049,
11,6753197,4,4,937529,33,8372671,5,6,974756,
46,5785008,4,4,963979,47,6183389,4,4,972031,
17,6326579,1,6,932220,31,8273287,3,8,967416,
49,5621531,10,6,958540,49,5917661,10,7,979006,
48,8528949,4,7,971206,48,9929108,9,8,971318,
22,7573096,2,7,961516,38,8922682,3,8,971470,
43,9129276,2,2,958125,45,9716885,2,8,975381,
46,9920722,4,0,969411,48,10167802,9,8,973526,
27,6592292,3,2,964135,32,8510655,7,8,980552,
45,4048847,1,6,929904,50,4387826,1,8,950468,
7,8743163,6,6,955085,45,8863107,8,6,975224,
12,5381271,4,5,920892,26,6921866,7,8,975016,
49,9662229,10,0,979651,49,9948506,10,6,981098,
49,1306002,2,7,956677,49,4963917,9,7,969082,
40,8932107,10,3,923261,44,10029486,10,5,971450,
44,3162782,0,5,939506,48,4137102,2,7,965820,
1,6779962,4,0,958555,35,8029740,4,0,974812,
44,8308800,10,4,932567,45,9967792,10,4,946986,
47,7374847,1,3,962414,48,7431230,10,4,970692,
45,7417247,6,7,961136,45,8626059,8,8,969424,
50,8313958,3,4,930710,50,8361161,4,7,964485,
33,123723,9,7,979982,41,3739996,10,7,980228,
49,2065714,8,3,979865,50,7230463,8,3,980238,
7,6497328,6,5,959908,34,8672720,6,5,963705,
30,7943792,1,6,965092,39,8041225,8,8,979507,
14,5297887,2,8,970155,27,6790303,6,8,972862,
50,4036560,1,2,956193,50,4618468,9,7,976522,
46,3929534,0,3,921701,47,4499489,7,3,938246,
47,8151397,2,8,979706,47,8580591,7,8,980493,
35,9856418,5,1,958184,50,9873185,9,7,965627,
21,1418180,5,7,954704,50,2460538,10,7,960198,
22,9556787,8,6,964670,49,10269859,9,6,973263,
37,9441402,7,1,958873,47,10177543,9,3,965031,
45,4139885,9,5,956794,45,5008012,9,5,975891,
29,8339256,6,4,979189,42,10057864,9,6,980623,
46,5644129,6,1,980477,47,7410813,6,2,980629,
47,523346,9,1,934969,49,4658310,10,1,960187,
48,3174627,9,1,968281,48,5110492,10,1,976980,
27,6327421,7,6,969602,41,6347900,9,6,979114,
6,9696792,2,5,941031,49,10236004,6,8,946398,
38,9574152,8,0,934124,47,9612325,9,6,978020,
46,4135523,5,6,952757,49,4336937,9,8,972729,
50,5397760,7,7,965109,50,5756410,8,7,979182,
36,8846117,9,0,965618,46,9146681,10,0,972953,
22,661284,8,2,981037,50,4508756,8,3,981195,
33,8319757,7,1,958121,41,10244498,7,6,977508,
47,1126854,10,6,939199,48,5635556,10,7,940320,
36,7195550,7,1,966297,47,7659495,7,5,970110,
45,1611536,4,5,920367,46,4401114,5,5,956572,
30,9100456,0,7,970789,47,9862094,2,7,972258,
19,9073572,4,1,939792,45,9453006,5,5,941702,
36,8179499,1,4,937215,47,8793230,4,4,940128,
39,8779869,9,7,951469,46,9595515,9,7,964521,
42,8710786,10,8,964488,47,8951516,10,8,971902,
24,9907921,7,6,925535,50,10040854,7,8,954333,
16,6604914,8,5,970633,33,9375570,10,8,972879,
30,9698902,4,0,954259,48,9848855,8,1,966949,
48,2968645,7,3,953997,49,5013501,8,3,970266,
31,7598226,10,2,957960,38,10154702,10,7,964325,
30,1517123,6,5,952699,48,2963234,6,8,972120,
16,7348249,0,8,959729,38,9910510,0,8,977620,
31,8604450,3,2,964598,42,9199511,9,4,978150,
43,2638449,10,7,920405,48,4290077,10,7,949286,
46,8122036,9,0,970116,46,9415972,9,0,973807,
4,8306561,6,4,969509,42,8759816,8,4,979733,
10,3739899,7,8,971190,22,6144266,10,8,971748,
40,9375287,5,6,931872,47,9675624,5,6,976117,
44,8900023,2,6,979231,44,10048378,9,8,980821,
50,10301683,0,0,954845,50,10467304,4,7,969882,
14,5997241,3,6,941503,29,8561742,10,8,974221,
9,5491153,10,2,960396,28,8882118,10,7,961151,
12,9252895,9,7,938893,47,9445285,10,7,958844,
44,9174568,4,4,953841,46,9971991,9,4,961711,
18,8327368,6,2,960463,42,8819909,9,3,966709,
31,8145375,10,8,970930,44,8386492,10,8,980912,
26,4825136,6,8,966940,26,6821254,6,8,980750,
47,6419423,6,7,925779,47,6494363,8,8,944813,
32,6469665,5,2,976610,34,8242742,5,8,980290,
25,9004710,3,2,946251,44,10035033,5,6,964874,
27,6386333,9,8,930753,47,6444868,10,8,931911,
27,8992989,5,2,975833,46,9082045,7,8,980484,
40,9048782,10,2,960774,46,9602478,10,7,963952,
38,8993390,1,1,979829,47,10144530,1,3,980480,
46,9268150,9,0,968686,47,10219873,9,3,978721,
24,9422261,1,0,939020,46,9541300,5,1,964408,
33,7121297,2,8,975929,39,10360357,7,8,980153,
32,9038121,4,5,926509,44,10124357,9,6,962878,
32,7440074,8,0,930683,36,10200870,9,6,980029,
2,3295730,0,8,978181,17,4076485,10,8,980344,
30,6023120,8,7,932837,30,6857730,9,8,959191,
20,9757320,10,2,935099,50,10446908,10,3,947832,
50,9810774,8,4,946638,50,10490580,9,4,962341,
19,5216507,6,4,949546,26,9735602,10,4,966059,
48,10169899,2,4,924603,50,10259009,9,5,949132,
2,931666,4,1,971230,47,7129397,4,1,975074,
16,5088023,7,5,955291,26,5725874,10,5,965075,
13,7747540,2,4,980769,46,7800442,4,8,981089,
13,1558714,9,8,981087,23,5696264,10,8,981173,
49,9513471,0,3,966564,49,9650569,8,3,980267,
1,4037492,10,8,958080,21,8004899,10,8,977270,
18,8999165,9,7,979602,48,9794811,9,7,980777,
40,6660687,10,5,934033,40,6903007,10,5,961198,
50,9785042,7,5,957688,50,10054899,8,6,974650,
50,9964733,6,1,944331,50,10087476,7,3,962290,
45,9492697,7,8,927407,47,9907294,8,8,977143,
49,3966693,1,7,938304,49,5013728,2,7,959507,
37,9816178,7,7,956055,49,10389178,9,8,966335,
20,7136071,5,1,979836,37,7974286,7,1,981086,
28,4789363,3,3,968974,29,4820476,5,5,978767,
45,9129566,2,7,960195,48,10358694,3,7,960593,
4,1347844,7,3,980012,7,8126698,9,4,980555,
31,8443547,6,5,923748,41,9585537,10,7,953255,
46,3640249,3,5,949840,46,4539019,4,7,962842,
27,2540042,10,3,970110,37,2734219,10,7,973684,
44,10024251,1,8,926800,50,10470601,8,8,933467,
46,9812097,0,3,926058,49,10127326,1,3,960975,
33,2534980,5,2,955686,44,3393488,7,2,967691,
37,2456272,3,4,958653,47,3470160,10,8,963167,
13,2910287,10,4,966682,41,3027170,10,5,970163,
28,8381676,2,3,954940,41,9893181,10,4,961760,
29,5325306,7,5,964225,34,5334317,10,6,974538,
38,2636415,10,6,930934,49,3768399,10,8,942060,
41,8702001,8,7,978922,45,10137099,9,7,981150,
49,5202279,8,1,980751,49,5905794,10,2,981153,
41,9669861,9,5,954559,49,10263765,9,7,969295,
9,7017618,5,6,972528,40,7894004,5,6,980395,
42,9484869,2,8,943560,47,9659186,8,8,965999,
37,7621492,5,8,929656,39,7820583,7,8,931259,
18,4980352,10,7,972713,29,6040049,10,7,980416,
14,5064275,7,3,955658,25,8177792,7,7,974097,
24,9528249,2,7,949712,47,10047711,10,7,957048,
34,9397549,4,7,966609,47,10434414,8,7,975678,
34,7033512,4,6,921238,35,9636037,4,7,974087,
30,8784280,5,6,963363,44,9327016,6,7,971247,
12,3620395,4,6,942715,47,3622487,10,6,964759,
39,10186656,8,5,934704,50,10457975,10,6,969365,
17,5029526,10,3,925213,25,10009196,10,5,961783,
29,1663349,9,0,926738,32,2797029,10,8,930830,
1,10096618,4,1,943187,49,10443249,6,5,976858,
28,8848914,3,4,940817,43,10305945,7,5,979449,
14,4586433,8,3,952340,24,6069677,9,3,963756,
23,9139083,8,8,923127,46,10252417,8,8,956020,
48,5181378,8,8,979781,49,9752532,8,8,980211,
33,9395283,3,1,932666,46,10474659,3,8,967896,
39,9254789,9,7,940562,49,9296538,9,8,963219,
23,1282999,2,0,931377,36,2200685,6,0,961579,
11,6654590,5,6,955796,33,9789900,10,6,973125,
33,6792483,10,0,978204,42,8175508,10,0,980215,
38,9336764,10,1,976892,50,10434413,10,5,980169,
47,9478568,3,1,928970,48,9531691,10,2,931082,
29,2254046,3,8,957609,46,3031687,5,8,960928,
29,8784287,6,4,933508,43,9803953,10,4,971930,
45,10088079,9,3,930087,49,10241426,10,8,966119,
44,7119550,10,0,924202,49,7136220,10,3,947298,
18,840265,9,7,971214,22,6819954,9,7,977194,
48,9987729,5,1,963871,49,10389109,7,4,981194,
47,9347227,10,5,977323,50,9887126,10,7,980393,
13,1175500,8,6,969090,34,1680187,9,7,970168,
46,9609592,8,3,980204,50,9754829,9,5,980923,
47,612101,8,3,979504,47,4966061,10,4,980655,
50,1379467,10,6,950361,50,5140521,10,7,978075,
9,216619,2,7,925382,22,848797,9,7,964680,
27,110309,10,8,981030,40,8823316,10,8,981157,
19,6480602,3,8,964195,33,10210010,5,8,976579,
45,190713,0,0,941460,49,4216641,7,5,955462,
12,7413532,6,2,970728,38,10426342,7,4,976738,
17,8005921,10,7,930052,42,10159869,10,7,931660,
50,4826695,8,1,937861,50,4915707,8,8,978423,
16,584909,0,1,981119,18,3466955,8,5,981123,
50,7198744,1,8,927211,50,7365291,1,8,973584,
45,9436686,9,8,946272,48,10044012,10,8,955140,
32,8925357,4,7,949550,44,9024034,6,8,974865,
45,10320097,3,3,931616,50,10414617,8,7,960006,
22,9251491,4,3,923551,45,10213782,5,8,952201,
42,7600564,10,1,970146,42,7766078,10,4,977245,
4,5515678,0,7,980441,47,5555064,10,7,980606,
26,7459426,9,7,980908,43,9956044,10,7,981047,
48,2325012,0,2,966735,49,4843524,1,3,971215,
24,3127766,6,7,961196,24,5683174,8,7,963371,
5,257013,10,8,956568,42,567748,10,8,964011,
48,2765995,4,5,940342,48,4613267,7,5,971227,
29,403785,7,7,968768,32,3261572,7,8,970530,
27,6252277,2,1,938950,30,7898490,9,7,972200,
39,5563258,10,4,921838,43,5728556,10,4,935023,
50,1736675,10,2,948509,50,5106205,10,3,962096,
2,5625014,4,1,973561,36,5646872,9,2,980492,
37,9095811,0,8,935012,47,10415997,0,8,954508,
50,6122459,10,5,959432,50,6346732,10,6,971841,
45,1246392,9,5,956235,47,4657136,9,6,970095,
33,6570306,10,5,950072,33,9265312,10,8,960241,
5,2976031,3,7,955661,15,7219070,4,7,973233,
10,4542168,8,4,980497,24,4969188,10,5,980786,
8,3709680,0,1,952750,18,9363478,6,8,962150,
37,4395478,10,8,969178,50,4501565,10,8,977528,
