49,466885,5,6,49,4681361,5,8,
30,9643683,4,8,47,10102614,7,8,
35,9384365,10,2,47,10319487,10,2,
27,6210842,5,4,30,6592176,7,8,
31,2438451,5,2,46,2902633,9,3,
18,6736143,8,4,33,9969164,10,4,
6,5471781,6,8,27,9999314,7,8,
44,5930022,9,2,44,5955363,10,4,
34,8794541,9,8,44,10181520,9,8,
29,6578281,5,7,32,8889867,9,7,
21,5954562,4,8,29,9856037,9,8,
9,9624721,10,4,47,10322306,10,6,
33,8589701,8,7,42,9711388,10,7,
48,9908357,4,3,48,10459348,7,4,
37,9028900,3,5,44,9514800,5,6,
47,10028142,3,6,49,10154631,5,7,
48,1934902,4,3,49,4506918,4,7,
49,4401663,5,2,50,4856930,5,2,
43,2719157,6,0,48,4071554,6,2,
31,7985867,7,7,40,10460605,7,7,
27,9261359,1,5,45,10169665,7,5,
26,8527518,7,5,42,9445105,8,5,
41,521639,2,5,50,3846709,5,6,
44,9066203,8,4,44,9157808,9,7,
41,8424166,6,5,44,8439814,7,6,
36,8110358,0,5,40,9486201,0,6,
6,9251074,5,8,46,9295408,9,8,
41,9516247,4,6,46,10471111,6,8,
32,805253,3,3,46,2930780,9,7,
4,7011939,9,0,34,10444263,9,5,
10,7567348,10,8,38,10252788,10,8,
14,6502561,9,1,35,6534281,9,1,
33,7576264,10,0,37,7742745,10,5,
41,9292789,10,1,45,9826067,10,7,
29,9302947,8,1,46,9776151,9,1,
37,9256302,10,6,46,10402027,10,6,
31,7255746,1,2,35,9183689,3,6,
27,328793,4,2,47,2604762,4,4,
20,1566815,5,7,39,1925390,7,7,
31,1536919,10,7,49,3033934,10,7,
48,8867096,6,8,50,8894694,7,8,
31,10155265,9,0,50,10212893,9,7,
41,3698437,7,3,41,3827566,10,5,
40,9735916,5,3,47,9786540,9,8,
50,2103014,2,3,50,4642216,5,5,
22,9640985,6,5,47,10097319,7,7,
48,129333,4,3,50,4591645,4,4,
36,10147331,6,4,49,10336288,10,5,
10,5954443,8,8,30,5990525,10,8,
35,9949925,3,8,49,10018690,8,8,
49,4240040,6,8,49,4673296,9,8,
49,10061371,2,7,49,10284340,6,7,
30,9414445,6,0,46,9459769,8,4,
39,9500526,7,0,46,9847331,8,3,
7,5028365,7,3,30,5048921,7,3,
26,7866227,4,5,38,9748279,8,7,
1,7448006,5,4,37,10429075,5,4,
48,9904285,10,2,49,9944827,10,6,
43,4032139,5,8,49,4158608,6,8,
9,6626976,1,6,33,8516092,1,6,
44,9706196,0,8,49,9737419,3,8,
45,4050050,10,8,48,4445467,10,8,
18,8406069,7,2,46,8418806,8,2,
1,6503406,6,8,32,9674168,8,8,
35,9647458,10,8,48,9935618,10,8,
7,9271410,4,4,45,9875430,5,7,
34,7154334,3,8,41,7178716,3,8,
37,7955349,7,8,39,8476557,10,8,
33,6768692,2,8,33,8306557,5,8,
18,7946866,5,8,39,10443011,7,8,
42,9674678,4,3,47,9954788,5,5,
12,6756945,9,2,33,9337197,10,3,
46,3139866,0,8,48,4292886,6,8,
50,9959656,3,7,50,10261821,3,7,
20,2636342,6,0,41,2639506,8,0,
49,8833645,10,4,49,8930713,10,4,
23,8234780,10,2,41,10430383,10,2,
45,9555952,9,8,48,9800644,9,8,
45,9858657,1,1,50,9869603,3,4,
14,4966184,1,0,24,9052901,3,3,
22,6217322,5,5,30,8258725,10,7,
30,7769595,5,5,38,8452267,9,5,
44,9353832,4,7,46,10434712,6,7,
49,9994084,1,8,49,10237877,4,8,
48,10149596,7,3,50,10256326,10,3,
49,9186671,10,4,50,9227955,10,5,
5,8185973,8,2,40,8712260,10,2,
22,8464349,10,2,42,8812865,10,2,
44,10182699,10,0,50,10487345,10,2,
21,8252109,2,4,44,8285866,2,4,
32,8792781,10,8,46,8851770,10,8,
33,9780274,5,0,49,9793785,5,8,
6,7150454,10,6,36,8688693,10,6,
41,9085506,10,4,45,10300939,10,5,
49,9537339,0,3,49,9548155,6,4,
11,6486597,9,6,32,9625281,9,7,
8,9388512,8,2,46,10045870,8,5,
50,6552740,2,2,50,6575992,2,6,
28,1227061,6,6,36,2608345,10,8,
49,3385606,1,6,49,4561674,5,7,
46,7888092,10,5,47,7921067,10,6,
8,9461651,9,3,47,9522208,9,6,
19,9124887,3,2,44,10022014,6,7,
44,8987547,6,8,44,9981016,9,8,
46,2603715,2,6,46,4266222,10,7,
35,10157648,4,8,50,10334742,5,8,
46,7565905,8,2,46,7709069,8,2,
31,7191340,9,5,35,10265858,9,8,
13,8206130,2,5,40,8822656,7,5,
33,10122561,9,2,50,10280700,9,4,
49,7320386,9,8,49,7470318,9,8,
33,1581845,10,4,41,3241610,10,4,
42,8300294,10,7,42,9191329,10,7,
37,9153551,6,2,44,10131061,10,7,
5,2459798,6,2,12,7007586,7,4,
25,7886395,7,2,39,8709000,8,2,
38,2878919,4,1,47,3579287,6,2,
18,4947741,9,3,24,9229130,10,6,
48,10345211,7,4,50,10483814,10,7,
26,10337935,0,2,50,10402866,6,4,
22,4484852,6,0,22,4522942,6,6,
36,9106128,1,5,44,9653197,9,5,
27,7762209,7,8,39,8040961,7,8,
25,7563535,6,7,37,8781309,10,7,
36,6491647,8,7,36,6586364,8,7,
43,3187982,4,8,45,4122266,5,8,
2,5340545,1,6,26,9417669,5,6,
2,4867516,8,8,24,5657501,10,8,
40,10226902,10,4,50,10413914,10,7,
11,7769189,10,7,39,9433520,10,7,
44,10079708,1,2,49,10193259,3,3,
38,10112661,1,2,50,10116834,7,8,
50,9744668,4,6,50,9794855,4,8,
25,9615541,8,5,47,10423528,8,7,
34,9642067,2,7,47,9805396,5,7,
37,10103871,2,5,49,10240273,8,5,
15,5431494,10,7,27,7310691,10,8,
30,10391803,4,3,50,10430769,9,8,
17,4832139,9,8,24,6297121,10,8,
36,5842673,10,8,40,5867952,10,8,
47,9569314,3,4,47,10326507,3,6,
16,8446504,9,1,41,9184750,9,8,
19,5994994,9,8,30,9375138,9,8,
26,9639843,10,8,48,9998921,10,8,
29,9748133,0,6,47,10423902,10,7,
25,9367480,10,1,47,9398846,10,6,
41,9898316,2,7,49,10342901,3,7,
42,9464091,8,1,46,10061096,9,4,
25,9509399,2,2,46,9617691,8,3,
18,7422759,8,3,36,9278101,10,5,
48,9785997,5,3,49,10104633,5,3,
50,8330479,0,0,50,8388696,0,2,
35,8232061,2,1,40,9696671,3,4,
27,8909973,5,0,43,9592995,6,5,
1,6229085,2,5,30,9305883,6,7,
28,8861134,3,6,45,8879790,5,7,
44,9560967,4,6,47,10004168,6,6,
36,10095587,8,7,49,10401598,10,8,
47,3723347,9,7,48,4668432,9,7,
43,9860638,9,5,49,10102107,9,5,
17,8039817,10,1,39,10073114,10,6,
41,3678336,10,1,49,3835723,10,8,
43,9187739,6,6,45,9432111,7,7,
40,8482883,9,6,42,10018065,9,7,
43,9276637,10,6,49,9303628,10,7,
15,9494343,9,2,46,10265646,10,6,
15,8157883,6,4,42,8164002,8,6,
49,4051165,2,0,50,4583319,7,0,
40,9045983,6,5,45,9150845,7,5,
14,9950953,9,8,49,10409612,10,8,
18,9531473,6,0,46,9680834,9,4,
30,9153248,2,0,44,10153176,4,8,
39,909440,6,2,40,3625085,8,6,
8,8795230,8,8,44,9780977,8,8,
32,7440074,8,0,36,10200870,9,6,
19,9052937,10,2,44,9639539,10,7,
50,8430772,8,2,50,8439942,10,6,
47,3696821,3,0,48,4356039,7,2,
48,9337840,10,6,49,9368624,10,7,
40,7628533,3,4,40,7687675,4,4,
35,7422789,0,6,36,10010864,10,6,
36,102360,1,5,41,3419293,4,5,
34,8637928,4,4,42,8755445,6,6,
29,10087401,2,8,49,10242977,7,8,
42,1845457,0,7,44,3983086,1,8,
25,9953821,2,6,49,10473790,2,8,
3,160971,9,8,17,299223,9,8,
40,2823048,9,1,47,3893147,9,1,
49,10000975,4,3,50,10389151,4,3,
30,7878504,8,8,39,10057617,9,8,
45,9492697,7,8,47,9907294,8,8,
28,8122502,3,3,39,8716201,10,6,
20,5120799,8,4,25,7081422,9,5,
