14,3136834,5,8,933045,959392,952080,26,7977076,6,8,959200,961105,980654,
5,9325745,7,4,927548,946921,941340,48,9600083,7,6,967112,978517,954677,
45,1093842,8,7,969594,941043,965793,47,8887203,8,8,976426,966187,981214,
50,9551089,8,6,963800,967461,948359,50,9930296,8,8,977581,977315,975369,
46,9257176,8,4,942495,943937,938488,47,9503775,9,5,974595,954226,973664,
21,7292190,4,5,925541,926296,966695,42,8044833,5,6,977086,967699,976901,
46,8217230,1,2,937682,946639,932608,46,9557469,3,7,949358,957523,979088,
45,4313694,3,8,945560,966806,960884,45,8118493,9,8,974002,971643,961812,
42,6878491,10,2,969381,925279,941144,47,10000701,10,3,971605,965912,976438,
27,6047287,9,8,935238,925053,924131,42,10265363,9,8,948408,936141,953548,
44,2811192,10,3,947099,937506,955882,45,6731243,10,7,959908,968488,965798,
11,4265121,2,3,932894,939404,956296,38,4814006,2,3,968928,958226,976463,
28,2253259,2,8,925610,942543,946239,35,3920572,8,8,946423,952669,953117,
20,9059532,7,3,940092,951700,967984,50,10437767,8,6,966291,975631,973886,
10,2675230,0,1,939843,940765,941267,16,10128720,8,1,941244,958275,964448,
50,4294572,3,6,927958,946644,961322,50,10061305,4,6,978959,964643,971799,
27,6785321,6,8,926169,930260,938979,46,8343226,6,8,947318,934738,963386,
33,8993344,8,7,970779,970859,922190,47,9337842,10,8,980629,977816,978164,
38,4393923,5,4,922208,932342,969457,47,5141642,7,5,967576,968112,971109,
39,7000367,10,4,950583,934209,938576,50,7027879,10,7,952174,978498,980829,
33,7567724,4,0,956142,966817,956716,44,7885273,6,5,973122,970232,962858,
31,6565966,10,1,936572,935442,955152,37,8711063,10,4,967965,957756,966179,
6,1388576,2,8,967206,958243,944307,10,5414066,3,8,974469,961733,977559,
4,7653203,3,4,936218,941266,935856,50,7816662,10,4,949407,979282,978965,
36,5493544,10,8,928655,945759,955349,40,9911110,10,8,962723,952922,964866,
47,9486421,3,3,928860,958373,940468,48,9614238,9,3,979854,961740,969818,
37,5213195,9,4,936304,949035,947420,45,8990703,10,4,947528,980696,980663,
49,7757568,6,5,930909,923841,928640,49,8119622,7,8,970299,955484,937647,
11,114953,6,0,943992,951398,925209,11,6562336,7,4,959593,973008,954532,
1,2425366,8,7,921505,922236,942168,13,9864726,8,7,965424,980523,957150,
25,4025062,9,6,922459,953973,967815,28,5801804,9,8,969178,977849,973721,
35,777040,5,6,924490,933796,932175,41,9173712,5,7,938612,954173,964540,
16,7622502,9,4,940570,958402,931003,46,9952155,9,8,963558,980762,958105,
38,5723885,10,0,960757,935998,978373,40,8194408,10,4,976163,972997,980885,
44,6438559,4,1,946226,953542,920555,44,8525792,5,6,959467,970475,952154,
8,6097636,5,3,952281,979940,961353,40,10464823,5,4,971884,980398,980666,
40,1817095,5,5,933671,926867,968601,43,4224698,5,5,977211,979445,973719,
50,1309676,1,6,938253,950525,936353,50,5589644,1,7,968518,952467,967604,
37,1996066,7,7,953132,945079,969607,46,6657149,7,7,965240,976759,971113,
40,9980870,10,0,965311,952430,963033,50,10408230,10,5,975643,975435,970906,
49,1388238,8,4,956355,965359,948590,49,7185471,9,8,961239,975273,976550,
31,7237478,2,6,962335,949741,936164,43,7587488,9,6,972800,964366,972470,
42,8273905,3,2,946893,942154,924615,45,8305112,6,3,952456,980238,979306,
49,3177956,2,5,934456,948974,930195,49,6895777,3,8,948947,974000,950905,
45,8429757,5,0,935397,966221,962980,47,8802219,5,0,974646,980377,973083,
42,9784835,7,6,937716,929065,932323,49,10412644,9,6,958924,973267,972517,
48,6520200,1,1,954155,951015,968149,49,7150526,6,6,967939,966490,980589,
49,6676042,10,3,957360,927985,968757,49,10290018,10,7,961494,971064,977122,
33,6866929,6,8,947294,957832,927530,49,10427211,6,8,974471,961970,953004,
29,8217293,7,0,950697,951204,929991,47,8985263,8,1,962977,953046,961034,
40,2826430,1,2,968201,965908,941115,47,3922874,9,2,979993,975564,975058,
17,6006545,0,4,955326,953753,950518,43,6025756,1,4,965686,978209,976387,
50,7914387,5,4,957380,948166,943844,50,8204043,5,7,965570,973344,970947,
43,7382440,6,6,922833,948843,939719,50,9658699,6,8,968494,955969,946876,
27,2444682,0,1,966474,952873,946307,41,3898930,0,2,978840,964797,972765,
42,7599666,7,7,956449,950444,927905,47,8098845,7,8,972851,960258,980305,
43,6357245,6,4,934246,963634,960466,46,9779360,8,4,969992,977447,964025,
45,7974906,5,1,923521,954110,939993,45,8199833,5,5,972632,967701,974449,
16,6790919,10,3,923564,949540,932834,41,7205497,10,8,943200,977033,972124,
7,7919572,5,2,925772,958696,933048,43,9235747,10,3,955164,977532,972283,
18,2813085,10,6,957599,967671,975989,28,6105838,10,6,973126,975476,980463,
36,7240061,3,2,948410,956545,933720,47,7660526,3,8,976319,966686,958691,
33,4736837,2,7,951227,944436,968161,38,6487891,3,7,964710,980941,973528,
18,9338337,6,4,932680,941581,947184,47,10308015,9,4,975113,951862,959252,
10,6452993,5,1,964332,923885,946426,32,7930825,7,4,971156,976342,980328,
21,5815096,5,6,931686,943497,923010,34,8278320,6,7,942508,979174,953527,
27,6327421,7,6,969602,933598,932168,41,6347900,9,6,979114,976012,972950,
22,7370577,7,8,954028,947926,943215,45,8460500,9,8,978313,954478,973260,
48,2821735,2,4,952910,945092,955024,49,7883799,2,7,965622,953295,973717,
21,8673820,1,8,929655,966540,938184,47,9854137,8,8,969632,976243,971606,
27,2543564,8,7,937789,938236,965268,31,5690591,8,8,967210,969414,981218,
7,8988672,1,6,924203,923541,932558,48,10217051,9,7,938030,971528,971709,
32,1961196,4,8,939359,959021,969983,49,3365344,5,8,973037,978421,970875,
44,1441102,4,8,955161,962570,930034,45,8241729,5,8,966512,980136,980947,
42,376164,0,7,949564,937763,954791,46,9505945,0,7,954514,963339,972015,
15,2244594,5,1,940863,927479,940209,32,2255838,9,6,944611,953615,941088,
28,3298290,4,8,933527,948709,931617,34,4697441,4,8,947932,977632,962344,
35,5710198,10,8,947865,932824,924906,46,5789505,10,8,959928,979424,971594,
46,5458704,6,7,946436,978965,966529,49,7974102,9,7,973241,980413,975215,
29,6497243,6,5,935116,945020,928876,42,7665175,6,6,944695,956556,966029,
11,3861416,0,6,955833,939301,920365,46,4004956,1,7,977157,957436,977524,
46,6410458,6,7,955281,951895,931372,50,6432444,8,8,981104,976354,972797,
40,9621288,7,3,934950,942487,930507,49,9931790,9,3,976400,955748,965120,
2,4836511,5,2,965651,933044,960414,40,9141401,6,2,979473,961166,971577,
19,5180757,10,4,948646,979624,957290,46,7490710,10,4,971692,980621,976305,
46,7827205,2,4,941224,950915,934051,48,8383441,2,5,951201,979206,971524,
21,508147,0,5,950608,954723,949462,22,3030407,6,5,954882,962538,968559,
29,7190050,0,3,940343,928796,937753,40,8387878,0,4,940563,978175,977375,
38,7487609,4,1,933428,955813,951616,38,9754700,8,1,966301,965810,972929,
40,7322847,5,5,925923,958730,922166,45,9455678,6,5,958904,960256,975064,
6,4638358,8,5,941537,925593,959950,26,7408160,10,8,955979,975159,966580,
42,9485322,8,8,947268,934782,956077,48,10333267,10,8,976537,962336,979520,
48,7040507,9,5,956509,963365,957269,50,8949515,10,7,965605,974623,964264,
10,6697650,10,6,973693,958867,978987,43,7908991,10,8,980765,978627,980207,
23,6757599,1,7,965783,968029,956316,39,6788508,6,7,978710,974671,979594,
45,7241193,10,3,961312,965319,975598,49,9860396,10,6,971452,974137,981067,
35,3549169,4,3,942888,958829,954790,50,5668993,4,4,953807,973361,978659,
35,7056858,0,2,957054,969900,931325,37,7474365,8,5,968689,975383,979380,
36,9847920,1,5,930047,944336,960502,50,10314726,4,5,974881,970164,962491,
3,3006821,10,1,937000,961857,935373,25,7947458,10,1,974088,977983,963895,
47,8907014,7,3,953239,944303,943313,49,8977223,8,4,971693,967987,979431,
29,1663349,9,0,926738,920543,926186,32,2797029,10,8,930830,947791,978352,
9,433825,7,8,933044,936322,957882,13,5369673,7,8,954499,973339,981038,
31,3289281,9,0,927644,942003,961282,32,5293223,9,7,964180,968112,979528,
44,2781185,7,8,949844,957819,930430,45,10065812,10,8,973245,973967,953357,
25,9244252,9,1,961655,939559,961121,46,9765934,9,8,978457,971859,971005,
41,1580083,3,5,961626,943666,959923,49,4105164,3,7,973669,978945,973314,
36,2189354,4,8,921790,968697,929550,50,4897832,6,8,980919,980132,965061,
49,3598334,10,2,942404,940948,929583,50,4906219,10,5,972342,978047,960326,
17,6306341,10,8,923933,958155,925877,48,8532285,10,8,975646,972874,959385,
39,2429645,8,3,949524,921894,932482,41,5887736,9,4,971246,948612,968785,
12,6373439,0,2,935352,964922,957177,35,7871742,1,7,968415,980039,979818,
50,4087157,4,7,932091,942564,954840,50,9555575,4,8,960130,967014,969979,
19,8536739,2,5,941691,939732,929798,44,10012194,10,8,976207,943025,964215,
49,5468562,7,1,944499,945807,959668,50,9997081,8,1,956638,972623,962961,
17,9362252,6,6,933134,943108,951937,49,9467492,7,7,964074,962186,976289,
31,1186282,9,7,934915,936282,958266,34,9063379,10,7,953525,959888,969542,
34,5442626,8,6,937071,932198,945845,38,5915236,10,6,953239,943909,978724,
8,6425483,7,6,932068,928124,952091,36,7805378,9,8,959210,962699,980958,
34,561946,7,1,940657,923044,933532,40,3306664,9,8,950323,946808,953368,
32,6370040,5,1,959412,976560,943553,43,7299652,7,1,978113,980806,978778,
49,6643952,3,2,939347,945110,931847,50,8345963,4,7,952758,973686,945348,
31,8087279,8,0,942070,968766,928819,44,10307747,9,7,962160,975331,966129,
42,8703419,7,2,924710,953409,942833,49,10382622,7,5,955003,974793,972363,
40,7954751,9,0,971042,952037,973974,43,9898405,9,8,981000,976890,981013,
32,6638359,6,4,930005,966884,957944,34,8956705,6,5,971668,980165,971700,
43,233635,10,5,938777,963631,930313,45,9301411,10,6,963522,975299,963361,
49,8901625,4,1,934475,953795,963294,50,10123073,8,4,967168,969206,973572,
14,5553945,10,0,930611,954270,951133,41,5989776,10,2,951401,980447,964861,
41,581024,4,3,949490,964693,934253,46,4747941,6,7,962696,975986,963955,
21,6585375,0,2,929549,922566,960008,39,8630650,6,2,952754,954535,971401,
34,8624741,4,2,942832,946739,948258,47,10330388,5,3,968460,950281,969486,
5,6183207,6,8,933177,937412,951777,31,8161535,10,8,968777,973313,978238,
47,9724407,6,3,959887,970812,969036,49,10316080,8,6,976905,974698,976724,
40,3089813,8,5,938252,966289,944354,47,9204006,8,5,968016,977080,966967,
32,311245,10,7,921808,952633,937075,44,4851538,10,8,972802,965413,960098,
49,6651063,9,5,947052,925652,947577,50,8552447,10,6,967520,948555,961398,
24,4782407,9,7,957656,970586,970799,25,10105029,10,8,975294,975759,971920,
40,6191174,0,8,970267,979541,952943,41,8187762,5,8,979255,980373,972511,
30,7293737,10,8,945497,952207,965126,39,10193203,10,8,977920,972388,973892,
25,8608886,4,2,946231,926629,957695,46,10055831,4,8,980199,952646,974931,
9,4233724,9,5,921411,955182,931622,33,10132202,9,5,963416,972374,959706,
7,6061940,2,7,944988,934226,933166,31,7331571,3,8,950820,980228,980725,
35,2876795,9,7,926412,928890,967675,37,8794196,10,7,964762,967663,970374,
44,7542170,5,3,922818,929596,949018,44,9370179,8,7,945593,960317,957756,
50,9222634,10,7,932691,949782,927048,50,10027062,10,8,961591,962729,957586,
44,4401110,1,8,933336,929257,928870,48,8532714,1,8,944787,933352,952711,
10,8286723,5,0,922156,931779,923947,42,8295373,8,8,953794,954999,956738,
38,8331654,7,3,921104,921387,957232,41,8712761,8,6,972515,971672,980123,
42,8885682,4,6,956487,926452,955249,44,10002189,7,7,962768,967151,962924,
20,3215628,2,8,957188,969824,950320,23,5571846,5,8,975994,972116,962090,
13,7183682,1,2,923595,948232,925269,36,8279025,4,2,964725,977712,968948,
23,4616435,10,2,932566,922787,942254,42,5847914,10,2,943441,965079,977209,
39,5770896,1,6,953827,948873,967096,39,7487975,5,6,977745,962799,970435,
20,1929047,7,8,935984,921630,922242,32,2251827,7,8,979917,957531,946631,
28,8263002,5,2,947394,931797,956650,48,8812180,8,3,952673,962134,975052,
42,7065192,0,8,922619,927578,949735,49,7100776,8,8,958929,950363,968492,
6,5061558,10,0,934097,963851,967599,32,9372954,10,0,970229,971962,972110,
9,7319002,9,7,931199,945876,967096,44,7904804,9,8,980685,980923,970204,
24,8388199,9,5,940598,962946,925422,47,9205889,10,8,977783,971755,966509,
21,5634720,9,4,943271,940119,956602,39,7030925,9,4,981154,958121,976633,
2,8808857,6,0,930973,966176,927717,50,9880036,6,8,969323,975541,964217,
49,5889102,7,1,930084,947417,945924,49,6332924,9,1,954075,967733,967862,
17,5509233,2,8,961133,962212,938255,33,9278514,7,8,964399,973277,979870,
50,7437385,1,4,944723,960747,980112,50,9617619,6,7,978886,980744,980132,
42,4124379,6,3,928648,970551,970482,49,4198525,10,5,979062,975099,977128,
13,6464356,7,6,958244,943422,951168,37,8493676,8,7,969761,953449,977919,
24,6552442,9,8,960421,931230,968270,48,7556805,9,8,971843,961420,979834,
37,5968320,10,6,948838,940757,959025,43,10219327,10,6,962560,959702,965334,
50,5936658,1,5,922178,958347,937294,50,7661828,4,7,952272,966524,971535,
46,7926392,9,4,945909,944068,969407,46,10184853,10,8,973730,969394,976111,
42,7429773,6,0,929222,967910,942554,42,9383483,7,7,968273,975706,978195,
34,8538576,6,6,945488,980029,934697,50,9587412,8,7,978041,980826,972860,
31,543184,7,2,964377,928390,955104,34,4009277,10,5,979009,961194,978156,
49,4393657,7,6,925251,959563,965327,50,8456916,10,6,963825,980719,975059,
17,332155,0,2,923448,936925,945616,19,3259376,1,3,945082,943152,955721,
4,9168421,9,3,932195,922158,925116,46,9476313,10,4,948434,976040,978577,
50,2716756,1,5,949334,945263,951167,50,6356252,8,5,979412,977203,957876,
25,4923367,6,3,951837,965944,953539,33,9962994,7,3,972617,976864,962478,
42,6327652,1,3,935955,954828,944616,50,6606044,4,6,965260,974912,956236,
17,6288134,4,6,951544,955837,957391,35,6341012,6,6,975304,973591,968891,
14,5650035,10,6,952687,969001,954399,36,8981924,10,8,975928,974409,968182,
14,8743638,3,2,934252,947069,961445,48,9362595,6,5,965505,969712,973445,
12,5330378,10,8,949452,947997,946901,28,8880384,10,8,960051,978395,977157,
14,6562294,1,2,951056,962852,957468,40,9515031,5,2,968099,975478,963536,
43,8844495,6,6,961514,928095,969967,49,10186055,8,7,976130,969059,976238,
14,9513599,6,6,937810,970748,946043,49,10414529,8,7,973612,975378,973202,
36,1037721,0,8,932552,962043,959152,49,3782193,1,8,978126,977866,977810,
49,8495793,9,8,932066,926721,936746,50,9057089,9,8,944249,941144,948907,
47,7505298,3,1,952869,956832,957624,47,8120069,4,1,963360,977682,969938,
47,6553191,7,3,957087,963095,953216,50,8931141,7,4,969711,971387,976447,
49,9848396,4,4,944299,950577,938745,50,10084392,8,4,960167,967566,960424,
25,1730945,9,2,924445,967793,965106,26,5583774,10,4,963394,975214,972615,
37,7119350,4,8,923984,940270,948694,48,7681835,5,8,960652,947818,952591,
40,8968231,0,7,922257,923620,935784,47,9892682,5,8,960277,933835,974466,
30,5895066,5,4,927141,934120,928968,37,10082330,7,4,939138,957437,947935,
38,6952888,6,5,922465,961190,941312,40,9201643,6,8,965589,976588,964376,
44,4828187,1,3,941221,937663,938958,46,6209718,9,3,947122,953552,976049,
50,381766,3,4,934459,959081,960247,50,5681190,8,4,968121,965600,960564,
34,5855831,10,5,959332,969914,932513,42,6629719,10,6,962247,980268,974004,
44,138185,6,7,962878,939213,953199,44,8064245,9,7,971316,964307,971193,
49,3121838,0,4,951976,968850,952045,49,9726363,8,4,973135,976103,964258,
29,7140263,5,7,953575,961207,966569,48,8600128,6,7,980925,965439,974340,
42,3104749,5,6,953916,969010,931660,46,6373777,8,6,969029,974862,969158,
10,4187222,5,3,950622,965124,932937,42,4568348,5,6,979763,977403,962616,
45,8340438,7,0,921737,951017,952915,46,9786449,9,7,959458,953197,968587,
34,6484797,1,3,952423,956347,967681,36,6746797,7,6,964277,978028,970904,
30,7491790,4,2,945561,933894,925449,43,8378229,6,7,950104,968691,966820,
27,1729757,8,5,930446,955701,952920,42,4796191,8,6,951380,980223,963431,
35,1751131,4,7,951528,930530,937841,35,8424246,5,8,963683,951582,960494,
41,6053328,3,7,947601,970027,960554,44,7862943,4,8,971519,977610,969745,
9,6520981,1,7,951536,930676,956241,35,9346430,8,8,972034,958020,975977,
16,6173509,1,3,951955,953398,956166,34,7066053,9,7,970758,970880,960120,
25,5688110,4,4,950335,969464,979713,37,7131364,4,6,972251,976234,981044,
40,1141278,10,7,960159,931098,953674,47,7707387,10,8,977572,958306,980241,
15,5346280,1,8,944623,957779,947041,42,7480620,1,8,952582,975482,973678,
18,4562319,7,7,938563,923757,931031,30,9489982,7,8,958705,939230,968617,
50,2719512,1,4,923401,937133,922348,50,6399378,4,8,938968,965213,945071,
44,3059875,9,7,953287,969182,944454,47,8165313,10,7,967933,974090,966055,
13,4450580,8,3,959631,976392,934965,29,9502362,9,4,972966,980170,981027,
38,6864801,2,3,958643,946192,964628,39,9491246,4,4,971642,967106,975877,
18,5961732,0,5,922175,956949,933185,32,9719447,5,8,978786,971755,958721,
41,936680,1,7,927256,959967,924782,47,9808003,1,7,963219,979952,958165,
49,7793506,7,8,932296,968542,930264,49,9590938,7,8,971088,970526,978764,
19,5677716,4,4,943976,973758,978371,38,9903147,4,7,971347,980358,980424,
1,7142382,8,6,942550,959807,947369,40,7835394,9,8,954793,973311,963598,
45,8698952,8,7,968086,955150,969604,45,9684432,9,8,978101,972990,976180,
44,1207344,6,7,944853,962523,967991,48,4983970,6,7,974826,970462,971811,
21,8417179,5,5,957868,963390,926072,46,9081426,8,6,967109,973352,973002,
41,6333087,8,3,955631,960477,966326,46,7875706,9,3,962078,980370,972085,
35,2568133,7,8,945526,939111,947711,44,3869431,8,8,967710,979383,950474,
40,8238984,4,5,945828,920677,936174,48,9227572,7,5,969537,946797,981183,
38,7168036,8,6,934380,957233,947488,44,9025349,8,8,953325,965265,969893,
5,7124865,10,3,950024,957747,932857,43,10004710,10,6,967624,967598,953634,
10,3249467,2,4,930446,960017,950794,22,3946807,3,6,965822,973032,959576,
38,5363493,9,7,931827,959292,961283,42,9183430,9,7,963627,978615,971575,
34,7517374,8,4,960239,963512,927418,47,8707888,8,6,963380,976314,965827,
37,9750498,9,7,941218,934630,926874,50,10405481,9,7,974032,967377,974363,
17,7173738,4,6,949408,922796,956161,42,7449777,10,7,955204,952910,962188,
18,7941192,7,5,924513,924070,933815,43,9472278,9,8,934106,946365,977064,
5,3664795,5,4,933937,970663,979239,21,5126329,10,5,973211,972847,980527,
31,7664400,0,5,922734,946964,923271,48,8241095,5,5,958976,971755,948726,
5,3369921,10,6,929618,935926,956630,20,5885189,10,8,972750,955503,964734,
30,5941633,7,3,964400,935023,942319,34,7895888,8,5,972907,965085,971444,
42,4612588,7,5,938290,948253,947775,48,9686762,8,5,945348,956055,970904,
36,2568814,1,0,960793,966709,960495,37,3605653,1,6,979373,973855,979493,
28,4194791,0,8,952242,961210,920955,32,6920989,0,8,980813,980982,969330,
34,193916,2,6,923518,934378,940488,34,3767419,4,6,964780,967308,948747,
38,10003312,8,3,926230,924875,922214,49,10199847,10,5,967827,964619,956146,
37,5267641,7,2,931302,941240,953119,45,6175659,7,6,952800,954813,963298,
37,5829266,5,3,928717,939366,953020,40,9948691,5,5,959592,966160,974079,
41,7755682,7,6,949900,960068,955197,42,7919862,8,6,964163,968557,964079,
23,6005306,0,7,943974,943828,968139,36,6452080,2,7,971496,966821,972219,
46,7370859,10,3,923554,937242,959538,49,10167341,10,5,952499,969658,965156,
19,5167353,5,2,958794,967196,955129,33,6262490,5,4,963916,976673,970255,
31,793230,5,5,953964,962425,963254,33,5030498,7,6,963481,980329,970529,
31,7852779,2,5,927209,959227,947929,40,10178173,3,6,969512,962826,961208,
12,372183,3,3,931930,957511,951521,40,1284485,4,4,960721,969238,978380,
10,5400889,4,1,959391,930227,937833,29,6006372,9,3,972026,959972,974385,
39,7596210,6,7,937413,968796,929423,48,9760383,7,8,970887,975978,967874,
23,2039776,3,5,938304,937476,950962,24,2346660,3,7,977212,978027,961736,
44,4302613,4,6,944349,957709,943181,46,6401711,6,7,971053,968785,957385,
35,7723958,10,5,929919,929717,948842,39,8890756,10,7,975892,953450,973503,
45,880344,3,4,961716,933845,959546,45,10062204,4,5,980884,969111,971874,
4,4854825,10,7,966964,950948,968533,33,8487353,10,7,978982,965284,976828,
11,7667777,7,4,929813,931622,921181,46,9977083,8,5,942752,976964,939166,
2,2851825,4,3,932821,929206,959613,17,9286359,4,8,951786,980223,973182,
42,4501478,5,1,940500,956878,937843,42,9673775,5,7,979081,965979,957560,
8,9012288,8,3,937695,944161,939153,45,10256759,8,8,955867,971835,969477,
7,8904167,3,4,956151,943032,930341,49,9036333,4,4,962407,979134,965831,
20,4849815,0,7,933797,960760,965984,27,6451161,8,8,968477,962659,971513,
34,6907911,10,7,951515,944294,968337,46,9614224,10,7,966014,974856,974988,
31,3532129,9,2,962859,944750,929335,34,4824405,9,3,976309,964658,970608,
40,5807862,1,2,944714,933633,953537,43,9153149,1,4,953731,952466,965285,
50,5093846,9,1,966181,970651,975891,50,8773440,10,5,973819,975483,981054,
46,7249242,6,7,970954,979852,975894,50,10296165,6,7,980146,980797,980253,
32,4169773,5,5,933962,961423,946971,34,8767446,5,8,966279,980008,968055,
29,2126662,2,6,940191,939746,949947,31,3469214,7,7,948674,974324,959130,
20,6876933,6,5,960118,927368,959733,42,10240498,10,5,973942,958625,962362,
49,9365508,10,8,952182,964221,933112,50,10049003,10,8,974249,975992,975524,
26,1665870,7,2,962581,974880,953015,50,3334327,8,8,971179,980558,980068,
11,2698258,3,7,921243,961211,967277,36,2952228,6,7,971989,969945,980148,
18,6466005,2,2,958118,946308,948502,34,10466132,9,4,974317,954343,963610,
30,6219819,5,0,944625,934219,949833,35,8985960,5,7,969985,948172,977170,
18,6173829,8,6,929934,948987,947920,40,9962538,8,8,947026,981011,968197,
2,4196113,2,7,980181,964716,948093,27,8416089,5,8,980852,974872,980701,
41,370550,8,0,926251,951458,936030,49,4492091,10,6,963708,966208,959293,
37,2757668,9,0,929426,967537,964243,48,4699671,10,4,962660,979725,974791,
38,3003825,4,6,959079,966536,967162,40,9626893,6,6,969715,974610,979776,
41,7784764,4,5,922999,921056,933754,43,7829581,5,7,965275,963796,947178,
24,3364309,3,8,950219,922055,938411,41,4508958,10,8,953744,947507,969783,
25,7908349,9,0,943266,946352,922378,39,9005780,9,6,972621,966857,968348,
5,7562486,3,4,967173,955236,963648,43,9736777,5,5,970812,966707,975170,
2,545574,6,3,947172,967509,955915,36,1319104,6,3,981141,972726,967135,
46,8176383,1,3,961633,962184,967248,47,8229962,6,4,972706,977270,980895,
47,2785507,8,1,935721,939427,959043,49,9235296,8,1,972589,952416,972057,
39,8634474,4,2,930231,962522,978556,50,8802306,8,6,976201,976129,981060,
48,2767069,2,3,932888,955724,939234,48,9352920,3,5,952407,975661,962807,
37,4777304,5,3,942495,958693,951608,40,5698844,6,7,958447,961625,966825,
28,6330365,9,6,933809,948197,946776,32,7752216,10,7,980982,968945,957299,
11,3119051,2,8,951524,953891,968566,38,3604021,4,8,964181,961454,971533,
18,298669,4,1,929961,950369,928174,24,1865624,7,1,956545,965662,978850,
14,2291420,10,1,967481,980218,947523,48,7793186,10,5,976805,980846,975188,
18,7702232,10,3,969059,960148,930600,41,9023880,10,3,980560,978624,974818,
20,1916871,9,8,947302,923439,945842,24,7072051,9,8,973766,943080,962713,
36,8278615,4,1,921662,949665,958456,46,9909726,7,4,958677,958199,964243,
33,7939021,6,4,939938,957009,948073,46,9065705,9,4,952229,977303,969749,
48,3933469,7,5,949952,956214,936323,49,4940896,9,8,972297,974661,960339,
25,2634401,9,1,969155,957307,979247,50,3361380,9,6,978010,975628,981207,
33,8470096,4,3,926681,956371,973481,45,9735530,9,8,972455,977366,980858,
42,7633997,2,3,940207,959466,955939,43,8955893,7,8,954978,967259,968806,
30,1772260,10,7,947654,954869,948250,42,4321217,10,8,959048,968617,979506,
3,4827423,10,8,941111,935608,935730,33,7103457,10,8,975060,945645,942840,
50,4708722,2,3,949514,937935,926183,50,10083020,2,5,970637,947244,971432,
39,5318517,6,4,952328,980086,959763,39,8061594,7,8,979314,980792,978412,
22,3705797,6,7,945346,942957,955941,25,4058308,8,8,959219,963490,980464,
40,1805860,8,8,966402,958316,929478,49,6458956,8,8,971164,966268,974311,
49,5581542,7,7,935382,941379,958767,49,9185427,8,8,967041,959809,969264,
32,7879286,10,8,949698,946904,936007,45,7944807,10,8,962324,968459,971924,
46,1614853,6,2,923019,950252,937207,48,10334170,9,7,943739,977587,950480,
47,9650508,6,3,946883,960385,931662,48,10028676,8,5,981158,971869,964446,
48,4368494,9,6,949705,967152,946404,49,4893288,10,7,975831,979524,981136,
45,9843285,8,1,941467,943939,952171,50,9911323,10,4,971958,966449,964765,
29,6272088,2,5,963438,924972,964553,37,6639552,7,5,980034,961893,971096,
46,5742411,0,6,967663,932119,924121,46,9555416,5,6,978267,967270,972700,
45,4819094,3,7,943690,954842,959924,48,7879060,5,7,958109,962815,970260,
41,7538466,7,1,931062,922177,951303,42,10227366,8,5,962664,953482,966563,
38,6078600,9,5,950475,958184,923578,49,6920142,10,6,957727,967068,959348,
49,9408647,4,6,952900,951361,936178,49,9792941,7,8,960362,974771,976612,
48,8277181,6,3,941915,926698,923596,50,8342786,6,4,965856,980646,971595,
16,279223,6,2,938706,939980,959816,17,4757260,6,3,953272,979350,968740,
22,6046772,9,2,954904,950492,930622,46,6107516,10,8,968428,956949,978154,
20,7470184,2,1,959862,923426,961022,43,9613979,2,1,976885,977227,967543,
6,4255624,3,8,939448,932129,947334,37,4443215,6,8,947284,964639,957229,
50,3621173,6,7,966863,922679,957980,50,7957176,10,7,970230,966365,981074,
45,8784473,1,7,925203,922348,949957,49,9247290,4,8,946820,973635,975778,
40,4672341,7,5,933408,949210,951736,42,8294869,7,7,959701,953916,965155,
29,3340954,6,5,920756,970922,965577,31,9585540,7,8,972540,980892,970862,
30,6975835,4,8,941476,924788,948160,48,7158410,10,8,972802,943884,961395,
27,235244,1,1,957765,931262,976706,33,3587485,2,2,977567,974261,981227,
24,5084793,10,8,930767,960762,959723,28,6392155,10,8,973417,968258,978745,
9,4158115,10,3,951870,968370,980076,43,4473592,10,3,981085,976087,980718,
31,6160884,3,4,931600,948690,964923,50,6606126,4,4,962395,977538,970286,
42,620583,9,7,940439,941773,944304,43,4210389,10,8,954461,962620,976667,
19,6294088,10,6,934376,951012,942020,35,8703318,10,6,980902,960269,972493,
43,6500891,6,4,930369,961506,930451,47,7277672,7,8,967716,978800,961721,
6,7499839,1,5,922567,949380,921517,42,9116577,5,7,951956,956235,943939,
40,8054552,1,8,927842,942363,922328,45,10358951,9,8,974524,977760,949974,
28,3981339,3,5,938221,954686,942474,33,9255792,4,7,951117,961446,968227,
3,7794756,8,4,965609,957799,974884,43,9678359,10,7,977104,973128,980279,
47,4036007,5,8,920329,937587,930995,47,8633614,5,8,975312,940323,980519,
24,2684702,10,1,957098,946003,946068,35,3954401,10,1,960780,955706,960446,
3,4475761,9,4,951962,938909,956832,35,6901816,9,4,967941,954655,976939,
5,7007306,1,1,926165,979421,960309,40,9979331,6,2,980557,980614,972445,
19,8154231,4,7,933430,959026,920690,45,9501646,8,8,954182,962721,954310,
45,4053686,5,5,925105,937441,949732,45,4575627,5,7,964999,966246,974056,
17,2266171,0,0,946207,955393,957081,17,4899496,9,1,956501,974354,964936,
16,5599518,10,5,959154,935139,947605,44,5911546,10,7,978641,959706,969866,
38,5408868,10,1,924007,963760,959941,45,8552091,10,1,962559,971296,980408,
40,8140629,8,1,947684,951655,955772,50,9608285,8,8,958983,972511,977272,
14,5213520,9,0,952281,929559,940056,42,9897146,10,6,967005,951083,965774,
31,7651194,8,4,944861,925595,954147,38,8976375,10,7,961039,978218,962567,
26,5416372,10,8,945204,942345,949318,29,9297443,10,8,959389,980566,974929,
40,3466461,8,0,924657,949327,946590,43,7832108,8,2,945252,966109,979993,
38,7973612,2,3,927661,958100,928577,47,8347703,3,8,962693,970754,955124,
33,7331954,9,8,953917,963720,969512,45,7600193,10,8,975926,970320,973748,
35,752440,3,5,960558,963811,955915,39,3868823,9,6,970004,980448,978015,
39,7336112,7,5,941589,928000,954382,48,8112279,7,6,953484,975246,967235,
18,1725570,10,6,980188,966988,948958,22,3841435,10,8,980944,978790,980884,
50,9984886,7,8,930805,934902,940140,50,10455290,9,8,959467,963907,973351,
31,9182436,7,6,924475,958282,923762,48,9331787,9,6,981061,970841,970095,
45,1532209,4,2,942398,932527,967357,48,4888353,10,4,970117,963694,973194,
22,6096183,9,2,934279,937221,932461,30,6954111,10,7,955734,980505,957514,
45,1734776,8,1,969941,925231,946353,49,6370937,8,3,975805,969181,979998,
37,4871799,5,8,947414,956840,928603,42,9164617,6,8,963989,974246,957723,
8,3634998,7,2,948554,966425,935956,19,8446352,7,5,970448,978926,978463,
45,9618088,9,8,945063,940567,941536,50,10317281,9,8,954719,971424,960776,
49,7963275,6,1,943318,955924,949817,49,8959999,9,7,968217,974311,954409,
40,1911215,4,4,971107,942951,946795,40,8622000,4,5,973314,972629,972225,
7,7137648,10,8,954301,957119,958152,38,10404119,10,8,967699,968232,966611,
1,4734561,9,7,944632,940476,922978,39,6344222,9,7,952759,946625,956662,
47,10007650,2,5,924977,957476,941098,50,10133214,5,7,964270,974021,972786,
36,370594,2,4,935829,943884,967472,40,4300049,3,5,980865,967254,978265,
34,5742971,5,5,940158,940169,956251,42,6306043,6,7,956937,956794,967406,
36,2722265,5,5,966461,939706,959070,37,4200029,8,8,979257,961934,976969,
36,7348408,9,3,948781,936195,948346,37,8101590,9,8,956758,976905,957208,
46,9901363,3,6,924562,941942,931854,48,10331790,10,8,967661,966973,975668,
46,882431,10,1,939841,973546,941507,50,7457801,10,3,978914,980349,972787,
43,4913880,10,7,965632,959262,965045,47,7806539,10,7,977905,962564,973137,
40,3560663,10,2,921351,946055,924465,48,10302743,10,2,962081,972114,944136,
33,6180113,10,7,963109,934964,927450,45,6989444,10,8,975871,963643,972206,
12,8045247,6,8,937959,950211,928188,42,9962257,6,8,971876,951588,960818,
29,6024932,3,4,950304,951700,965176,32,7775816,6,7,973419,963277,972646,
14,686130,3,1,939685,957199,929250,14,1630661,7,7,965684,976645,956352,
17,2453563,6,8,968076,959902,960435,23,8572518,6,8,970374,967456,976220,
34,8437269,7,7,949028,951396,932223,42,8746673,10,8,964973,977447,961229,
41,8724170,4,6,951065,938429,926266,45,9264754,9,7,953530,970387,968539,
42,8832545,5,8,925875,924665,952161,50,10374776,8,8,958662,960236,979619,
38,7585453,6,7,960986,958271,948462,39,10140854,7,7,977005,980708,973471,
27,4786516,8,1,924855,943167,939690,30,9433659,8,8,976553,967506,944319,
39,4468143,5,8,953035,938800,951449,40,6554604,9,8,968394,953514,962301,
39,2877203,10,8,929029,928613,953639,41,9901564,10,8,953292,968618,963007,
31,1367664,3,7,955830,950107,959494,31,8469375,4,8,963257,958416,960984,
50,879910,3,4,948076,967123,975728,50,8556892,6,5,976214,976964,980420,
14,5512999,8,7,940818,949211,938146,42,7160878,9,8,941191,952191,948658,
32,8226590,5,6,940499,934793,970059,45,9866564,9,6,978204,965209,972760,
13,6173594,4,6,935023,945586,949533,40,8352325,5,7,948360,977349,980347,
43,8905711,5,0,965713,968343,977863,50,10399009,8,2,971665,977261,980294,
50,6557187,10,3,926201,923523,929651,50,7311408,10,7,930357,976695,936516,
47,1396366,2,0,968507,934836,934094,47,10410790,4,0,979606,968006,971044,
41,3302739,8,7,958358,937082,948544,43,5285956,10,8,976489,955504,962498,
15,304254,10,8,960655,964310,922569,27,3241883,10,8,978220,970696,968038,
13,2241150,3,1,955014,936905,951595,13,5040259,5,5,973940,954900,968973,
47,6493012,4,3,948948,958014,937415,47,9870079,4,8,955337,970105,969403,
47,7569197,9,7,944068,956889,960425,47,8456218,9,8,978452,979254,969045,
3,6986027,10,0,938378,957008,956911,36,8698279,10,1,977913,965009,969944,
48,8072387,7,6,961757,928647,966417,50,8146169,10,6,971976,972675,972797,
11,1622489,10,5,959845,964673,957566,16,8404126,10,6,978212,978335,963876,
4,3056032,4,1,931604,958476,958626,39,3479759,4,5,951918,970336,966705,
21,7420564,7,6,941466,944782,957535,38,9309950,7,8,969958,962292,975455,
50,6259163,4,6,952213,949358,925056,50,8237076,6,8,962166,952749,964494,
40,9738770,2,5,943186,954461,960467,48,9973219,7,7,961357,964819,978826,
22,3073319,9,7,939096,942476,956011,32,3503534,10,7,979922,951727,978982,
8,6359042,0,8,947553,950556,924314,33,7929649,2,8,971389,957187,972247,
39,1605596,9,7,936818,921242,946172,45,9876939,9,7,944465,949988,961472,
43,5546145,8,7,958417,966328,963446,44,8452435,10,8,968989,978725,972639,
38,9078535,4,8,946452,944218,949956,47,10021838,5,8,966956,963753,959219,
17,5955832,3,6,950663,946948,955216,49,6057774,5,8,958300,974657,974037,
14,4566209,2,7,956877,964293,940983,26,8692889,7,8,980842,974155,961359,
40,6873495,9,2,953113,949696,970149,40,10285901,9,2,980733,979326,973855,
30,9020536,5,2,947307,933452,932556,45,9253672,6,5,965475,971082,954160,
45,2566421,7,3,951532,949367,953612,47,5462594,8,5,966410,952677,977615,
44,5546377,6,0,921191,945224,943399,45,6795431,8,4,946915,974854,957044,
19,325328,5,3,933426,947782,965295,35,3160638,5,3,964631,970978,971770,
44,7279512,9,3,928131,926274,920325,47,7530839,9,4,960412,930712,968340,
46,2429858,10,5,956135,932367,927530,49,8187664,10,5,977766,959055,977713,
35,3768762,0,8,953287,964736,948663,36,5202345,6,8,963890,973351,967189,
46,983642,9,5,928550,936533,929365,46,7011372,10,8,935707,962974,945969,
43,4796501,0,3,924648,937561,939811,45,6453080,10,3,936349,949780,946511,
44,4803599,0,3,959120,964913,955811,50,6470624,2,3,964327,978457,968862,
37,3170198,4,8,958181,934377,958776,50,7697916,9,8,965797,979542,960109,
6,10221776,6,1,941436,925537,944184,50,10345787,10,6,954714,953454,955251,
25,4629564,9,4,931006,969277,929307,33,7284362,9,4,968163,974150,980669,
40,7987895,7,8,953236,934379,945677,42,8766933,7,8,977164,976298,962440,
45,4251435,3,4,950343,971103,966216,50,4948386,9,4,975033,975900,975835,
36,5329351,3,6,943648,948305,952348,39,6155737,4,6,977904,957359,981068,
37,5769929,9,8,961976,976546,933631,42,7871814,10,8,979651,980572,978213,
46,5115063,4,3,950728,976453,958466,48,7218172,8,3,977896,980766,973184,
26,5251426,2,2,954612,940860,954770,31,9644140,2,4,965491,959526,961040,
49,501963,7,4,956971,949570,935532,49,6502153,9,7,970295,955297,968726,
10,1247244,8,4,953936,969293,951954,13,9053215,9,4,966711,971662,963964,
49,6613338,4,2,935090,958408,949232,50,9812541,5,4,960352,969964,957326,
42,8943358,10,7,938076,953679,958770,47,9094526,10,8,968229,968624,961499,
26,6258676,10,0,950196,948712,962238,45,6938383,10,0,977840,967259,970977,
35,7764807,0,6,949371,964691,971204,42,8862152,7,6,978819,973114,977433,
19,2727412,3,4,952099,966918,927153,32,3043710,7,4,976264,977434,961989,
32,4467333,0,8,931054,964589,939014,43,5291926,1,8,978263,975800,962660,
5,6793964,7,0,964186,928631,968144,42,7201354,7,6,979873,967104,975034,
13,4294020,9,8,971120,951048,959594,32,10218287,9,8,979790,976225,976707,
45,5081546,8,8,943473,967881,923377,48,8765423,10,8,966125,975674,965514,
8,7784358,9,3,964963,971415,922736,47,8372822,10,6,979601,980404,979676,
37,4051684,8,7,941868,928678,936270,43,5231517,10,7,976464,946256,965712,
3,5642748,6,8,949834,930354,962707,40,6239081,10,8,970097,964471,972870,
7,6615691,9,2,928855,930635,949225,37,6910536,9,8,958136,948238,972185,
45,6719260,8,3,948233,935622,951465,48,9765445,8,3,969309,953371,975417,
49,8550256,9,7,939484,944966,947642,49,9573199,9,8,978803,979746,950676,
25,4173539,6,2,939341,922129,959294,37,9516281,6,2,957624,953021,979976,
47,112097,1,4,929225,936462,922838,47,5865333,6,7,932264,969873,980850,
35,8432824,2,4,963698,960227,965864,45,10245943,2,5,979105,970559,971620,
38,8592264,4,3,956294,926557,943963,47,8817474,9,5,978061,959945,972311,
36,7985842,6,5,927622,922173,948524,42,8069395,8,5,968439,958872,966315,
46,5896405,0,5,932430,923313,924919,46,6460077,0,6,941250,948894,951579,
23,8174560,3,5,941510,921321,945324,40,10471708,6,7,973022,966962,966211,
17,9220223,0,4,941359,924660,941213,45,9781505,8,6,958692,954114,957065,
35,934075,10,5,928996,937946,950719,45,3999834,10,5,975436,980454,952591,
26,6793033,0,1,936381,928396,962194,45,7049567,4,1,976633,969392,974985,
26,2237738,1,8,921034,969027,945429,27,3512231,3,8,976767,970156,979142,
44,413651,7,4,965052,956715,968479,46,8671446,7,4,980629,969718,974780,
43,3836535,4,8,942930,956105,964553,45,10386514,5,8,961540,968535,973464,
36,3563583,2,5,954265,946550,951512,41,3991799,7,7,976053,956470,981155,
36,5732686,1,5,957762,949366,969009,38,9000077,6,5,969047,964883,972289,
1,1540298,2,4,956657,966949,964464,12,3519948,6,4,965325,977943,977778,
18,5295430,0,4,950389,955117,967557,28,9630214,2,7,974183,965687,980860,
49,8314088,4,1,958908,965440,952761,50,10420404,5,4,962012,974857,971954,
23,362350,8,7,943881,936886,967288,25,10478748,8,7,970457,967636,981156,
14,5425170,5,8,943643,952830,961802,34,7708067,7,8,971536,961184,972478,
40,4977813,0,5,921656,937998,959628,42,6410744,3,5,972299,951207,972266,
3,4415247,3,3,942072,966340,977719,27,7468809,3,7,974272,977297,980674,
6,2583939,9,7,922655,953288,958407,23,9599017,10,7,957750,965456,969912,
41,6140129,6,0,942370,934806,934058,45,7343502,8,0,955671,949754,975254,
22,6687529,10,2,968212,956303,973835,47,9913670,10,3,973552,978014,980338,
50,5598335,7,8,958736,945394,960109,50,10083712,10,8,973138,956256,974058,
5,3002410,5,0,928188,921855,946573,15,6414331,5,2,972854,962136,978539,
20,2540322,2,4,970076,930816,972254,27,2719109,4,8,976075,973561,981156,
42,4520678,8,8,925729,947459,935949,44,9238018,9,8,948339,961393,979896,
27,8007359,9,2,957369,926914,979560,50,10359460,9,6,976783,971139,980314,
30,4681392,6,5,979777,966217,980274,37,7470164,10,5,981000,977069,981070,
48,3932204,10,0,932649,968951,921729,50,6370584,10,7,970417,973053,965195,
39,1011055,7,5,961090,937460,931506,39,6923338,7,7,966954,964040,964532,
49,420981,0,5,956933,948360,975217,50,6435148,3,7,974646,975296,981040,
17,231714,6,0,950860,926859,954829,21,2169999,8,3,951312,958972,972167,
36,4479643,8,2,942048,967453,965209,38,5450089,10,6,963334,979429,975253,
3,2550695,3,1,971228,939243,967504,41,10184599,8,5,979172,979192,973029,
27,5403325,5,2,954446,942644,967625,32,7168679,5,6,966996,973752,974228,
23,6080279,4,8,969241,945551,960903,39,10282722,5,8,975782,962426,973513,
42,2345880,2,6,924044,940094,940954,43,4319353,8,7,980590,942713,946136,
13,9081369,8,7,959424,942637,959285,48,9275420,9,7,975890,965955,963993,
38,6748045,10,5,941383,967273,975182,46,7779393,10,8,979923,971319,980145,
47,6985108,10,4,942346,930116,950434,47,7476991,10,6,952327,980997,951346,
3,2037625,7,8,928428,931227,934744,16,6334073,9,8,931284,953366,972105,
41,1607407,5,0,952967,966204,964745,45,6286695,9,0,966718,979169,978694,
41,8521215,5,7,963299,954871,964326,43,9871032,10,8,974893,976515,970570,
15,9524144,3,2,923895,944539,947713,47,10467553,4,6,956329,953510,979767,
43,8714832,8,0,947021,968268,961577,45,8837531,10,2,975748,974099,970922,
49,9230125,4,8,956506,941986,958384,50,9688800,4,8,965624,968832,969777,
43,6528502,4,0,958139,962570,957422,43,8572584,6,5,980888,980019,964686,
45,1011728,0,1,967734,971602,970535,45,5614221,4,5,973920,980342,975211,
35,8346198,10,5,930279,937962,950102,43,9061843,10,6,970122,954749,968414,
47,4827667,5,0,930356,963726,962806,50,10021023,5,2,961426,978225,972075,
37,6216269,8,3,941017,934181,941403,42,7477048,10,3,944590,978013,968721,
27,776224,0,1,951946,926067,963632,41,3047890,4,5,964036,968124,970113,
23,6733286,2,3,954783,945573,944162,35,9400914,9,5,970229,958842,965063,
35,9059212,10,3,939612,932050,933812,45,9238879,10,5,961685,974315,979385,
23,2916967,2,7,933133,937707,922941,44,2954447,3,7,947646,965693,951058,
29,4169308,1,7,928849,931511,920162,48,5604445,1,7,964564,964496,933263,
43,7610295,7,7,924961,965447,976304,48,10206842,8,8,974825,977288,980948,
38,8262882,7,3,970158,952410,926266,42,9570619,10,3,980152,971593,971772,
50,4189157,7,3,921607,936335,947210,50,6209296,9,8,948426,979326,965627,
28,9725724,4,7,940984,923887,924894,49,9901767,7,7,956006,965351,975861,
16,6928800,8,2,958834,928098,955046,39,7616538,10,3,961839,952328,964024,
1,5783671,2,0,925153,951359,930529,41,5809047,10,7,961176,980530,954952,
38,6586049,0,7,970558,939628,938968,45,6775828,0,7,979727,976419,979943,
21,2145202,10,4,966819,920200,969086,21,8385376,10,6,976355,964367,979182,
6,4466747,3,0,938259,929053,928302,22,8865373,4,8,979200,969905,947131,
7,6513983,7,5,930880,942346,956545,49,6683185,9,7,958245,957607,977986,
12,6879086,9,7,977242,948326,979909,48,9308830,9,7,981164,979111,980335,
35,7259325,9,6,925216,945366,945781,48,10054693,9,8,942378,967057,963375,
44,1178713,9,0,957940,933971,952800,48,6189522,10,0,969287,951953,971991,
48,4242497,6,7,957566,922055,942973,50,4703153,8,8,961105,976972,976554,
8,6486128,2,4,921137,966046,944449,38,6966671,3,8,962145,978151,966902,
44,5226848,1,6,962315,931256,971058,47,6417024,1,6,977770,979792,972700,
30,9976664,1,2,922031,957656,949508,50,10004373,7,7,968585,962166,976475,
10,4438358,10,8,967499,940440,968808,32,10042189,10,8,971350,969829,980540,
15,2147944,6,5,922775,958054,969258,35,2496710,8,6,969776,969462,976906,
31,7626463,6,7,946258,952131,934179,46,9352333,7,8,973732,970530,955893,
44,5354653,10,2,947665,921603,935341,44,8951579,10,5,955039,945488,977568,
21,6420110,0,0,931360,930998,953847,37,9725383,4,1,964930,969555,960111,
8,5970356,5,8,955307,957821,968583,47,7572496,6,8,961220,980604,974927,
2,3361631,5,7,944714,966599,964784,18,6718628,9,7,970497,977126,980141,
43,7389908,8,1,932364,955207,950693,48,9154079,9,2,967741,962974,955807,
25,810899,2,2,955322,962765,957584,31,2986658,5,4,965313,980061,963549,
1,4717476,6,8,925703,964039,936224,31,9926582,8,8,969267,980674,969106,
34,1927188,9,6,928658,945006,926416,48,4699151,9,7,975351,973638,941884,
27,6326474,8,4,924643,934632,938470,34,9516653,8,4,952398,943357,945413,
36,3594531,7,7,957894,943356,962787,38,5637357,8,8,969304,964676,974958,
36,1291233,8,7,946800,937912,921960,36,7683132,8,8,961707,952999,950234,
19,2100365,6,8,930724,950862,932856,24,2333994,8,8,969524,955582,951148,
49,7589190,10,3,934151,933766,936278,50,7822144,10,5,950117,949694,971377,
47,7155753,4,7,947082,947755,933066,50,7361900,4,7,957017,980472,973227,
23,7140635,2,6,937207,927232,921603,35,10100448,10,6,954813,961199,979991,
11,4348195,6,4,937931,944787,943438,22,8057107,6,8,951436,976659,951172,
31,2097639,10,7,964639,935751,979179,35,8696063,10,8,979770,971926,981145,
49,5163602,7,0,922633,933964,948544,50,6580293,7,5,961168,944085,966911,
45,5486685,0,0,969887,929465,967801,45,8385052,5,1,979018,961976,970210,
21,7961276,6,0,934282,949766,937521,39,8147437,10,3,969599,955353,975538,
21,8045694,5,0,933615,935181,941302,48,8367861,9,0,962040,946373,975212,
18,3965607,8,0,950024,965120,947048,28,6753423,10,0,975981,973601,964772,
46,4119107,5,2,961220,939542,945890,50,6718938,10,4,964586,974103,967723,
17,3497494,8,1,947355,938549,923657,19,5365167,10,6,965364,942546,967556,
22,4914985,2,7,930470,967740,958432,39,5513168,5,7,961472,976048,967953,
30,743983,1,0,923294,944323,958933,44,3586548,1,6,955717,960837,971215,
36,4700327,6,1,924089,959811,953925,37,5833010,9,5,955314,965213,965454,
40,9515278,7,7,946335,922111,924573,47,10452607,10,8,974824,972636,962036,
50,3972151,7,2,941789,963138,961768,50,9984984,7,2,976970,976453,970472,
18,4920658,9,6,946384,951559,950660,36,6720474,10,6,964519,965829,953899,
25,7142818,9,4,931849,960310,962862,41,8109041,10,6,963955,977187,970750,
43,5432743,8,7,941294,940229,955756,47,10458735,8,7,952260,978302,968806,
43,7701574,3,3,921928,929626,943675,48,8552547,3,6,948586,974639,962812,
44,1106814,0,2,923815,936973,932632,50,4971829,4,6,936954,950617,955983,
30,5452525,0,7,941513,946841,951493,31,8594013,7,8,957643,953365,966208,
46,7260876,7,6,921517,969440,958482,48,8215569,9,8,974892,978364,967193,
27,160086,0,0,935212,932475,959569,48,3256259,0,5,956788,969547,964441,
11,7170511,0,4,947260,951698,950521,40,8858862,9,4,980771,966033,956316,
13,7582351,1,2,950582,979870,944461,50,10014608,3,2,978232,980247,978220,
38,7704483,3,4,955068,959152,965946,41,10373874,7,7,967096,974709,978329,
39,2841304,0,1,953992,979629,971761,43,4381572,3,6,980050,980245,980353,
10,6807337,10,5,921231,922206,935462,35,9947705,10,6,948702,972103,952977,
42,8420933,2,0,961030,971843,965924,50,9092691,3,3,980678,980977,978885,
49,9267337,2,2,935448,964209,922308,50,10208319,10,4,979290,975611,966965,
45,6298822,5,8,949476,952052,965932,50,6348413,7,8,972790,973390,971671,
11,4714215,2,1,930928,969967,955094,40,5051758,2,3,968641,974968,961863,
49,9962955,2,5,926196,955444,943733,50,10290454,7,5,962616,980173,972419,
13,5913434,7,5,936884,956296,946912,33,9350882,9,8,977043,965232,955580,
11,2936318,0,8,941683,927130,978161,20,6181280,4,8,979045,974697,981215,
43,8238541,4,6,936268,921667,947858,49,8475091,10,7,946609,974880,950322,
45,1829803,8,3,968162,944087,953177,45,7283747,10,4,979561,969236,971425,
35,2571583,6,8,946104,952573,933929,49,5637356,6,8,978852,972715,958296,
30,8019764,4,8,923562,959400,920937,48,9962752,9,8,979897,973558,958984,
35,8756571,10,6,957090,940227,939521,46,9984800,10,7,974004,967937,960643,
30,1724711,8,8,948374,932866,966475,42,6289330,8,8,962216,964975,974182,
43,6516534,1,2,937406,961013,964381,46,7930671,6,2,969325,964780,973203,
45,1678892,7,2,954109,942849,959414,47,10397192,7,2,978456,951970,968201,
24,4845801,6,1,929340,966423,959081,24,7084386,10,7,970509,979475,973785,
47,4512460,3,6,933658,954747,935582,47,6801687,7,8,979440,965699,957357,
29,1917947,2,7,922326,934409,920748,30,6732536,3,8,967088,948471,931817,
14,6996209,8,3,968920,951751,961262,35,9312327,9,5,971603,979395,979922,
41,8743567,3,3,927337,952094,960927,46,9231323,3,6,967621,976556,977778,
24,9704921,4,1,930067,949479,937302,48,9738645,6,7,965363,967279,971736,
2,3086343,7,6,957920,926055,959684,20,3549533,8,7,966975,958342,981099,
23,138414,10,6,928383,965778,928007,33,3581200,10,7,966682,979672,969045,
45,2194182,8,1,957337,964940,952084,46,5122009,10,8,977900,976834,962932,
30,8243741,5,7,964723,924929,934464,45,10059506,10,8,970837,962390,975628,
24,2232488,6,6,956232,949767,965374,31,3897683,8,6,962546,969488,971882,
38,1275888,7,2,947977,958095,950948,44,4296571,9,5,974689,968195,951921,
35,1345438,2,6,965930,920145,958864,50,3798349,5,8,977650,966159,973141,
37,887480,6,5,933091,955028,934366,38,8636601,7,6,960859,974057,952715,
48,8628165,5,2,955112,921624,925508,48,9389420,7,6,972372,960133,969830,
21,6967140,5,3,925760,930292,938981,34,9354531,10,8,949630,943840,946272,
1,7352401,10,6,948351,939180,944073,47,10231292,10,7,980960,947763,953269,
48,9825166,10,0,957107,946174,956243,49,10474523,10,3,974547,974064,973177,
13,1454683,9,6,961202,963964,969880,49,3664548,9,6,963996,978914,972543,
35,3868898,7,8,951134,939810,954092,46,4670188,10,8,953656,957001,960431,
49,7865195,0,0,939041,958852,942486,49,9655000,4,2,956179,963373,966464,
6,4076891,4,5,953833,969351,929580,23,8753384,7,7,970228,976649,966592,
12,1293693,6,4,945786,940520,943196,43,1746806,6,7,968752,949726,955845,
50,2824826,6,5,972559,957440,955227,50,9047459,9,8,981138,972100,980152,
46,8388451,6,6,958213,926606,954559,50,10099411,7,7,969841,959586,975954,
43,6386097,10,4,941572,963193,935633,49,6428640,10,7,976209,975505,974517,
26,431818,8,0,957423,930420,944388,40,2798979,10,7,980810,955235,974889,
41,7918477,6,5,952398,940340,939719,46,10385705,6,7,973624,957051,980627,
49,9194924,1,5,951132,922930,949528,49,9789051,5,7,968352,955301,969922,
7,4885449,3,4,970473,978552,959445,31,9678489,3,8,972770,980220,979138,
39,817397,2,0,966722,944034,967881,44,4403983,4,2,980274,965832,975687,
16,3725740,9,8,937597,951625,942337,24,4907868,10,8,955039,960551,981005,
30,1431138,9,4,920184,948441,948762,30,5286137,10,8,945819,951819,976492,
19,6428478,4,0,937889,965343,927412,41,6998866,5,2,962585,978389,968946,
26,3453188,7,5,932395,939060,956795,26,9366436,9,6,958858,981020,965031,
48,8006524,5,8,926513,934015,943179,49,9398687,10,8,976441,947764,970407,
45,7109479,9,1,949089,958663,970098,49,9946932,9,3,969616,968141,975875,
46,1928145,6,5,969591,968190,970827,46,5441663,9,7,979483,971956,970954,
33,4807968,8,8,929798,929739,936124,34,6664438,9,8,973324,939453,972967,
37,7124297,1,7,969492,927379,929941,37,9884808,3,8,979404,970907,970720,
47,1991673,8,7,939363,927187,949167,47,7475720,9,8,950115,975704,963556,
34,6495865,7,1,941038,968234,932457,36,7569637,10,4,965395,973066,962011,
18,6957878,0,4,932674,951299,932265,46,7799520,1,5,970055,962675,953886,
1,8785719,10,1,945964,937808,930042,50,10464157,10,3,971044,945086,952440,
45,9673090,6,7,936009,927756,935673,48,10149216,10,7,960579,972800,954855,
36,3315418,1,6,955001,969763,958207,39,4357553,10,6,980388,980095,961669,
39,840283,4,3,959319,946740,968367,39,5426580,5,7,968755,980775,978475,
36,6336443,4,8,946332,965724,920420,46,10067743,4,8,968141,978384,979455,
27,7839699,10,3,951895,946818,960961,45,9862947,10,3,979459,965366,962805,
47,8605954,5,7,943929,933576,935846,47,10395042,5,8,964432,950791,974396,
9,589509,7,1,948575,967155,957710,12,7684408,7,1,966208,980639,980476,
30,3391003,1,8,929366,964326,921149,30,9868017,6,8,980633,975260,966760,
49,2769517,2,5,930201,929614,926553,50,5197348,3,5,945750,963199,935600,
30,2145295,7,5,952149,927605,934422,35,5418892,7,5,978458,954270,977997,
32,9263883,9,4,928728,945471,960856,49,9470727,10,4,970954,976557,977361,
2,8074501,6,2,929534,957680,954506,50,9805019,6,7,958785,971493,974813,
41,3853180,0,2,941375,979997,957337,46,7502408,0,3,980209,980839,975889,
23,3150922,9,2,943534,965491,937726,23,3641763,9,2,973122,978593,980984,
17,7366957,5,4,971545,955315,966369,44,9519509,5,6,981200,978695,980356,
41,3380710,3,7,928112,955166,947047,45,5216750,9,7,952057,969994,959530,
48,9654344,0,3,963947,962402,970679,50,9738434,9,3,977005,979494,980766,
32,4471902,6,4,922627,950534,969034,41,4501468,8,6,970420,978833,978873,
3,9010285,3,0,955755,928320,958519,44,10327807,8,3,971963,971272,969691,
39,7589915,8,8,935666,935173,943581,48,8078041,9,8,978011,946772,968783,
22,6296772,9,0,951064,957057,956707,44,10446411,9,2,954209,971742,967641,
20,581437,2,0,947927,976124,944383,33,2548353,3,2,980140,980862,977880,
48,5530966,6,8,924959,939485,924476,49,7811123,10,8,932289,954740,979488,
46,3227959,10,3,929077,948946,955926,48,10054721,10,3,971813,951624,963664,
49,4368806,7,0,957284,970036,968968,50,9161167,7,5,962244,980680,973536,
29,781104,5,6,947137,956506,928187,41,3806899,8,6,951693,965383,954917,
30,8192769,9,2,954903,939294,950634,46,10361635,9,6,966814,955148,972233,
41,7190663,5,2,930003,925485,943454,49,7956212,5,4,947844,965937,976142,
15,8476197,0,3,944080,946185,961236,46,9614715,8,4,961452,964287,971668,
40,4923732,9,0,969597,968263,969446,40,5016708,9,6,974744,977951,977339,
29,5778899,4,5,956257,963593,944745,36,6655803,4,8,966800,976860,967795,
50,6290317,5,4,934293,922930,935373,50,7627654,7,6,940176,976053,979988,
32,8433599,0,5,957092,938434,949267,45,8550836,0,6,976947,962055,971648,
42,5550644,10,1,938697,926097,979430,44,6514063,10,4,980588,977264,980230,
31,9672820,1,5,957111,942614,942269,50,9728825,9,5,963227,972644,980468,
33,4612301,8,2,962150,973051,958907,50,6344205,8,2,975193,980633,978074,
38,8339808,2,1,943361,953690,956999,41,10470731,5,6,975806,967151,976527,
49,6392774,8,0,941735,956274,925317,50,7607731,9,7,971110,967121,952124,
50,4846452,1,8,953586,931271,927053,50,5623359,3,8,975790,960641,964050,
44,7306990,3,8,925412,936928,938690,48,7365224,3,8,951679,977010,972846,
33,2492092,9,1,922860,932844,929463,36,3990521,10,7,979978,947398,939105,
14,3834852,8,8,924486,935539,930817,47,4847260,8,8,949390,975656,933534,
15,4099440,4,5,953303,950320,979301,43,4187799,8,8,979267,971192,980177,
35,7048016,5,7,936555,945797,956194,49,7815279,5,8,956951,980662,964253,
29,4988170,10,4,926879,952207,949068,42,5562717,10,7,974577,967812,952086,
34,8978889,4,6,951660,966661,936588,49,9188532,4,6,974864,978290,976573,
47,6102633,7,0,929126,965215,967874,48,6211167,8,2,974133,979327,970821,
8,6749872,8,7,955640,964789,949602,35,9029084,8,8,980391,971669,977675,
43,1544256,9,8,946582,934593,954867,47,8457441,10,8,959626,955229,978071,
12,3861838,10,7,946333,956214,928075,25,8398370,10,8,959831,963879,964462,
28,9098123,6,5,950185,951932,959275,46,9625124,6,7,966195,973155,968115,
3,4880064,6,8,953059,962478,957218,30,5999062,9,8,980189,971052,969364,
33,7630181,8,1,947612,963798,950930,46,8296940,9,3,974436,975544,965048,
47,7354855,10,4,959852,922298,940314,50,9081147,10,6,968904,958281,961877,
14,6723133,5,1,952818,921178,962584,39,7492534,6,4,965741,962648,980949,
8,1565542,4,2,960200,927019,940036,9,7983881,6,3,960299,976592,969167,
36,8165776,1,8,938369,978392,943033,50,9371909,10,8,971180,980519,977799,
34,7501829,7,5,965493,925778,969487,38,9292390,9,5,974883,976111,978440,
10,7523103,1,8,926108,949129,946947,37,9152911,10,8,979023,966735,966413,
46,8312950,2,3,953655,940321,953236,46,9466116,10,5,968827,953513,972179,
49,5717270,0,6,949992,961212,941623,49,7967670,8,6,961568,962564,972891,
41,6198524,9,7,930922,961187,949331,42,8118720,10,8,968185,972602,961266,
44,6663185,9,8,921985,937244,947086,48,8129735,10,8,980797,942725,978422,
21,1036186,10,6,928013,947933,969949,27,4452004,10,6,963361,963624,981164,
50,7186495,7,1,965714,928958,963284,50,8860965,8,6,980454,969863,970967,
25,5132394,9,2,946879,957926,931792,38,5369421,10,6,968353,976731,958643,
29,6494626,7,4,949064,959756,932013,33,7246330,7,6,979827,970588,963183,
41,175648,7,1,932126,951352,948973,41,5855795,9,4,974182,971517,954661,
48,5377583,0,7,962542,946891,963749,48,9765451,1,8,979401,964841,977594,
49,9266357,7,4,946153,936921,921061,49,9662230,8,7,950552,968831,979733,
43,3440639,10,8,948819,927756,957390,47,6168393,10,8,967995,957340,974822,
34,8412212,4,4,923098,948393,925315,46,10047594,8,5,942608,964231,969174,
37,7529974,2,4,961589,921591,965428,49,10155380,7,8,973319,961030,972976,
12,5539253,4,6,939248,962886,942688,32,9436371,9,6,967176,970302,974928,
48,3104695,4,4,945875,958249,948505,48,8799446,5,6,957910,965341,978547,
31,6780951,0,5,949156,968784,947776,34,8127289,1,8,977743,978575,975598,
1,7798319,4,6,947811,965132,929859,49,9235436,4,7,965641,976303,974095,
40,8353258,1,4,949703,935930,957999,44,10447917,9,8,958117,951626,976584,
22,8047153,7,6,941262,942285,941384,41,9820791,7,8,964855,953761,968455,
50,4732936,4,5,961127,967468,962248,50,10222746,7,7,964290,978246,976906,
9,1668131,9,1,953337,970163,955251,45,8006267,9,1,977944,980588,961727,
43,5939579,1,7,941990,963141,963642,45,9311556,5,7,966239,979827,974225,
47,2668461,9,2,943647,931931,965594,47,10316835,9,3,978154,969131,974703,
27,5973024,0,7,944443,956387,942072,34,8739439,4,8,978665,970586,951476,
27,8201486,7,5,950624,961223,923428,46,10070803,7,5,978536,980319,970428,
21,2899554,3,8,960382,936089,933595,48,2980074,3,8,960990,963387,961171,
22,7410916,8,8,964175,942026,979629,48,10185955,10,8,975610,977116,981028,
45,399437,9,3,951056,968733,966697,47,7468624,10,5,964054,977879,978946,
38,7062095,5,5,960513,951489,958708,44,7197101,5,7,976126,970984,960888,
1,6550175,1,0,939149,957741,953802,48,7204527,2,1,951824,968127,964351,
38,7686200,5,7,934368,930014,959667,43,10143284,10,7,958873,971616,976305,
31,6453681,4,1,944090,969365,937398,42,7954344,4,2,966940,978509,973535,
40,6271405,7,1,951074,952907,964604,45,6690344,9,2,961897,979952,975592,
36,8289248,7,5,969988,959642,948517,50,9551210,7,7,981023,969299,980135,
29,6233917,7,8,943015,965250,931914,45,9401474,7,8,965003,972567,976711,
23,4989149,1,1,923271,960114,950598,28,10189915,4,8,957167,972631,954304,
9,6506008,2,3,942741,952069,942094,46,7197982,2,5,978650,962647,955079,
50,369516,6,0,966769,960387,932347,50,4910713,7,7,977628,976622,979828,
14,6218414,10,8,957171,945529,963791,45,9571940,10,8,965989,973255,978706,
8,9746355,6,1,950359,947625,939110,49,10102031,8,1,978126,967992,976713,
4,10155770,6,1,926727,935816,945715,50,10249205,9,6,970361,966913,951734,
14,2165761,0,6,937712,962101,968784,33,3849514,0,6,962096,973433,971620,
6,6716199,1,6,927712,923849,950112,41,9270329,1,7,979218,949854,954153,
21,4966391,10,6,934328,944703,959232,44,6466955,10,6,951368,957106,974485,
45,9946153,7,2,925731,930395,924773,49,10470739,8,6,940399,968902,959485,
41,6358711,5,4,947050,933142,965598,43,9880426,6,6,967959,968429,973918,
24,1378584,8,2,962026,954894,951812,24,5962005,9,3,976522,968851,975473,
35,7121823,10,5,940282,963906,958908,49,8710145,10,6,972839,973740,963775,
26,1639923,4,8,958306,969332,972510,40,4456438,4,8,976609,979940,980308,
40,3514745,9,6,921423,955793,969240,40,6995637,10,8,965589,979722,972331,
45,5403063,0,8,934429,959781,929222,47,8511950,2,8,978465,977759,951594,
35,3518131,1,8,956635,961837,978623,37,10302729,2,8,979695,974048,980405,
34,7048242,9,1,966178,974843,936915,40,7640677,10,6,977427,980368,978296,
37,5872175,7,7,954411,921372,925985,42,7886546,8,7,973629,956801,974264,
28,362639,5,7,935798,954469,952484,48,3684424,10,7,958062,977967,975079,
35,4161367,9,7,923838,944259,953031,47,6916431,9,7,956449,952652,971081,
32,4278465,4,1,957252,962802,951733,43,4747475,4,4,967260,974753,977429,
41,3624799,8,8,927992,945325,931531,47,4096178,10,8,956596,973012,978514,
34,6519698,2,3,931547,942214,943730,38,10282539,4,6,945332,956773,977038,
19,1313574,10,2,960899,967044,925943,23,4726588,10,2,966445,980291,970871,
32,1422028,10,3,951082,972364,929689,35,4409639,10,8,978432,980932,975745,
42,4926289,10,4,933962,952623,939783,47,8225244,10,5,966554,974513,953455,
39,7032748,8,3,926849,939801,969859,43,7182981,10,6,977233,961607,973516,
3,3122085,5,7,955251,940992,977666,28,5446815,6,7,976645,971151,980956,
12,8590560,0,8,956487,942670,970009,47,9625297,6,8,979360,964062,972042,
46,5956027,2,8,956174,954758,963654,47,7754319,6,8,965535,975570,980960,
50,7026949,6,7,937025,943759,968938,50,8253199,6,7,970845,977486,977806,
12,1249017,4,4,930521,948711,930613,28,1504024,6,7,971591,959230,949974,
49,8812302,10,7,954307,942771,969180,49,10087010,10,7,971622,976436,979439,
41,2457526,0,4,921860,927886,925778,47,4232869,1,4,932773,939310,938199,
50,5255906,2,1,968712,953240,955557,50,9090083,3,1,979704,970259,971499,
17,7108593,10,7,954814,942552,948686,44,7465202,10,8,967869,977465,960245,
49,8643728,6,3,920594,945125,926294,50,10159151,8,7,973836,955936,947710,
50,7127855,2,2,948215,931829,933095,50,8330011,4,6,964155,946725,975047,
2,5488239,2,7,950498,936260,955427,30,6404077,9,8,952119,958278,964576,
49,3404463,5,0,933147,940056,923721,50,4619265,8,8,967416,949810,968381,
42,9640320,1,4,924290,934562,948082,49,10000517,8,7,950976,943336,977661,
43,4094647,9,0,946853,980047,976111,43,9295071,10,6,979010,980799,981126,
31,6295316,9,7,931717,954242,942178,47,8477268,9,7,967362,976547,956223,
31,8455727,9,6,958099,943354,969060,49,10261831,9,8,976283,964159,972657,
33,5663266,10,5,968192,957738,968717,44,6357184,10,6,974809,968273,975804,
47,5888809,9,7,936385,941459,924420,50,7399681,10,8,965382,965790,943768,
19,2412374,5,4,941920,954444,968071,20,10171647,9,4,962432,964991,980767,
41,1023227,9,0,948408,945181,959265,50,6343254,9,1,951781,958652,960822,
36,5690087,6,3,935702,944495,939962,39,7931877,9,3,949329,969229,945051,
32,4896247,3,0,940177,930837,931590,45,5057624,6,4,954908,935499,945859,
22,246964,2,1,924635,960276,948939,26,3305468,10,8,956879,979375,976922,
7,6200582,5,7,932934,969789,962438,49,7571368,5,8,961664,978097,978874,
38,7058031,9,1,948348,939790,948937,41,7787406,9,8,980441,941707,974272,
19,6745466,2,4,947264,943732,960905,35,10035457,2,4,977394,971213,977793,
50,2960153,1,1,938838,948007,961177,50,9471712,2,2,976525,961432,969248,
41,1417162,1,4,938886,950464,950132,44,9194691,4,4,950394,958412,967664,
26,8248078,10,4,945571,964494,967941,42,10011811,10,6,975794,970871,971532,
34,3281395,3,3,953717,933022,939614,38,8380514,3,3,967518,952496,978009,
27,5531164,9,1,966840,959464,975144,37,5918215,9,7,974168,973436,980485,
26,6516222,0,8,946088,967775,953591,40,9666121,4,8,967347,979966,962168,
25,4725265,4,7,926181,977124,954509,46,4956652,9,7,979221,980646,974499,
47,3952011,6,6,963036,965128,969815,47,5153364,6,7,976645,974590,975729,
48,6810857,1,6,945632,959715,936993,48,9607995,5,8,967002,963487,957420,
38,7576153,4,2,967055,932697,966244,43,7796197,6,7,971116,965658,978563,
36,242894,8,2,928640,943278,930922,36,4973136,9,7,945059,957014,978519,
26,6245850,7,0,921930,951940,931580,31,8218622,8,4,970268,973313,975708,
44,3778620,2,0,961955,977857,951694,46,5317922,2,5,979364,980876,980226,
13,702916,7,2,931094,968296,979204,41,1934870,7,5,975632,978115,980327,
23,291949,2,5,954172,930502,960264,40,8439042,3,5,980694,957220,979711,
49,7042556,3,4,920745,941270,949344,49,8134151,9,8,945251,956248,958339,
34,3457560,5,8,943216,940229,946175,35,6580103,6,8,970556,948700,973768,
5,6794070,7,3,939222,943386,937136,40,9027880,9,3,943934,968658,960623,
32,2690028,7,7,935701,933607,928365,45,3181827,8,8,951045,967713,957993,
26,1754042,9,0,966656,968720,977751,30,10074720,9,1,972607,977433,981003,
32,664700,10,5,958991,938481,942503,34,4767374,10,6,977107,955928,963519,
42,1048876,9,6,924778,934107,944821,42,7523855,10,7,968170,949350,977113,
41,7631019,3,3,929479,956819,959072,46,8390930,6,6,957728,971525,970642,
18,4412591,5,8,943738,959621,953989,23,9987658,6,8,969490,962069,975784,
47,3341031,7,6,922193,920895,920434,48,5176989,7,6,954456,949135,935387,
39,8310059,0,6,927381,941879,924583,44,9370887,8,7,943535,968242,957999,
12,7929811,4,7,960273,967367,962230,39,9246368,10,8,971634,973629,974647,
38,3433687,9,8,962687,937911,969051,40,8118764,9,8,972871,967701,979505,
44,6544120,9,5,951416,977287,947852,47,10493907,9,7,972544,980369,977168,
35,8101868,8,5,932320,947224,928027,47,8253013,8,5,958270,952460,967701,
48,8890307,10,3,944437,948670,931301,50,8962113,10,6,952896,978313,956558,
37,2090933,4,6,932303,950988,943816,38,8725962,8,8,955794,956566,950875,
12,3765314,0,8,930372,923957,935446,31,5792954,0,8,939245,970380,959245,
40,5944689,10,0,935830,944018,947567,42,7507575,10,8,947894,967367,951085,
44,5882262,3,1,932097,934364,962533,50,8585474,3,1,961795,972201,979689,
27,521218,3,5,923350,939650,955487,30,6842043,3,5,952527,978666,964817,
44,6152962,10,0,955623,932256,957401,46,8031507,10,2,965144,956474,980501,
24,7250928,9,1,949132,965752,961637,43,10069213,9,8,969162,975107,976367,
27,5256165,10,7,935478,921979,926018,35,10193612,10,8,957069,934496,952036,
34,6913016,7,0,956733,956653,955402,35,10075573,7,2,972945,977750,969919,
31,8993487,0,2,923789,949334,930084,48,9603549,6,5,967311,959639,945280,
19,4572913,3,5,966947,936446,958353,27,10467356,5,6,971722,967832,977685,
26,4857034,7,7,949668,961250,970615,26,7838344,7,8,979758,976097,973251,
47,5790901,9,0,949491,950530,926850,48,6112565,9,2,962041,979797,955561,
3,826381,9,3,920580,920655,943588,5,8681524,10,8,948811,961849,977803,
38,8068158,8,7,965008,942463,963710,49,8786797,10,8,970192,965187,979093,
20,240505,5,0,941124,945603,959335,43,2355344,10,1,953902,969200,980057,
27,807959,0,5,954690,950871,953874,27,4974240,2,6,971231,953040,967660,
25,3948885,9,8,932167,960496,968632,33,9055398,9,8,961794,967428,977258,
13,2378608,9,4,970752,973370,979385,23,3096886,10,4,976624,980786,980321,
17,4826659,10,7,958422,947250,946029,35,6159546,10,7,963987,951437,978000,
22,4955486,9,8,928230,930421,943497,35,7759214,9,8,945078,956254,951388,
26,4673501,8,8,949980,953517,940870,33,5533255,9,8,957336,962550,971352,
46,814953,8,6,928245,922697,949597,46,9673472,9,8,947799,969368,952374,
19,9123574,4,6,957184,951250,936864,45,10180931,10,7,966683,963787,968746,
46,8993910,10,1,949570,922974,942644,47,9285862,10,3,970891,950892,977299,
36,5833981,8,4,926541,932031,954229,36,5919415,9,7,966304,968524,970027,
47,2461709,1,7,969260,976334,968472,50,8150927,3,7,975836,980218,977160,
29,5061530,10,7,941119,921377,937265,35,9534064,10,7,948798,961385,944945,
38,6115767,6,5,949097,928159,949154,38,8749090,8,8,960910,945870,971803,
33,4522118,10,7,957636,950579,956348,34,4685712,10,8,975047,961790,980417,
45,9522445,0,4,942362,961493,968784,50,10246841,1,6,971546,971012,970387,
44,4530996,9,4,964230,931103,966115,46,8616889,10,4,972753,969248,978280,
49,8925023,10,1,929023,950181,922887,49,9572674,10,2,974274,976936,951495,
31,7925686,2,7,937083,937462,968485,42,8854924,8,8,969108,975789,971907,
27,6783203,9,4,947234,950757,957994,50,9739442,9,4,959737,959602,977858,
21,818611,8,4,965999,965082,971120,27,5074010,8,4,977686,971082,977410,
47,8811409,3,7,966679,943201,963694,49,9964542,7,8,974374,964378,974783,
50,9370383,3,5,952944,924092,952012,50,9879308,3,6,964419,962927,965695,
38,423588,2,8,922927,948585,948153,48,5559592,4,8,946512,959145,961801,
50,4321382,7,6,967542,948987,944660,50,9975033,9,6,980606,962155,974934,
42,2296361,9,4,927986,935845,951861,43,8613588,10,4,953505,974446,964067,
15,4912044,3,4,961986,940006,942962,28,7090786,9,4,980059,966127,979852,
39,4569579,5,4,968112,973200,920189,40,9719684,7,5,973806,980210,978399,
48,7636046,6,2,949250,923245,942159,49,9574435,6,6,953166,949250,962316,
22,9545358,3,1,948139,921289,937541,49,9992523,5,3,950677,950339,975291,
21,4140167,5,0,928126,934481,947395,21,10106978,5,3,956708,965589,956384,
10,6954209,2,6,945215,960038,951670,50,7181790,6,7,959311,963840,971094,
25,5572304,10,6,956205,968439,976908,49,6391277,10,7,977238,980022,981008,
47,6180812,10,1,925341,957686,941506,48,8977850,10,7,961263,960307,956308,
45,368796,3,5,939610,922436,944747,46,5507263,7,8,947477,946615,966311,
37,6436111,1,4,950251,964034,922742,44,7079274,1,8,976328,974485,968814,
39,5749376,8,4,920953,948759,959353,42,7211841,8,5,980501,955301,966315,
27,7182212,8,6,960824,968673,941296,45,9509983,8,8,966628,976968,963654,
28,8217852,6,8,946579,922240,931337,42,9082552,8,8,973601,971107,956780,
30,6166373,6,6,936424,946010,950528,31,7184920,6,8,962805,965754,975165,
35,3731872,8,3,924904,937913,939729,38,6813520,8,5,932645,943523,971262,
49,2825112,5,6,941983,933727,938794,49,7177670,8,7,960167,948833,959923,
27,1226298,9,3,922462,931244,929787,31,2776986,10,3,972035,947549,956641,
5,4927972,9,8,955467,967490,944105,36,8330232,9,8,967259,972246,973372,
36,7833016,8,2,956677,940980,944872,44,8868894,8,6,976606,959143,966019,
20,5895722,4,8,940119,959524,953158,49,6430700,7,8,954762,963406,964033,
42,5054142,10,6,921591,933302,934328,47,9836874,10,7,938391,978302,948054,
26,9430837,5,6,942350,936777,940557,47,10280753,6,8,956446,951269,971752,
14,6868521,2,8,921721,925219,934505,47,8583055,2,8,966518,932188,958545,
12,1284887,0,5,934899,954578,934883,42,4383954,9,8,959852,966562,951034,
46,3761873,2,8,934759,936502,944524,46,6410209,8,8,951029,949364,965885,
8,6647539,7,4,970626,925934,979862,39,6932678,10,6,979603,979847,980768,
47,8869687,10,4,960228,938289,946990,48,10410834,10,4,970041,972627,961114,
39,4811583,8,7,945468,954150,966302,49,7143898,10,7,978216,965909,970106,
27,9464263,4,8,965660,952494,956247,47,9702806,10,8,977747,975743,974702,
35,1471827,8,3,930774,954335,938526,42,4235345,9,5,955593,967619,953854,
36,9463653,5,2,933759,922490,952756,47,10205264,8,3,973588,963733,978000,
32,1974834,9,4,921430,957192,943617,46,4416543,9,5,959942,966431,960627,
46,5461423,5,3,941806,951304,941597,48,7115863,6,5,962931,972685,955212,
46,9640635,1,0,943016,921395,969519,49,9988188,10,6,967712,971253,973945,
46,9699889,10,6,920749,958290,962569,49,10484786,10,8,976900,972493,980802,
30,7350706,5,5,959420,967336,934189,44,10078196,6,6,964285,973054,981131,
43,7093077,1,3,922875,940497,961011,43,7179952,4,4,976850,978554,978134,
40,1389557,3,1,935169,960131,924343,46,6961451,9,1,958722,962654,956564,
48,1728148,8,3,941715,936080,924816,49,6825346,8,7,971567,944000,955837,
34,4416083,1,7,924612,922377,931996,44,5619672,1,7,964468,936599,958662,
18,1581789,5,3,949368,957566,960798,19,1840678,10,4,969806,973369,964913,
13,2361398,2,7,959504,968876,955225,44,2595252,5,8,973943,970105,975112,
29,4723610,0,2,939241,929441,949390,48,6341866,9,8,963432,940981,960419,
27,1027996,3,3,928908,940656,946552,42,2829854,3,4,959534,974068,962246,
34,7391461,8,0,960931,966499,969981,45,8525218,8,7,968199,971181,972756,
47,8213207,5,7,922675,946642,941584,47,8932791,5,7,959357,963013,971136,
40,1379867,8,7,952125,933473,942433,42,5766083,10,7,980233,956796,971032,
48,5062343,2,7,961143,966604,959084,49,7643344,8,8,969796,973124,962252,
9,8134427,10,5,970083,940312,938731,42,10291038,10,6,974429,976416,976264,
47,4456100,8,5,955058,943489,955466,50,5296760,9,8,979810,959154,977951,
6,8206274,7,2,939206,932567,946205,42,9474133,10,8,968865,946839,953699,
35,5341784,2,3,958553,960276,954828,40,5362736,9,3,970028,978755,962539,
39,7573850,4,5,938654,932578,952287,50,7680106,9,6,952304,973200,974591,
31,9309873,8,4,956411,937353,943141,49,9929807,10,8,978571,957123,979375,
4,2305412,3,7,968451,956886,922348,35,2492712,6,7,972836,968481,979088,
22,5897738,2,2,941114,949403,967749,35,8230954,5,3,965359,962195,978892,
33,6078099,10,0,924811,964303,965990,33,8967777,10,0,977308,971435,976897,
46,9380680,8,2,944822,943895,928197,50,9593673,8,3,965645,975687,950980,
44,5289396,8,4,929915,960234,968739,45,8014224,8,8,969373,966023,980708,
37,4601295,5,6,949001,930813,948822,37,6403860,7,8,975986,944099,976106,
41,4990971,2,6,928183,957017,950705,41,7828001,4,7,957408,969451,966199,
33,6586465,6,0,948962,951718,948927,43,7204312,6,5,966999,969066,958832,
44,4002012,9,4,931566,947915,942520,45,10475920,10,6,946605,952565,961243,
28,3936566,7,6,945225,942781,959372,28,7002337,8,8,967428,957463,970491,
32,3642106,6,8,932670,936041,947934,35,3685839,9,8,953533,964111,977038,
34,5001389,2,4,960931,966427,943451,35,8127842,4,6,980434,975798,961682,
45,6819686,1,8,937058,954157,932405,46,9761695,5,8,959235,970455,967250,
27,3115001,10,4,929329,957371,954766,45,4225025,10,7,958627,977319,961611,
47,361076,8,0,945498,956057,924050,50,5338431,10,5,980369,964445,959882,
10,2229463,8,7,921229,927546,948932,25,4611019,8,7,948295,947633,965201,
34,6003850,1,2,965625,960394,933434,37,9640580,4,2,977652,968957,975830,
29,7998784,9,4,925504,956791,923822,42,9946118,9,4,966999,974803,974007,
25,7457058,2,1,943283,957319,938499,37,9480453,3,6,970968,961997,964717,
35,144312,0,6,921694,954099,934253,38,4013344,5,8,962787,971541,953793,
48,217046,0,8,923347,927099,926217,48,4596093,6,8,963433,966142,979529,
2,7758113,7,1,939873,928241,935218,46,8141629,10,2,954607,933932,961455,
20,7286016,3,0,930293,937413,929222,37,9340062,4,1,950095,959197,960749,
30,6560355,4,4,954556,946811,950026,38,9576743,5,5,970158,959969,974980,
50,9207901,5,7,932911,925726,958875,50,9355773,7,8,980202,971838,966489,
25,5773287,7,6,920905,943393,957467,37,10177077,10,6,959048,952274,969341,
18,7054317,6,1,920190,921828,955185,35,7288345,9,3,963964,975581,967009,
44,957273,10,8,951350,962267,929615,50,9051131,10,8,968592,976443,969570,
6,3191195,9,4,979880,980514,979584,19,8930862,9,8,981035,980571,981197,
29,7129219,5,5,924566,960495,977498,44,7632887,8,6,979326,972280,981160,
26,6902352,4,1,934091,929187,928291,37,7462129,7,3,970822,933408,949929,
42,9243135,6,7,933360,935168,933716,46,9467633,10,8,968446,966193,941782,
37,7225871,2,5,945997,920580,951441,44,7463994,9,6,951527,954231,976245,
12,590331,8,7,924921,963655,948653,15,2016456,8,8,967204,975744,979242,
47,6981609,9,2,960171,930720,969603,50,9317292,9,6,962063,962247,974520,
35,4673426,2,2,931786,960271,944083,46,7295149,2,3,960142,970966,968666,
31,6187123,1,6,954716,947172,938049,32,9753817,10,8,971248,958398,962628,
14,4676047,9,8,929114,939278,933291,25,6117848,9,8,970654,968940,946962,
32,3862128,1,2,927676,944309,923761,37,5460141,3,2,961531,959402,942452,
39,4907342,9,4,956070,948101,955390,40,9167310,9,5,978474,954356,974420,
45,2593147,8,3,930239,969877,949780,46,7526421,8,6,965658,971647,961842,
7,4318766,4,8,930255,924873,956509,34,5132598,6,8,954407,954124,978815,
47,6569676,6,6,922256,922367,948818,48,6745602,7,6,966053,952730,957417,
44,8591826,9,6,925616,949036,933090,44,10163018,9,8,962719,961038,954474,
30,6553151,2,2,924594,939022,932467,38,9045938,9,2,938304,966311,975534,
34,7207579,5,0,947986,941656,940705,36,9027291,5,7,980392,961840,958485,
50,6772271,9,6,969873,964853,963556,50,7010802,10,8,976080,976968,971655,
50,3947996,9,6,938692,945431,932296,50,9576499,10,8,964726,956041,941747,
44,8224738,3,0,922401,965971,960208,45,9451987,10,1,964107,976339,977712,
20,6691723,5,2,921229,956143,943892,48,8023691,6,2,962174,967231,953948,
46,8823095,10,5,950230,939979,934404,50,9438513,10,5,960181,950638,972910,
34,857299,6,6,926275,958001,967194,40,3295922,10,7,981140,977203,978725,
49,3036588,4,7,955195,955859,962346,49,7690539,9,7,978808,968219,980062,
37,260129,1,8,926071,964650,954783,38,6695642,5,8,964645,973552,965024,
48,4133428,10,0,922904,933913,943991,48,7619895,10,4,972286,941487,964563,
44,2622286,3,8,946419,964220,969681,45,9739130,7,8,967127,980612,979886,
30,7218194,10,0,951177,940217,926469,43,9651507,10,2,957539,952682,963388,
24,2424970,1,0,948277,954569,959503,28,5918729,2,0,953709,965992,979444,
24,2164616,7,5,935551,965400,945418,25,8597003,10,5,965698,973607,964869,
45,5790794,10,0,941602,920979,969523,47,9059206,10,1,963699,979580,970705,
31,5226369,10,0,963534,924261,937860,33,8469813,10,4,977458,961956,971321,
27,7547681,1,7,955036,948146,966772,44,8024063,4,8,967826,966842,976287,
24,1564238,8,2,940059,931758,944008,42,2597833,10,5,971027,943230,966701,
2,6613330,10,7,935631,922764,937123,35,9147825,10,7,950984,959532,949198,
27,7901576,2,5,979187,980022,952519,42,10059537,4,8,980356,980222,980382,
47,9502384,5,0,944728,948025,953880,48,10101282,5,4,966947,974035,965984,
9,1116917,5,8,944432,960218,959862,40,4514042,7,8,954846,978735,980078,
47,9884641,2,8,945677,921855,926015,49,10043312,6,8,962420,979967,980925,
17,6299636,1,7,938590,954397,929638,36,9890461,7,7,974084,967170,956869,
19,7099697,2,0,957908,969005,945455,41,7849593,3,5,964678,973932,965136,
12,2391016,9,0,932073,958156,945710,14,8781969,10,7,972996,978028,956676,
42,5845931,8,7,938233,967461,933226,44,9474145,8,8,966326,975228,976096,
50,10155639,2,0,929488,934569,935009,50,10436489,6,5,965249,940713,954073,
46,8192170,10,2,943190,927193,958166,49,10080929,10,8,956208,951987,976113,
50,6615117,1,5,966012,923455,969837,50,8923087,8,5,979137,969930,973743,
36,9935581,0,1,946950,933329,966488,50,10055741,10,8,975921,963778,976433,
44,2391739,9,1,930526,939129,951218,44,10395572,9,4,960127,969191,959881,
21,2741495,4,8,926440,970829,975961,27,9319219,4,8,972999,978469,980664,
