24
24
24
24
24
24
24
23
23
23
23
23
23
23
23
23
24
23
23
24
23
24
24
23
25
24
23
24
23
24
24
24
24
23
24
24
23
23
23
601
652
622
24
23
23
24
23
24
23
23
23
24
26
23
23
24
24
23
23
24
23
24
23
24
24
23
23
23
586
24
23
24
24
25
24
24
577
24
23
23
23
23
23
23
24
23
24
23
24
24
24
24
24
24
24
23
24
23
23
23
43
25
26
609
24
23
23
24
23
576
23
23
23
23
24
23
23
24
23
24
23
24
23
23
23
23
23
24
24
24
3675
21
2104
21
22
21
22
21
21
25
22
21
21
21
24
38
23
23
22
22
23
39
23
23
24
23
23
1073
22
21
21
21
21
21
21
21
24
21
22
21
22
21
22
22
21
21
22
21
21
21
21
22
22
21
21
22
21
21
21
21
21
21
22
22
22
23
21
21
21
21
21
21
21
22
21
21
21
21
22
22
21
21
22
22
22
22
21
21
21
21
21
21
21
23
21
22
21
21
21
22
21
21
535
21
22
22
21
22
22
22
22
21
21
21
580
22
21
21
21
21
21
21
27
21
21
21
21
22
21
21
21
21
21
22
560
21
21
21
21
21
22
21
22
22
22
21
20
22
21
21
22
21
21
21
21
21
21
21
21
21
21
22
21
21
23
21
22
21
21
21
21
22
577
565
21
21
22
21
21
22
22
22
22
21
22
21
21
22
21
21
21
21
23
22
41
24
22
22
562
21
21
22
22
21
21
21
21
21
21
21
21
21
21
21
21
21
21
21
21
22
21
24
21
21
22
21
21
21
21
22
22
22
21
21
22
22
22
21
21
21
21
21
21
21
22
21
21
21
22
22
22
22
21
22
21
22
21
21
21
21
21
22
21
21
21
21
21
21
22
21
22
22
21
550
21
21
21
21
22
22
21
21
21
22
22
2119
22
22
22
22
22
21
22
22
22
22
21
2784
22
22
587
22
22
22
21
23
22
22
22
23
22
22
22
25
22
22
22
21
23
23
22
23
22
1153
24
617
25
25
24
24
24
24
24
24
24
24
24
23
23
22
22
22
22
22
22
22
23
22
22
22
619
23
21
22
23
22
22
21
22
22
22
22
22
22
22
22
22
26
21
22
23
23
22
22
22
23
22
22
22
22
22
22
23
23
22
23
22
22
22
22
22
22
23
22
22
22
22
22
22
22
23
22
22
22
22
22
21
22
22
22
23
22
22
23
22
22
23
22
21
22
22
21
22
24
22
571
22
22
21
23
22
22
22
22
22
22
21
567
22
22
22
23
22
22
22
22
22
22
39
641
23
25
594
23
22
22
22
22
23
23
21
22
23
22
22
22
22
22
22
22
23
22
22
22
22
572
22
573
23
22
23
23
22
23
22
22
22
22
22
22
23
22
22
22
22
22
22
22
22
22
22
22
604
23
23
24
23
36
24
22
22
23
23
22
22
22
22
22
22
22
23
23
22
22
22
21
22
22
23
22
22
22
22
22
22
22
22
23
22
22
1698
25
24
24
24
25
24
24
2768
22
23
23
23
23
23
22
23
22
23
22
22
23
22
22
23
23
23
23
23
22
584
23
1134
24
24
24
25
24
24
24
24
24
24
39
23
590
23
23
22
23
23
22
23
23
22
23
23
23
23
22
25
22
23
22
23
23
23
22
592
23
585
23
23
23
23
22
23
22
23
23
22
23
23
23
22
23
23
22
24
25
23
23
22
23
22
583
24
23
23
25
24
24
25
24
25
24
23
25
24
25
24
39
22
23
23
23
23
25
22
23
23
23
23
23
23
23
23
22
23
24
23
22
23
593
23
23
23
23
23
23
22
591
23
23
23
22
25
23
23
22
23
23
337
30
29
29
30
31
30
30
29
39
23
590
22
651
22
22
23
23
23
22
23
23
27
23
22
23
588
23
23
22
23
23
22
23
22
23
23
22
23
23
23
22
23
22
22
23
24
23
23
595
23
591
23
24
23
22
23
22
23
22
23
23
22
22
23
22
23
23
1709
25
25
2256
25
25
25
25
25
25
25
25
25
25
25
26
25
25
25
26
25
25
44
25
26
25
25
641
25
25
25
26
1216
26
26
26
25
25
25
25
25
25
25
25
25
25
26
25
25
25
23
23
23
23
23
23
23
603
23
598
42
25
24
25
24
25
25
24
25
24
25
39
591
23
24
23
24
24
25
23
24
23
23
23
23
23
23
23
23
23
24
23
23
23
24
583
23
591
23
23
24
23
24
23
24
23
26
23
24
23
23
23
23
23
598
24
24
652
24
23
23
23
24
23
23
23
23
23
24
23
23
23
24
23
24
24
23
23
24
23
23
605
23
23
23
23
659
23
23
23
23
23
23
23
24
24
24
23
24
23
24
23
23
24
23
24
23
23
23
24
24
573
24
632
25
25
24
25
39
24
23
24
23
23
23
23
583
23
24
24
23
23
1718
27
26
25
26
2255
24
24
23
25
24
24
27
24
24
24
24
24
24
24
24
23
24
24
24
24
23
24
24
25
24
23
24
24
24
23
1123
24
26
615
24
24
24
44
26
25
26
25
26
25
26
26
25
25
26
39
24
24
24
23
24
23
24
592
24
24
26
24
621
24
24
24
24
24
25
24
24
23
24
24
24
23
24
24
24
24
24
24
23
24
24
24
24
586
23
592
24
23
24
23
24
25
24
24
24
23
27
43
620
24
24
24
24
24
616
24
24
23
24
610
24
23
24
25
24
24
24
23
24
24
24
24
23
24
23
24
24
24
24
23
24
24
23
24
24
24
24
24
25
24
605
26
24
640
26
25
25
40
24
24
24
24
24
24
24
24
24
23
24
24
24
24
24
23
24
23
24
579
23
24
26
23
613
24
24
25
24
24
24
24
24
24
23
24
24
24
23
24
24
24
23
24
24
24
24
24
23
1508
3
3
2
3
2
2
2
3
2
3
2
2
2
2
17
3
2
2
2
4
2
2
698
24
573
1675
24
23
24
23
24
22
23
21
21
22
21
22
21
21
21
21
21
21
22
21
21
21
21
21
21
24
38
1109
21
22
22
22
21
22
21
21
22
22
21
21
21
22
21
21
21
21
22
21
21
21
21
22
21
21
21
22
21
22
22
22
21
21
23
21
21
22
22
22
22
22
22
21
22
21
21
21
21
22
21
21
21
21
21
21
550
22
21
22
21
21
23
21
21
22
21
22
21
21
22
22
22
21
21
22
22
21
21
22
21
21
21
21
21
21
21
22
21
21
22
23
21
21
21
21
21
21
21
41
564
21
21
21
21
21
21
22
22
22
22
22
21
21
21
21
21
21
21
23
22
22
21
21
21
21
22
21
21
21
22
22
21
22
21
22
21
22
21
21
20
22
21
22
22
21
21
21
23
21
21
21
21
21
22
22
21
22
21
21
529
565
21
21
21
21
22
21
21
21
21
21
22
22
21
22
24
21
21
21
21
21
21
21
22
21
21
22
21
644
38
24
23
23
24
23
23
24
23
23
23
23
24
22
23
24
23
36
22
21
21
22
21
21
21
21
22
21
22
22
21
21
21
21
22
21
21
21
22
22
22
21
21
23
21
21
21
21
21
21
21
21
21
21
21
21
530
21
21
21
22
21
21
21
22
21
21
21
21
21
21
23
22
21
22
21
21
2309
26
2218
24
24
22
22
22
21
22
21
22
22
22
22
22
23
22
22
21
1210
22
23
22
22
22
22
22
22
22
24
22
22
22
22
22
23
22
22
22
22
23
22
22
22
1050
574
22
22
22
22
22
22
21
22
24
22
23
22
22
22
22
22
23
22
22
22
22
23
21
23
23
22
22
635
22
21
22
22
21
22
22
22
23
23
22
22
22
22
22
22
22
22
23
22
22
22
22
22
22
22
22
22
22
22
22
22
23
22
22
22
22
24
22
22
23
22
23
22
22
22
22
22
23
22
22
22
23
22
22
22
546
22
21
22
22
22
23
22
23
24
22
22
22
22
22
22
22
22
22
21
22
582
21
586
25
40
24
24
24
25
24
25
24
24
24
24
39
36
25
22
23
586
22
21
23
22
22
21
22
22
22
22
22
22
22
22
22
22
22
21
22
23
23
22
22
21
550
574
21
22
22
23
21
22
22
23
22
22
22
22
23
22
22
22
23
22
22
22
22
22
22
22
22
23
22
551
22
57
25
25
24
24
24
25
24
24
24
24
39
37
22
22
23
21
22
23
22
22
1743
22
2227
22
23
23
23
23
23
23
23
23
23
23
24
22
23
22
27
23
22
22
22
22
1118
24
23
23
22
23
23
23
23
23
23
22
23
22
1094
23
24
23
23
23
24
23
23
23
23
23
23
23
24
44
26
25
636
23
22
23
22
23
23
22
23
23
23
23
27
25
22
23
23
22
23
23
23
23
23
23
23
576
587
23
23
23
23
22
23
22
23
23
23
24
23
22
23
25
24
22
23
23
23
23
22
23
23
23
23
22
574
22
23
23
23
22
23
22
23
23
22
42
25
23
24
27
24
25
24
24
24
24
24
613
22
599
23
24
23
23
22
23
22
23
23
23
22
23
23
22
23
23
23
23
24
23
22
585
23
24
22
23
23
23
23
22
23
23
23
24
23
579
22
23
22
23
22
22
23
22
23
23
24
23
23
22
22
23
23
614
24
22
23
23
23
22
23
24
23
23
23
23
23
23
23
23
23
23
23
23
23
22
23
23
582
589
22
23
2229
23
23
23
24
24
1090
23
23
23
23
23
24
23
23
23
23
24
24
22
23
24
23
23
23
23
23
24
1127
23
24
1197
24
23
24
23
23
23
23
23
23
23
23
23
24
24
24
24
23
23
23
24
23
597
23
24
24
24
24
23
24
24
24
23
23
24
24
599
23
24
24
24
23
24
23
23
23
23
23
23
23
24
24
24
24
600
23
24
26
57
25
26
26
26
25
26
25
26
25
25
54
23
23
23
23
23
24
23
23
23
591
595
23
23
615
23
25
23
24
23
588
23
22
24
23
23
24
23
24
23
23
23
23
23
23
24
24
24
24
24
23
24
735
24
23
605
23
23
23
23
23
24
23
23
23
24
23
24
23
23
23
23
23
23
24
23
23
599
24
24
24
24
23
26
23
24
23
23
23
24
23
597
23
23
24
23
24
24
24
23
23
23
23
24
24
23
23
24
23
1183
23
24
23
24
24
2254
24
24
24
23
24
23
24
24
23
24
24
26
24
24
24
24
23
24
24
1197
26
26
672
1209
26
26
26
27
26
27
26
26
25
27
27
24
23
24
24
24
24
24
23
25
23
24
24
23
23
24
633
25
25
642
24
23
24
24
23
24
25
23
26
24
25
23
24
24
24
24
25
24
24
24
24
603
24
24
23
24
25
24
24
24
24
23
24
24
23
617
24
26
23
24
23
24
24
24
25
23
24
24
24
23
24
24
24
611
43
25
25
25
26
653
25
24
41
26
25
28
26
25
26
25
26
26
25
26
26
25
26
39
24
610
24
24
623
623
23
24
24
24
24
23
25
25
336
35
31
31
32
31
35
32
46
26
26
26
27
26
26
55
24
24
609
23
24
615
24
24
25
24
23
25
25
24
25
24
23
25
23
25
24
24
24
24
24
24
24
1150
26
27
1598
2
2
2
3
2
2
2
2
2
2
2
2
2
2
2
2
2
2
2
2
2
2
691
24
21
21
21
22
21
21
21
22
21
23
21
21
22
21
21
21
21
21
21
21
1140
24
23
22
23
25
22
21
21
21
21
21
21
21
21
21
21
21
21
21
21
21
21
21
22
655
21
21
22
21
21
21
21
21
24
22
21
21
21
21
21
21
21
21
22
21
22
21
21
22
22
21
21
21
22
21
22
21
21
22
21
21
23
21
22
21
21
21
21
21
21
21
21
21
21
21
21
21
21
22
21
21
22
22
21
21
21
21
22
21
23
21
21
21
21
22
21
22
21
21
21
21
21
22
21
21
21
21
21
21
20
21
21
21
21
21
21
21
21
23
21
21
21
21
21
21
21
22
21
20
21
21
21
21
22
21
21
21
21
21
22
21
21
21
22
21
20
28
21
21
21
21
22
22
22
21
21
21
21
21
21
21
21
22
21
21
21
21
21
21
56
23
24
24
24
24
26
24
24
24
24
54
24
22
23
22
23
23
23
22
22
23
23
37
21
21
21
21
21
21
21
21
21
21
23
21
21
22
22
21
21
21
22
21
21
567
21
22
21
21
21
21
21
21
21
21
21
21
569
22
21
21
21
22
21
21
21
20
21
21
21
21
21
21
22
21
21
21
21
21
22
21
22
572
21
21
22
21
21
21
21
23
22
21
21
39
23
24
23
23
23
23
24
23
23
24
37
37
21
22
21
22
21
21
21
21
21
21
21
22
25
21
21
20
21
21
21
21
21
20
22
22
21
22
21
21
21
21
21
21
21
22
21
21
22
21
21
21
23
21
21
22
21
21
21
21
22
21
21
21
21
21
21
21
21
21
21
21
21
22
22
21
21
21
22
21
23
22
21
5415
25
24
24
24
25
24
25
24
25
632
23
37
23
595
22
22
21
23
22
22
22
22
23
22
22
23
22
22
23
22
22
22
22
22
22
23
577
25
23
22
22
22
22
22
21
22
22
21
22
576
21
22
22
22
22
22
22
22
22
22
22
22
21
22
22
23
22
22
22
21
22
22
21
23
610
23
23
23
24
24
23
38
22
22
21
22
22
22
22
22
22
21
22
22
24
21
22
21
22
22
22
21
23
21
22
22
22
22
22
23
23
22
23
22
22
22
22
23
21
23
22
22
25
22
22
21
22
22
22
22
21
22
22
21
22
22
21
22
22
22
22
21
22
22
22
21
21
22
22
21
24
23
22
22
22
23
23
22
22
22
22
22
21
22
22
22
22
22
22
22
580
23
22
22
22
22
21
22
22
23
591
21
22
22
699
24
24
24
38
23
23
37
22
22
22
22
21
22
22
22
21
22
22
22
22
22
21
582
22
22
22
22
21
22
22
21
22
21
23
22
579
22
22
22
23
22
22
22
23
22
22
22
22
22
21
23
24
22
22
22
23
22
22
22
22
564
22
22
21
23
23
22
21
22
42
23
24
23
23
23
24
24
23
23
26
24
37
4903
27
23
23
22
23
22
23
24
23
23
22
23
23
24
22
23
23
22
23
23
22
23
23
23
22
23
23
22
25
22
24
24
24
22
23
23
23
23
24
23
23
23
23
23
23
23
23
23
22
23
23
23
23
22
583
23
22
26
24
23
23
23
22
23
603
41
25
25
650
23
24
23
23
22
23
22
23
23
24
24
24
23
23
23
23
24
23
23
23
22
23
577
23
23
22
23
23
23
23
23
23
23
22
23
589
23
23
23
22
23
23
24
23
23
26
23
22
23
23
23
23
22
23
23
23
23
23
23
23
558
23
26
39
25
24
25
24
24
24
25
25
24
27
38
23
22
23
23
22
23
24
610
22
23
22
23
22
23
23
23
23
23
22
23
23
23
23
23
23
23
25
23
22
23
22
23
22
23
23
23
23
23
23
23
22
23
23
23
23
23
22
23
23
23
23
23
23
23
23
24
23
23
22
24
23
24
563
23
22
23
23
23
23
22
22
24
561
23
23
23
630
22
23
23
23
23
22
25
22
23
24
23
23
22
23
23
23
23
22
23
22
23
22
595
24
38
22
23
23
22
23
23
24
23
24
22
3203
1754
26
26
25
26
577
24
23
24
24
24
24
24
23
23
24
23
23
23
43
25
25
25
25
25
25
25
634
23
24
24
24
24
24
26
23
23
24
24
24
23
23
23
24
24
24
23
24
23
23
24
24
24
23
24
24
24
23
23
24
23
24
25
24
23
23
24
24
24
23
24
23
23
23
24
24
23
24
24
24
23
24
579
23
23
23
24
24
24
23
24
25
576
24
23
23
613
25
39
24
23
24
24
23
24
24
23
24
24
23
23
23
23
24
24
23
24
24
23
575
23
24
23
24
24
24
23
24
24
24
24
23
571
612
24
24
24
23
620
23
23
24
23
23
23
24
23
24
29
24
24
43
26
25
25
25
25
25
25
25
635
24
24
23
23
24
23
24
23
24
23
24
23
24
23
24
28
24
24
23
24
24
23
23
24
24
24
23
23
24
24
23
24
23
23
24
23
23
24
24
24
23
23
24
23
27
23
24
24
23
24
24
24
23
24
576
23
23
23
23
24
24
24
24
23
576
24
23
24
3155
1214
26
26
607
25
24
24
23
25
24
24
24
24
26
24
24
582
584
24
25
23
24
583
24
24
25
24
24
24
24
24
23
24
24
25
24
25
24
24
24
24
27
23
25
608
25
26
26
26
26
25
26
25
39
25
24
24
24
24
25
24
25
24
24
24
24
25
24
24
24
26
24
24
23
25
24
24
24
25
24
24
24
25
24
24
24
24
23
24
24
24
24
24
24
24
24
24
24
26
586
24
24
24
24
24
24
24
24
25
586
24
24
23
584
663
25
39
588
24
24
24
25
24
24
25
24
24
27
24
24
634
583
24
25
25
24
583
24
24
25
24
24
25
24
25
24
25
23
24
24
24
24
24
24
24
27
24
25
640
24
24
23
24
24
25
24
24
24
24
24
24
24
24
24
24
24
24
24
24
24
24
24
24
27
24
23
25
23
24
24
24
24
24
25
24
23
24
24
24
24
1325
694
24
24
1722
21
22
22
21
21
21
22
21
22
22
21
22
21
569
21
22
22
21
21
21
22
21
21
21
21
22
21
22
532
22
22
21
22
22
22
22
22
22
22
21
21
22
21
21
22
534
21
22
21
21
40
23
23
23
23
23
25
23
22
23
23
23
547
21
21
21
22
22
22
22
21
22
22
21
21
22
22
21
21
21
21
21
22
21
22
21
21
22
21
22
21
22
21
22
21
21
21
22
21
22
22
22
21
21
21
21
21
21
21
21
21
21
22
25
22
22
22
21
22
22
22
22
22
21
21
21
21
22
21
21
22
21
22
21
21
21
21
22
21
22
22
23
21
21
21
21
21
22
21
22
22
22
22
22
21
22
21
21
21
21
22
21
21
22
22
21
22
21
22
21
23
21
21
21
22
21
22
21
21
21
22
21
21
1172
24
24
23
24
24
23
24
23
24
23
23
24
23
23
22
22
21
22
22
584
22
22
21
22
21
21
21
22
21
21
22
22
22
22
533
21
21
22
22
22
22
23
22
21
21
22
21
21
22
22
22
534
21
22
22
22
22
22
22
21
22
21
21
21
22
22
41
23
567
22
23
21
22
22
22
21
21
21
21
22
21
22
22
22
21
22
22
21
21
3313
22
22
23
22
21
22
22
22
1681
25
24
24
24
25
25
24
24
24
25
24
24
24
24
25
23
24
23
24
25
24
24
24
24
23
25
24
24
25
24
23
25
24
24
24
24
24
24
24
24
24
24
24
24
24
25
24
25
24
24
24
25
641
37
23
22
23
22
22
22
22
22
23
23
22
21
22
22
22
23
22
22
569
23
23
22
22
22
23
22
21
22
23
22
22
22
23
547
23
22
22
23
22
22
22
22
23
22
23
23
21
23
22
22
551
23
22
23
22
22
21
23
21
23
22
22
22
23
22
22
22
574
25
23
23
24
23
24
23
37
22
22
22
22
22
22
21
22
23
22
22
22
551
23
23
23
23
22
22
23
22
1152
24
25
24
24
25
24
25
24
25
24
25
24
23
24
24
24
25
24
24
25
24
24
25
23
22
22
22
23
23
22
22
23
23
23
23
22
22
22
22
22
23
23
22
23
22
22
22
23
22
22
23
22
649
22
22
23
22
26
22
22
23
22
22
22
22
23
22
22
22
22
22
22
547
22
23
23
22
22
22
22
22
23
22
22
22
22
27
545
22
22
22
22
22
22
23
22
23
22
23
22
22
22
22
23
3569
23
23
23
23
22
23
22
22
23
23
23
22
23
1674
23
22
25
23
23
24
23
24
23
22
23
22
23
23
23
23
23
22
23
23
23
22
24
565
22
23
22
24
24
22
25
23
582
23
23
22
23
23
23
23
23
23
23
23
23
23
24
22
23
23
22
23
23
23
23
23
23
23
23
25
22
24
22
23
23
23
23
23
23
22
23
23
23
23
23
23
23
22
23
23
23
23
23
23
24
656
26
28
26
40
26
25
26
25
25
26
25
25
26
25
25
39
24
25
38
561
23
23
23
23
23
23
23
23
23
25
23
23
24
22
562
24
23
23
23
23
22
23
22
23
22
23
23
23
24
22
24
564
23
23
23
23
23
22
25
24
23
23
23
23
1170
23
23
24
23
23
23
23
23
23
24
23
23
23
23
23
23
23
23
25
23
22
23
23
23
563
23
22
23
23
23
23
22
23
563
23
23
23
23
23
22
24
23
24
23
23
23
23
25
23
23
23
23
23
24
23
23
23
23
23
23
23
23
24
23
23
23
23
23
24
23
23
23
23
23
23
24
23
23
23
22
22
24
22
23
23
22
612
23
23
23
23
23
23
23
24
23
23
22
23
23
23
24
23
23
27
23
3189
25
24
24
39
23
24
24
23
23
1715
25
25
26
26
26
25
26
25
26
25
26
25
25
25
25
26
25
26
26
25
26
624
26
24
24
24
24
24
23
24
24
24
23
24
677
23
23
25
24
24
23
24
24
24
23
23
24
24
24
24
25
24
24
23
24
24
23
24
24
580
24
23
23
24
23
24
24
24
578
23
24
24
24
24
24
24
23
23
24
26
24
24
24
24
23
24
24
24
24
23
23
24
24
23
24
24
23
24
24
24
23
23
24
24
23
24
24
26
23
23
24
24
23
24
24
23
24
24
24
24
23
627
23
24
24
24
23
23
24
24
24
23
24
24
24
27
24
24
25
24
23
582
23
24
24
24
24
24
23
23
1200
26
26
26
26
26
26
25
25
25
26
26
24
23
25
25
23
24
24
24
24
23
24
601
25
25
26
26
41
25
27
27
26
40
25
26
622
24
25
27
25
25
25
24
23
24
24
24
24
23
24
24
24
23
24
24
23
24
24
24
24
608
25
26
25
39
24
24
25
24
579
24
24
24
25
23
24
23
24
24
24
24
25
24
24
24
24
25
24
2813
25
24
25
24
24
25
24
24
24
2583
21
22
22
22
21
21
21
21
21
23
21
21
22
21
21
21
21
21
21
22
22
22
21
22
22
21
22
21
21
21
21
21
21
21
21
21
21
22
25
22
21
21
21
22
21
21
21
21
21
21
21
21
21
21
22
21
21
21
21
22
21
21
21
21
578
22
23
21
21
22
21
22
21
21
21
22
21
22
21
21
22
22
21
22
22
21
21
21
22
22
22
21
22
22
22
22
21
40
24
23
22
22
24
23
23
22
23
22
23
37
21
21
21
21
22
21
21
22
21
21
21
22
21
23
21
21
22
21
21
21
21
21
21
21
22
21
21
21
21
21
21
21
22
21
21
22
22
21
21
21
21
23
21
21
22
21
21
21
22
21
21
22
21
21
21
22
21
22
21
21
21
21
22
21
21
21
21
22
22
21
25
22
22
21
21
21
21
21
21
21
22
21
21
21
21
21
534
21
21
21
22
22
22
22
21
21
21
21
23
21
21
22
21
22
22
22
21
21
22
21
21
21
21
21
21
21
21
21
1148
24
24
24
24
23
23
29
23
22
21
21
22
22
21
22
22
21
21
22
22
21
21
21
22
22
22
22
22
21
21
22
22
22
21
21
23
21
22
22
21
21
22
22
21
21
21
22
21
22
22
21
21
21
21
21
22
22
21
21
22
21
21
22
541
21
21
21
22
21
21
22
22
21
22
22
22
21
21
21
21
22
21
22
22
22
22
22
21
21
22
22
22
23
22
21
22
22
21
22
21
22
21
21
22
21
22
21
22
22
22
22
22
21
22
22
41
23
23
22
23
24
23
23
23
23
23
22
37
21
21
22
22
21
22
21
22
22
21
22
21
21
22
21
21
21
4374
25
25
25
24
24
24
24
25
24
24
24
25
24
2216
24
25
25
24
25
24
25
24
25
24
25
44
24
24
24
23
24
24
24
24
24
23
27
24
38
22
23
23
22
22
22
23
23
22
23
22
22
22
22
22
22
22
23
23
22
22
22
22
553
22
22
24
22
23
22
23
22
22
22
22
22
22
22
22
22
22
22
22
22
22
22
23
23
23
22
22
23
22
22
24
22
22
22
22
22
22
22
23
22
22
22
22
22
22
22
22
22
23
22
22
22
23
22
22
22
22
23
23
22
23
23
23
553
23
22
23
23
23
23
23
22
23
22
22
23
23
22
22
23
23
42
24
24
24
24
23
26
24
23
24
24
24
38
23
22
22
23
23
23
23
22
22
23
22
23
22
23
23
23
23
23
22
23
23
23
23
22
23
22
23
22
23
23
22
23
23
22
22
22
23
22
22
23
22
23
23
22
23
22
23
23
22
23
24
583
24
24
23
24
24
23
23
22
22
1114
22
23
23
23
22
22
23
23
23
22
22
22
22
25
22
23
22
23
41
23
24
24
24
24
23
25
23
24
24
24
38
22
23
23
23
22
23
22
22
22
23
23
24
23
23
22
23
23
22
22
23
22
555
22
23
22
23
22
23
22
23
23
23
22
22
23
23
22
22
22
25
23
24
23
22
22
22
22
22
23
22
23
40
24
24
24
24
24
24
23
25
24
25
23
39
22
23
23
23
23
23
23
23
23
23
23
23
23
22
22
23
22
22
23
22
23
553
22
23
23
23
22
22
22
23
23
23
24
23
22
3881
23
23
24
24
24
23
26
23
43
1715
26
26
25
25
25
25
25
25
25
26
25
26
25
26
25
25
26
25
27
570
23
23
23
24
24
24
24
23
23
570
23
23
24
23
24
23
24
23
23
23
24
23
23
43
25
26
27
26
26
26
25
26
25
25
54
23
24
23
23
23
23
24
24
23
23
24
24
24
24
23
24
23
23
23
23
26
24
23
23
23
24
23
568
23
24
23
23
23
23
23
23
23
23
23
23
24
23
23
24
23
23
23
23
25
23
23
24
24
23
23
24
23
24
23
24
22
23
23
23
23
23
23
23
23
24
23
24
23
23
23
23
23
26
23
24
24
23
23
24
24
24
23
23
23
23
23
591
25
26
26
26
25
25
44
27
27
31
44
27
27
695
26
25
41
25
25
25
1188
58
27
26
27
27
27
41
25
26
54
23
23
24
24
24
24
23
25
23
24
24
24
572
23
23
23
23
24
23
24
24
23
661
24
23
23
24
23
24
24
24
24
24
24
24
23
25
24
23
24
24
23
24
24
24
23
24
24
24
23
23
23
23
24
23
23
23
23
23
23
24
24
23
24
27
24
23
24
23
24
23
24
24
24
24
574
23
24
24
24
23
23
24
24
24
24
24
23
24
23
24
24
24
24
24
24
23
23
24
3208
25
24
24
24
24
24
27
23
23
1707
26
26
26
27
26
27
26
27
54
24
24
24
24
25
24
24
24
24
26
24
24
25
24
25
588
24
24
25
24
24
25
583
23
24
24
24
23
24
24
24
23
25
24
24
24
24
25
25
24
24
24
24
24
23
585
24
24
25
24
24
24
24
24
24
607
26
25
26
26
25
26
26
26
39
24
32
25
24
23
24
24
24
24
24
24
24
24
25
24
25
24
24
25
24
24
24
24
25
25
25
24
24
24
26
24
24
24
24
24
25
24
24
24
23
25
24
24
584
24
24
24
25
24
24
24
24
24
24
24
24
23
25
26
25
24
24
24
23
24
24
24
592
25
23
25
24
24
24
24
1152
24
24
24
24
25
24
25
27
24
24
24
24
24
25
24
25
25
24
24
24
24
25
25
24
24
24
590
25
24
25
25
24
24
590
24
26
24
24
25
25
24
24
24
24
24
24
24
24
24
25
24
24
25
25
25
24
587
24
24
24
25
24
24
25
44
25
617
24
25
24
25
24
24
24
25
24
24
23
24
24
24
24
24
24
24
24
24
24
1794
3
2
2
3
2
2
2
2
3
3
3
2
2
2
2
676
27
22
22
22
22
22
660
26
23
23
24
38
22
23
23
38
22
22
21
1043
22
21
23
21
21
22
22
21
22
21
22
22
21
21
24
21
21
22
22
22
22
21
554
22
21
22
22
22
22
22
22
22
22
22
21
22
22
21
22
22
21
21
22
24
21
21
22
22
22
22
22
21
22
22
21
21
22
21
21
22
21
21
22
21
41
610
24
23
23
24
24
26
24
38
24
24
24
24
37
37
21
21
22
21
21
21
21
21
22
22
21
22
21
21
22
21
21
22
21
22
22
22
22
21
22
21
22
22
21
22
22
21
21
22
22
21
21
21
21
21
22
21
22
21
21
22
21
21
23
21
21
22
22
21
21
21
21
22
21
21
22
22
21
22
22
22
22
21
22
22
22
21
21
21
22
22
540
24
22
1086
22
22
21
22
22
22
22
21
21
21
22
21
22
21
22
22
21
22
22
22
22
21
21
21
24
21
22
21
22
537
21
21
22
21
22
22
21
21
21
22
22
22
21
22
22
22
21
22
21
22
22
21
539
22
22
21
22
22
22
22
22
22
21
21
22
23
22
22
22
21
22
22
22
22
22
22
21
21
22
21
22
24
21
21
21
22
23
22
22
21
22
22
21
21
21
609
22
22
21
21
21
22
21
21
22
22
22
22
22
23
21
22
21
22
4185
22
22
23
22
23
22
23
22
22
569
22
22
25
22
22
22
23
22
22
22
23
23
22
23
22
22
22
22
23
22
22
22
22
1050
22
23
572
26
24
24
24
23
24
23
23
24
24
38
22
22
22
22
22
23
22
22
23
23
22
22
22
23
22
23
23
25
553
22
23
22
22
23
22
22
22
22
22
23
22
22
22
22
23
23
22
22
22
22
22
546
22
22
22
22
25
23
22
22
22
22
22
22
22
22
22
23
22
23
22
22
23
23
22
22
22
22
22
22
22
22
22
22
24
23
23
22
22
22
23
23
23
23
546
57
24
25
25
25
25
24
24
24
25
25
38
38
23
22
22
22
23
554
23
22
22
22
22
23
22
23
22
1064
23
22
22
23
22
22
23
22
22
22
23
22
23
22
24
22
23
22
23
22
23
23
23
552
22
22
570
24
23
24
24
23
24
24
23
24
38
22
23
22
23
23
24
22
23
23
23
22
23
22
23
23
23
23
23
23
552
23
22
22
22
22
23
23
22
22
22
22
22
22
22
25
23
23
22
22
22
23
22
549
22
22
23
22
22
23
3181
23
23
23
23
23
23
22
23
23
23
23
23
23
23
22
23
558
23
24
23
23
23
23
23
23
25
23
23
23
23
23
24
23
1165
38
22
23
23
23
23
23
23
23
23
23
572
23
22
24
23
23
24
23
23
23
23
22
23
23
23
23
24
23
22
23
23
23
23
23
571
23
23
576
23
24
23
23
23
23
25
23
23
23
23
23
23
23
22
23
23
24
23
23
23
23
23
23
23
23
22
24
23
618
25
38
23
23
25
23
23
23
24
23
22
23
23
24
22
23
23
23
23
23
23
23
581
23
24
24
23
23
23
584
24
23
23
29
23
23
23
22
23
23
22
23
23
23
23
1175
25
26
25
25
25
25
25
25
26
42
24
24
27
24
24
25
25
615
24
23
23
23
23
22
24
24
23
23
24
593
23
23
24
22
23
23
23
22
23
23
23
25
23
24
23
23
23
23
22
24
22
23
23
595
24
23
598
24
23
23
23
23
23
23
23
23
23
23
24
25
23
23
23
23
23
42
25
25
26
25
3320
27
26
23
24
24
23
23
23
24
24
24
24
24
24
24
23
23
24
24
23
42
42
26
25
26
25
25
26
626
26
24
23
23
23
1197
26
26
25
25
26
25
26
25
26
25
26
26
26
26
25
25
654
26
26
25
26
24
23
24
23
24
23
24
24
24
23
24
23
23
700
24
24
24
23
24
23
23
23
24
23
24
608
24
27
24
23
23
24
23
24
23
23
23
24
23
23
23
24
24
23
24
23
24
23
24
604
24
24
610
23
24
23
25
23
24
24
23
23
24
24
24
23
24
24
23
23
24
23
24
23
24
23
659
24
24
23
24
23
24
23
26
24
23
24
24
23
23
24
1136
23
24
24
24
24
24
24
23
24
24
24
23
23
24
23
23
26
24
603
23
24
24
24
23
24
23
24
24
23
24
23
24
24
24
23
613
26
26
25
26
26
27
26
27
26
57
24
23
24
24
24
24
24
654
24
23
24
23
23
24
23
23
24
24
23
589
23
23
24
24
24
24
23
26
23
24
24
23
24
24
3302
27
26
26
26
26
27
24
25
23
24
25
614
25
24
25
24
24
24
24
25
23
24
24
24
24
25
24
25
25
24
24
24
24
24
1213
24
25
24
25
24
25
24
24
24
24
24
24
25
24
25
25
604
24
24
24
25
24
24
25
27
24
24
25
24
24
24
25
25
24
24
621
24
24
24
24
24
25
24
25
24
25
24
25
24
24
25
24
596
24
24
24
25
25
24
25
24
24
24
24
25
24
24
24
44
26
654
25
24
24
24
24
24
25
24
23
25
26
589
25
24
25
24
24
25
24
25
24
24
25
25
24
24
628
24
24
24
25
24
24
24
24
25
24
24
1118
45
26
26
26
26
25
26
25
25
26
25
40
24
24
24
24
24
24
25
24
24
25
600
25
25
27
25
25
25
24
25
25
24
24
25
25
25
25
24
592
24
25
25
25
24
24
24
24
24
25
24
25
24
26
25
24
24
25
592
25
25
24
24
24
24
25
24
24
24
24
24
25
24
24
24
649
25
24
24
24
25
25
30
25
25
24
25
24
3059
25
22
21
22
21
21
22
21
22
40
22
23
23
23
23
23
23
22
23
23
23
22
23
37
541
21
22
21
21
21
21
22
21
21
22
21
21
21
22
551
22
21
22
22
21
22
22
21
21
21
21
22
21
23
22
21
21
22
22
21
21
22
22
21
21
22
22
21
22
22
21
22
22
21
21
21
22
21
21
22
22
22
22
21
21
21
22
22
21
22
22
21
21
21
22
22
21
22
21
536
22
22
21
1676
25
24
24
24
22
22
22
23
23
22
22
21
22
22
22
22
22
21
22
21
22
22
22
22
21
22
22
22
22
22
22
22
23
22
22
22
22
22
22
21
22
22
22
21
22
22
22
22
22
22
21
23
22
22
22
22
542
21
22
21
23
22
22
22
22
22
22
21
22
21
22
22
22
21
22
22
22
22
21
22
21
22
21
40
24
23
23
24
23
24
24
24
24
23
24
23
22
21
22
21
22
22
22
22
22
22
22
22
1069
22
22
22
22
22
23
22
22
22
22
22
22
21
22
23
22
584
22
22
22
21
22
22
22
22
22
22
22
22
22
22
21
23
24
21
23
23
21
22
21
22
21
23
21
22
22
22
21
22
22
22
21
22
22
21
21
22
22
22
22
21
21
24
22
22
22
22
22
22
22
22
21
42
40
41
25
631
23
24
36
1632
1707
27
27
26
1126
22
22
23
22
22
23
22
23
23
23
23
23
23
555
23
23
23
25
23
23
23
22
23
23
22
22
23
23
22
22
23
22
23
23
23
23
23
23
23
22
23
22
23
23
22
23
24
23
22
22
23
22
22
22
22
23
23
22
23
22
22
22
22
22
22
575
24
24
24
24
23
41
25
24
26
24
23
24
24
24
24
24
603
23
22
23
23
23
22
22
22
23
22
22
22
22
22
22
1078
40
24
24
24
25
24
25
23
24
24
24
23
37
22
22
22
22
22
22
22
22
23
22
23
552
23
23
23
606
562
22
23
22
557
23
23
22
23
23
22
22
23
23
23
24
1147
26
24
25
25
25
25
25
25
24
22
23
23
22
22
23
23
22
22
22
23
23
22
23
24
23
23
23
23
23
23
23
22
23
23
23
43
24
26
25
25
23
25
24
24
25
24
25
37
22
23
22
23
23
559
23
23
23
23
22
22
22
23
22
22
23
25
23
22
23
23
561
22
23
22
23
23
23
23
22
23
23
23
22
23
22
23
2171
23
23
22
23
23
23
23
23
1654
26
25
25
25
24
26
25
25
25
25
25
23
23
24
23
22
23
23
23
566
588
25
24
24
589
23
24
23
23
23
23
23
23
23
24
23
566
23
23
25
23
23
23
24
24
22
23
24
23
23
23
24
23
23
23
23
23
23
23
23
22
23
23
23
23
23
22
25
23
23
23
22
23
23
23
23
23
23
23
23
23
23
23
23
23
22
23
23
1109
23
55
24
25
27
25
24
25
25
24
25
31
38
24
23
23
23
23
571
24
24
23
23
23
23
23
23
24
23
23
23
23
25
23
567
23
24
23
22
24
23
23
23
608
23
23
23
23
23
23
23
23
23
23
23
23
22
23
23
23
23
27
22
1136
571
23
23
23
565
24
23
23
23
24
23
24
23
23
23
24
568
23
23
24
23
24
25
24
24
24
23
23
24
23
23
24
23
24
23
23
23
24
23
23
23
23
23
23
23
24
23
23
23
23
25
23
24
24
22
24
24
24
24
23
23
23
24
23
24
23
23
2189
23
28
24
24
23
24
24
23
23
24
23
24
24
25
24
23
24
24
2099
24
23
24
24
25
24
23
23
24
24
24
24
23
24
25
24
580
24
24
24
23
24
24
23
24
579
24
24
24
24
24
24
24
23
24
23
24
24
23
24
23
24
24
24
23
578
578
43
25
26
609
24
24
24
23
24
23
24
24
25
1176
25
26
25
26
26
26
26
26
26
27
25
25
26
26
26
26
26
26
25
26
26
26
26
26
26
26
25
26
26
26
26
26
26
26
25
26
26
26
26
26
26
26
26
25
25
26
26
26
26
26
26
25
641
25
25
25
25
40
24
23
24
24
23
24
24
24
23
25
24
24
24
591
24
24
24
23
24
23
24
24
25
1140
26
25
26
26
26
26
27
26
26
26
26
26
27
26
26
624
25
27
25
27
26
26
26
26
26
29
58
27
26
27
27
27
26
26
26
617
583
25
24
23
587
24
24
24
24
23
24
24
2272
24
24
24
25
24
24
23
24
25
24
24
24
25
24
24
24
24
24
1130
25
24
24
25
24
24
24
24
24
25
25
25
24
24
25
24
592
24
25
24
24
24
24
24
24
24
24
24
24
24
24
24
24
24
24
642
24
24
25
24
25
24
25
25
24
656
27
27
27
40
40
24
25
25
25
25
24
24
25
24
24
593
25
25
25
25
24
25
24
24
25
24
25
24
25
24
25
25
25
25
1138
25
683
25
24
24
595
25
24
25
25
25
25
25
596
24
24
24
25
25
24
24
24
25
24
25
25
24
25
25
24
24
24
598
25
25
24
25
24
24
24
25
25
24
25
25
25
24
24
2111
23
23
24
24
23
23
24
24
23
23
24
24
23
23
23
23
23
24
24
23
23
23
24
23
24
23
24
23
22
579
24
24
23
24
24
24
23
23
24
1201
22
21
22
22
1068
21
22
21
22
21
22
22
22
21
22
21
22
22
22
22
21
21
22
22
22
22
22
21
22
22
21
22
21
22
1090
24
1243
22
22
22
22
22
21
22
22
22
21
22
22
21
22
22
22
22
22
21
22
23
23
22
22
22
21
22
22
22
22
22
21
22
22
22
573
23
24
24
23
37
22
22
23
21
22
22
22
22
24
23
23
22
22
22
21
22
22
21
23
22
22
22
22
22
23
21
22
23
22
22
22
21
22
22
23
22
22
23
22
549
22
21
22
22
21
23
22
21
22
22
22
22
22
22
58
25
24
25
25
25
24
25
25
577
22
24
22
22
22
22
22
22
22
540
22
22
22
22
585
22
23
23
22
22
22
22
22
21
23
23
22
22
21
22
23
22
22
21
22
22
22
22
22
22
22
21
22
22
545
23
607
24
24
1657
23
21
26
22
23
22
22
1086
23
22
23
22
22
22
22
22
22
23
23
22
23
22
23
22
22
23
22
24
23
22
23
23
22
22
23
22
22
23
22
23
22
22
22
41
24
24
24
23
23
23
24
24
24
23
23
24
39
1081
22
22
23
22
22
1086
22
23
22
22
22
23
23
23
23
22
22
22
23
23
25
22
22
22
22
23
22
23
22
22
22
22
22
22
1113
22
22
22
23
1060
23
22
25
23
22
22
23
23
23
22
23
23
22
22
23
23
23
23
22
23
23
23
23
23
23
23
23
22
23
561
23
560
22
23
590
24
24
24
24
24
24
24
576
23
23
23
23
22
23
23
23
22
23
22
23
24
23
22
23
27
23
23
23
22
22
23
23
22
22
23
23
22
23
23
22
22
23
22
23
23
23
22
23
22
23
23
23
23
24
23
23
23
556
23
23
23
22
22
554
23
23
23
23
23
22
23
23
23
22
23
22
22
23
23
22
22
31
23
22
22
23
22
23
22
23
42
25
584
23
22
40
40
650
24
23
24
39
23
22
1213
41
28
26
1181
26
648
37
23
594
24
37
1175
23
23
23
23
23
24
23
23
24
23
23
22
25
24
24
23
23
24
23
23
23
23
22
586
23
23
23
23
23
42
24
24
24
24
24
1131
25
25
23
1080
23
23
22
24
23
23
24
23
23
23
24
23
24
23
23
23
23
23
24
24
40
25
26
24
24
25
24
24
24
25
582
24
23
23
23
615
23
23
23
23
24
23
568
23
24
22
564
23
569
23
23
566
23
23
571
24
23
23
23
22
24
23
23
23
23
43
25
25
24
24
25
25
25
25
24
25
39
23
576
27
24
24
23
23
22
23
23
23
23
23
564
24
23
23
575
23
23
23
24
23
23
587
24
22
23
1165
23
24
23
23
23
569
23
23
23
23
23
24
1106
26
26
25
614
25
614
25
26
706
23
23
1078
23
24
24
23
1101
24
23
23
23
23
24
23
23
24
24
24
23
23
23
23
23
26
24
24
23
23
23
24
23
23
23
23
24
23
24
604
25
25
24
590
24
24
23
23
23
24
575
24
24
26
580
24
23
24
24
24
572
24
24
23
23
23
23
573
24
24
24
623
23
574
24
24
575
23
23
573
24
24
25
24
579
23
24
24
24
23
24
23
24
24
23
23
24
23
24
23
24
24
24
23
23
23
23
24
23
24
25
23
24
1145
23
24
24
23
24
574
24
24
23
24
24
23
1128
24
24
23
574
23
24
26
24
23
604
25
25
25
25
26
39
1105
27
26
26
622
25
1161
26
26
643
26
25
642
26
24
23
24
589
24
24
24
24
25
23
24
24
24
25
24
24
24
24
25
23
24
24
23
24
24
24
26
24
24
24
25
24
595
24
24
24
24
24
584
24
24
24
24
24
24
614
26
39
25
579
23
24
23
24
24
584
24
24
24
25
24
25
580
24
23
24
582
24
583
23
25
630
24
1177
27
26
26
26
26
627
26
24
24
24
24
24
24
23
24
24
24
24
24
24
24
25
24
25
25
24
23
1131
26
26
25
27
26
25
26
26
25
26
40
23
587
24
25
24
24
24
23
1097
27
26
26
686
25
24
24
24
24
1165
26
41
40
24
24
24
590
25
24
24
589
24
593
24
24
590
24
945
36
32
60
26
26
610
27
24
25
25
25
25
24
25
24
25
25
25
24
25
24
24
24
24
24
24
24
594
24
24
24
24
24
24
26
24
25
25
25
24
589
25
25
24
25
25
25
590
24
25
24
623
26
39
24
24
24
593
24
24
24
24
25
26
1096
24
24
25
593
24
592
24
25
1143
25
593
25
24
24
25
25
594
25
25
25
27
25
25
25
24
25
25
25
24
24
25
24
25
25
24
24
25
1119
24
25
25
24
25
24
25
46
26
27
27
27
27
1569
3
3
4
715
22
22
22
22
22
24
21
591
22
540
21
22
21
21
22
22
21
27
42
23
40
25
25
25
24
24
25
24
54
24
37
21
21
1041
25
24
24
24
24
23
24
24
588
24
24
23
24
24
23
23
23
24
24
24
23
24
24
24
25
24
24
22
22
1097
21
22
43
24
24
24
23
23
23
23
23
23
23
24
38
22
22
22
21
22
21
22
26
21
22
22
1069
23
24
567
22
23
22
22
21
22
21
22
21
23
23
22
22
22
541
22
22
23
22
22
21
22
22
22
23
23
22
22
21
23
22
22
22
22
22
22
22
22
22
21
22
21
23
22
22
21
620
22
543
22
22
22
22
22
22
21
22
21
22
22
22
22
22
22
22
22
22
22
22
21
22
22
551
21
24
22
22
22
22
23
22
540
22
22
22
22
22
22
22
23
23
22
22
23
22
22
22
22
21
22
22
22
562
24
23
24
40
24
24
24
24
24
23
25
24
1601
22
22
22
21
22
22
22
21
22
30
22
23
1579
22
23
22
23
23
22
27
56
25
25
24
25
24
25
25
25
25
25
584
22
23
22
23
22
22
22
22
22
23
23
22
23
23
22
22
22
22
22
22
23
22
23
22
23
22
22
24
22
22
22
1062
22
559
22
23
23
23
23
23
22
23
23
23
22
22
22
23
22
23
23
23
22
24
23
22
22
1144
24
25
25
24
25
24
25
25
1143
25
25
25
25
25
25
25
25
25
23
22
23
23
22
22
23
22
23
23
23
555
23
22
23
23
23
22
23
22
23
22
22
22
661
25
24
27
25
24
25
24
25
38
24
24
24
559
23
23
22
23
22
23
22
23
22
23
23
23
22
23
23
23
23
23
555
22
23
23
23
23
23
22
23
23
23
22
23
23
23
23
23
23
22
23
23
22
22
23
22
23
23
22
24
23
22
23
556
23
590
24
25
23
23
23
23
22
23
23
38
25
24
24
24
25
24
24
23
24
24
24
24
26
589
24
24
24
24
24
25
24
24
1721
24
24
24
25
24
24
24
24
24
25
24
26
24
1813
25
25
25
24
24
24
25
24
25
24
25
24
25
25
25
25
25
24
25
672
26
26
26
26
41
25
25
25
26
26
39
24
600
25
25
1299
25
25
24
25
24
25
25
24
27
25
25
24
25
25
25
25
24
24
25
25
25
24
25
25
25
25
25
25
24
25
25
24
25
24
25
25
25
26
24
25
24
25
1257
25
25
25
25
25
25
1251
24
25
24
26
24
25
25
24
26
27
26
24
25
25
25
25
24
25
25
24
25
25
25
609
25
25
25
25
25
24
25
25
611
25
24
25
24
25
27
24
25
25
24
25
24
25
603
25
25
25
44
27
28
28
27
28
28
27
27
28
57
39
24
25
25
25
612
25
25
25
25
24
25
25
25
24
24
25
24
604
25
25
604
25
26
24
25
25
25
25
25
25
25
25
26
24
25
25
25
24
26
25
24
25
24
25
25
24
25
24
25
25
25
25
24
25
41
25
25
26
26
25
26
27
26
678
25
24
26
25
25
24
1714
28
27
27
27
27
27
28
27
28
27
27
1814
25
25
25
25
25
25
26
24
25
42
26
26
26
26
26
26
26
26
25
27
633
26
27
25
26
25
25
26
26
25
25
26
25
25
644
26
26
25
25
26
25
24
26
25
25
25
26
25
26
1287
26
26
25
26
25
25
26
26
25
25
25
25
25
25
26
25
25
1156
25
25
618
26
25
43
27
26
660
26
25
26
25
26
25
25
25
25
25
25
26
25
25
26
47
27
662
41
26
27
26
26
27
658
42
26
27
41
25
25
25
26
26
25
26
626
26
25
26
25
26
25
25
25
26
25
42
26
27
26
26
26
28
26
26
27
632
26
26
26
25
26
26
25
26
29
45
28
29
28
675
26
25
26
25
25
25
26
41
27
30
27
26
26
26
677
26
27
26
26
40
25
26
25
25
26
25
25
25
25
26
26
26
632
26
26
1352
1297
25
26
26
26
25
26
25
26
25
1722
24
24
24
24
25
24
24
27
25
24
28
30
30
31
30
31
31
31
31
642
24
25
24
25
24
24
24
24
24
24
24
615
24
24
24
27
25
25
24
24
24
25
24
24
24
24
25
24
24
1136
25
24
24
24
24
24
24
25
24
25
25
26
25
24
25
25
1284
27
26
27
26
26
27
26
26
25
27
27
26
27
26
657
26
26
27
27
27
25
24
25
25
24
24
25
24
25
25
25
24
595
25
25
592
749
26
26
26
27
25
40
25
24
25
607
26
25
42
26
26
26
26
26
26
26
26
26
25
26
26
26
39
25
24
596
24
24
25
24
25
24
25
24
24
26
24
602
24
25
25
25
24
25
24
24
24
25
25
24
25
24
25
27
46
697
24
25
25
24
24
24
25
26
25
24
24
25
25
25
24
25
598
24
25
25
24
24
25
25
25
25
24
25
25
25
24
1626
25
24
25
24
25
25
25
25
59
31
31
30
31
31
32
32
31
1374
3
4
4
3
3
3
2
3
3
3
3
2
3
2
3
2
681
22
23
22
22
22
22
23
22
22
22
22
22
22
22
22
22
22
21
22
22
22
22
21
22
21
1115
27
27
27
28
29
42
38
22
22
22
22
22
22
21
22
21
21
22
22
22
22
21
21
22
22
22
22
21
22
22
22
21
24
22
22
21
22
22
22
22
22
22
22
21
22
22
22
22
22
21
22
22
22
21
23
23
22
22
22
22
22
23
22
22
21
22
22
22
22
22
21
1097
24
24
24
24
622
24
24
24
24
24
23
23
23
28
29
28
653
23
22
22
23
22
22
22
21
22
22
22
21
22
22
22
22
22
22
21
22
22
22
22
22
22
21
547
24
21
22
539
22
22
22
23
22
22
22
22
22
22
22
23
23
22
21
22
21
22
22
21
22
21
22
22
22
24
21
22
22
23
22
22
21
22
22
22
22
22
22
22
22
22
22
22
22
23
23
21
22
22
1182
23
22
21
22
22
22
23
22
23
21
23
21
22
22
21
23
22
22
22
21
23
22
23
23
561
22
22
23
22
22
561
22
22
548
22
22
21
23
555
25
44
27
28
28
28
29
28
28
28
58
2171
24
25
24
25
24
25
24
24
25
24
25
24
25
24
25
25
24
24
1204
29
28
30
57
23
22
22
23
340
30
29
1134
23
22
22
23
23
22
22
23
23
23
23
23
23
23
23
26
23
22
23
23
22
22
23
23
23
22
23
23
23
23
23
23
22
23
23
23
22
23
23
23
23
23
23
23
24
23
23
22
22
22
1217
23
22
23
24
23
22
23
22
23
23
22
23
23
23
22
22
23
22
24
23
22
23
23
23
553
22
22
23
23
23
556
23
23
555
22
23
22
23
555
23
22
23
23
22
23
23
24
22
23
22
682
23
23
22
22
23
22
23
23
22
23
22
23
23
23
22
23
23
23
559
23
22
23
23
22
25
22
23
22
23
23
1110
24
25
25
25
25
25
25
25
25
24
25
25
24
26
25
24
25
25
24
22
23
22
23
23
23
23
23
23
23
24
23
22
23
23
23
23
24
22
23
23
23
22
44
28
28
27
28
30
27
29
602
23
23
23
22
23
23
22
23
23
22
22
23
22
24
23
23
23
22
23
22
23
22
23
23
561
23
22
23
22
23
2270
24
24
564
23
22
23
24
1128
25
29
24
23
23
23
23
1147
25
25
25
26
25
25
26
25
26
25
26
25
25
25
26
44
29
28
30
29
28
29
733
23
23
24
24
23
23
23
24
23
23
23
1081
23
24
23
23
24
24
24
24
23
25
23
24
24
24
23
23
24
23
23
24
23
24
23
24
23
24
24
23
23
23
23
23
23
24
23
23
24
24
24
23
23
23
23
23
24
23
23
24
23
23
638
28
28
28
57
23
23
24
23
23
23
23
23
24
24
23
25
23
24
23
23
23
23
23
24
572
24
23
23
24
24
571
23
24
568
24
23
23
23
567
23
24
23
24
25
23
24
1228
26
25
26
25
26
25
26
24
25
25
26
26
25
26
25
26
25
41
24
25
25
27
598
23
24
24
23
23
24
23
23
23
23
23
571
24
24
23
24
24
23
24
23
23
23
24
24
24
23
24
25
24
24
23
24
23
23
24
24
23
23
24
24
23
23
24
23
23
23
24
24
24
24
23
24
23
41
26
29
27
27
26
27
26
27
2277
23
24
24
24
23
23
24
24
24
24
24
27
24
23
24
23
25
24
23
24
24
24
1187
55
24
23
24
24
25
23
1135
26
25
634
26
25
23
24
586
24
24
24
24
24
24
24
1206
24
25
24
24
23
25
24
24
24
25
24
25
25
24
24
25
24
24
25
24
23
24
582
24
24
24
24
24
24
23
25
24
24
24
582
24
24
24
24
24
33
23
24
25
24
24
25
24
24
23
25
24
24
24
24
25
24
24
24
24
24
23
24
24
24
24
24
23
24
26
25
24
24
24
24
24
24
24
24
25
24
24
24
24
24
684
25
23
25
24
24
24
23
25
24
24
24
27
24
24
24
24
24
24
23
25
25
23
589
25
25
25
25
23
25
1111
25
24
24
585
25
24
24
26
622
26
23
24
24
25
24
25
584
24
24
24
24
24
24
24
24
24
24
24
23
24
24
24
24
24
24
27
24
23
24
585
25
24
24
24
25
24
25
25
24
2178
25
24
24
25
27
24
24
25
24
25
24
24
24
25
24
25
24
24
25
25
24
615
24
24
25
24
25
24
24
1124
27
24
24
25
25
25
24
25
24
24
25
24
25
24
25
24
25
24
25
24
25
24
24
24
25
24
646
24
26
24
25
24
24
1132
24
25
25
593
25
25
25
25
594
24
25
25
25
25
25
25
598
25
44
27
26
27
26
25
26
27
26
26
26
27
25
24
24
25
24
24
25
24
25
598
25
24
25
24
24
24
25
25
26
593
26
25
25
25
25
25
25
25
24
25
24
25
24
25
25
25
24
25
24
25
25
602
25
25
24
24
26
1212
25
24
25
25
25
26
25
24
25
25
25
25
25
25
24
24
25
25
24
25
24
25
25
24
27
24
25
25
600
24
25
25
24
25
25
596
24
25
24
596
25
24
24
25
619
26
26
26
26
26
3170
24
24
24
25
24
24
24
24
24
24
26
22
22
22
21
22
22
21
22
22
1126
22
22
22
22
21
22
22
21
23
22
22
22
22
22
1059
22
22
22
22
21
22
22
22
22
22
22
22
22
22
22
23
23
22
22
22
21
22
22
22
38
23
24
25
23
23
24
23
24
23
23
23
24
23
23
24
24
24
24
23
23
24
23
24
24
23
1719
24
24
23
24
37
23
23
22
23
23
22
22
22
23
22
22
22
23
22
22
22
23
22
22
23
23
29
22
22
22
22
22
23
22
22
568
22
23
23
23
1081
41
25
25
24
24
24
25
24
25
24
25
55
23
23
22
22
22
23
23
23
571
23
23
22
23
22
22
23
554
22
22
23
22
22
23
23
22
23
23
25
23
23
22
22
579
23
22
22
22
23
23
22
22
22
22
23
22
23
23
591
22
22
22
23
23
22
23
23
24
22
43
25
25
25
25
24
25
24
24
42
40
38
24
23
25
24
23
24
24
23
24
23
38
22
22
23
23
23
23
22
22
22
22
22
23
22
23
23
23
23
597
23
23
23
23
23
22
22
22
22
22
23
22
22
24
23
22
23
23
23
23
22
22
22
23
23
22
22
22
22
22
23
23
22
22
22
1717
28
25
53
23
1155
24
24
25
25
25
25
24
24
24
25
25
24
25
24
1183
25
26
25
23
23
23
39
24
25
24
24
1203
23
23
23
22
23
23
23
23
22
23
23
22
23
23
23
25
22
585
23
23
23
22
23
24
24
23
23
23
23
1721
23
23
24
24
23
23
23
25
23
23
23
23
23
23
42
25
26
25
25
26
25
26
25
26
26
39
38
23
23
23
23
23
23
22
23
24
27
23
23
23
23
23
23
23
23
23
23
24
24
23
23
23
24
571
23
23
602
23
23
23
23
23
24
23
25
23
24
23
24
23
566
23
23
23
24
569
24
22
24
23
23
23
58
25
26
25
25
25
26
25
605
23
23
26
23
23
23
22
23
23
24
23
566
23
23
23
24
24
23
23
23
24
23
23
23
23
23
22
23
23
563
25
23
23
23
23
23
22
24
23
24
22
571
23
23
23
23
23
23
23
22
24
22
24
23
23
23
23
23
23
25
41
25
24
24
25
24
24
24
24
25
24
24
39
23
23
23
22
1715
27
25
25
25
1104
24
23
23
24
23
23
24
24
23
23
23
24
23
24
24
24
24
23
1151
24
29
24
23
23
24
23
1148
26
26
25
26
26
26
25
26
26
25
26
26
26
26
26
25
26
24
27
23
24
24
578
24
24
24
23
24
1671
24
23
24
24
24
24
23
24
25
24
24
24
25
24
24
24
24
24
23
24
23
24
24
577
24
24
24
24
24
24
23
24
24
25
25
576
24
24
24
24
26
24
23
24
24
24
24
24
23
23
24
24
23
24
23
24
24
23
23
23
26
41
26
25
26
24
26
25
26
26
26
618
24
24
24
24
577
23
23
24
23
24
24
24
23
24
24
24
24
23
24
24
24
24
23
576
23
26
24
24
23
24
23
579
24
24
24
24
24
23
24
24
24
24
23
24
41
25
25
25
25
25
25
25
26
30
753
26
24
24
23
24
579
24
24
23
24
24
23
24
23
24
24
23
23
24
24
24
24
23
23
24
24
24
27
24
577
23
24
24
24
24
24
23
1799
24
25
24
23
598
24
23
24
24
25
335
35
31
32
32
31
31
32
1135
24
24
24
24
1168
24
24
24
24
25
24
24
25
24
27
24
24
25
24
24
24
25
24
24
24
591
24
1612
24
24
24
25
24
24
24
24
24
26
24
25
24
24
25
25
25
25
24
24
24
25
25
25
24
25
24
24
644
24
24
24
25
25
590
24
25
26
24
24
24
24
25
24
25
24
25
24
25
25
25
24
24
24
24
24
25
24
590
25
25
25
24
25
25
26
589
25
24
24
24
613
25
27
26
26
26
25
26
27
25
26
40
24
25
593
25
25
25
25
599
25
25
25
27
25
24
25
24
25
24
25
25
25
24
24
25
25
25
25
24
587
24
602
25
25
24
25
24
24
25
24
31
24
24
25
24
24
25
25
24
24
25
24
44
26
26
26
26
25
26
26
608
25
25
1623
24
25
24
25
25
25
25
25
25
24
25
25
25
25
25
25
25
25
25
24
24
25
24
24
24
25
1157
25
24
25
24
25
25
24
1150
27
27
27
26
645
27
27
27
28
26
27
27
27
27
26
25
25
24
2134
3
3
3
4
728
26
24
623
24
24
24
24
22
22
21
22
21
22
21
23
22
22
22
21
22
22
22
22
22
23
21
546
22
21
567
24
23
23
23
23
25
23
38
21
22
21
22
22
23
22
22
22
22
22
22
22
22
22
22
22
21
22
22
22
22
22
22
22
25
23
21
22
21
22
22
22
22
21
22
22
21
22
21
22
549
22
22
21
22
21
22
22
22
23
22
22
22
24
21
22
22
22
21
22
21
22
1116
25
24
24
24
25
23
23
24
24
24
24
24
24
24
24
24
22
22
22
42
24
24
23
1141
25
24
24
24
24
25
24
24
25
24
24
24
25
24
24
24
24
22
22
22
22
22
22
22
22
22
22
23
22
22
22
22
22
1638
25
25
24
25
24
22
22
23
22
23
42
24
24
24
23
24
24
23
23
24
25
23
23
37
22
22
23
22
22
22
22
22
22
24
23
22
22
1065
23
22
549
22
22
22
23
22
22
22
23
23
23
22
23
23
23
23
23
23
24
23
22
23
22
22
23
22
23
23
23
22
22
23
23
22
22
22
22
22
22
22
22
22
22
22
23
23
23
1670
22
23
22
23
23
23
23
23
22
23
23
23
22
22
23
22
23
23
22
22
22
25
23
22
572
23
22
22
1087
623
24
24
25
24
24
24
24
24
39
24
23
23
23
22
22
23
24
23
23
23
22
22
23
22
23
24
23
22
23
22
23
22
23
555
23
23
23
23
23
23
23
23
22
22
23
24
24
23
23
22
23
23
23
22
23
23
23
22
23
23
22
23
23
22
22
23
23
23
23
23
23
607
23
24
557
22
23
23
23
23
23
24
23
23
22
22
23
23
23
22
40
24
24
24
23
24
24
25
24
24
23
24
1154
26
26
25
25
26
25
25
25
25
25
25
25
24
25
25
25
25
25
25
25
25
23
23
23
45
24
25
1122
23
23
23
23
23
22
23
23
23
23
23
23
23
24
23
23
23
23
23
1674
589
23
24
23
22
24
23
23
23
23
23
23
23
23
23
23
23
22
23
23
23
23
24
25
23
23
23
24
23
23
22
23
23
24
1083
42
26
26
27
26
26
26
26
26
26
54
23
24
24
25
24
23
23
23
23
23
23
24
24
24
23
23
24
24
23
24
24
23
23
23
23
23
1067
23
25
1151
27
27
26
27
26
44
28
41
37
25
24
25
25
24
39
23
24
23
23
24
23
24
27
44
26
26
27
624
588
23
24
23
24
23
26
25
598
24
24
24
24
23
23
23
23
23
24
24
24
23
24
24
26
24
23
23
569
569
24
24
24
23
23
23
23
23
43
26
27
26
27
27
27
27
26
26
28
39
23
23
25
24
24
23
23
23
24
23
24
23
23
571
23
24
24
24
23
24
24
24
23
23
24
23
24
23
23
24
23
26
23
23
24
24
24
24
23
23
24
24
24
23
23
23
23
23
24
24
23
1078
24
24
573
24
25
24
45
27
26
26
26
27
26
27
26
26
56
23
1113
24
23
24
24
1605
23
24
24
23
24
24
24
23
24
24
24
23
24
23
24
620
28
26
27
42
23
24
24
23
23
24
23
24
25
24
24
24
23
24
1159
26
625
26
26
26
26
26
25
26
26
26
26
26
26
26
26
26
26
26
24
24
23
24
24
25
25
24
24
23
24
24
23
25
1701
25
24
24
24
24
25
26
25
24
24
24
24
24
25
25
24
24
24
25
24
24
24
24
24
24
24
24
24
24
24
24
24
24
24
24
28
24
25
24
586
24
25
585
24
25
24
24
24
24
24
24
24
24
24
24
24
24
24
659
24
25
24
24
584
24
24
24
24
24
24
24
24
25
24
24
25
24
24
24
582
24
24
24
25
24
24
24
24
25
24
24
23
26
25
24
24
23
25
592
25
585
24
24
24
24
24
24
24
24
24
24
44
26
26
26
26
26
26
27
26
29
56
23
24
24
25
24
24
24
1177
27
26
25
27
26
26
26
26
26
25
26
27
27
26
26
27
24
24
25
24
25
24
24
24
24
24
24
24
24
24
24
24
25
24
24
24
1123
1694
25
24
24
25
24
24
24
24
24
25
24
25
25
24
24
25
25
24
25
24
24
24
25
594
25
27
24
1168
27
46
27
28
27
27
27
27
27
28
27
56
24
25
24
25
597
24
24
25
24
25
27
25
24
25
25
25
24
25
24
25
24
25
1707
28
27
646
27
27
62
27
27
27
29
28
28
27
27
43
40
24
25
25
25
25
25
25
25
25
25
25
25
25
25
24
604
26
25
24
26
26
25
26
25
25
24
25
24
25
24
25
25
25
25
25
24
25
25
25
25
25
25
25
25
25
24
25
25
25
25
26
25
600
611
25
25
25
25
24
25
25
24
25
25
26
26
25
25
24
25
62
27
44
29
28
28
29
691
25
28
26
596
25
24
25
25
24
25
25
26
25
25
25
24
25
25
25
24
597
25
25
24
25
24
25
25
25
26
25
24
25
25
24
25
1166
27
27
27
56
601
25
25
25
25
25
25
24
25
25
25
25
25
24
29
24
2173
3
3
3
3
3
3
3
742
54
22
23
22
22
23
23
22
22
1095
24
24
24
25
24
24
24
24
24
23
24
24
24
24
24
25
1136
25
22
22
569
22
22
23
22
56
24
24
24
25
25
25
24
25
24
25
25
37
22
551
22
22
22
22
22
24
22
23
22
22
22
22
554
22
23
22
23
23
22
22
23
22
22
22
22
23
23
22
22
23
22
23
22
22
24
22
22
23
22
22
22
22
22
23
22
22
22
22
22
22
22
22
22
22
22
21
22
23
22
22
22
22
24
551
23
587
24
25
24
25
24
55
24
22
22
22
22
22
23
1099
25
25
24
25
25
24
25
29
23
22
22
23
552
23
22
22
22
22
22
22
22
22
22
22
22
22
22
22
23
552
22
23
22
593
25
24
26
25
25
25
24
39
37
23
22
22
23
22
22
22
22
23
549
22
22
23
22
22
22
22
23
23
23
22
24
550
22
23
23
22
23
23
22
23
23
23
22
22
22
23
22
22
23
22
22
22
22
23
22
22
22
22
23
24
23
22
23
22
23
22
23
23
23
23
23
22
22
23
2764
25
1495
22
23
23
23
23
23
22
23
22
23
22
23
23
23
23
23
23
23
23
22
23
1120
23
22
24
23
22
24
23
38
25
25
25
24
593
23
23
22
23
22
23
23
23
23
22
24
24
24
24
23
23
562
23
23
24
562
23
23
23
23
23
22
23
22
23
23
23
23
23
23
23
23
24
24
650
22
23
27
22
23
22
23
23
23
23
23
23
561
22
23
23
23
23
24
22
23
22
23
23
23
23
23
23
22
23
27
23
23
23
24
24
23
23
23
23
24
24
23
22
23
22
23
22
23
22
24
23
22
23
23
1133
25
634
26
41
39
25
25
24
24
25
25
25
24
24
39
23
23
23
23
23
23
23
23
561
23
23
22
23
25
23
23
24
24
23
23
23
565
23
23
24
24
23
23
23
23
23
22
24
22
23
23
23
23
563
23
23
23
562
23
23
42
58
28
28
28
28
28
28
28
28
43
40
23
22
23
23
564
23
24
22
23
2776
26
60
26
26
633
24
23
24
24
23
23
23
24
24
23
23
23
23
23
26
23
23
23
23
24
24
24
24
1112
23
24
23
23
620
24
23
24
24
24
24
24
24
23
23
25
24
24
24
24
24
24
23
24
23
23
608
25
24
24
24
23
24
24
23
24
24
24
24
573
23
24
23
24
25
23
24
23
23
23
24
24
23
24
23
24
574
24
24
24
571
24
23
23
23
23
23
23
24
23
24
24
25
24
24
24
24
23
24
572
1186
24
23
24
24
23
24
24
23
578
23
24
24
24
23
23
24
23
26
24
25
23
24
23
23
24
24
24
23
24
24
24
23
587
24
23
24
24
574
24
24
24
24
24
24
24
25
24
24
23
43
26
25
25
26
25
26
25
25
25
590
24
23
23
24
24
23
23
24
24
23
23
24
579
26
24
24
23
24
23
24
24
23
23
24
24
24
24
24
24
2662
24
24
24
589
24
24
25
24
23
25
23
24
25
23
24
24
24
24
24
24
24
24
1093
591
24
28
24
24
24
24
24
25
659
24
24
24
24
23
24
24
25
24
24
24
24
25
24
24
24
24
25
24
23
26
24
24
589
25
24
24
24
588
24
25
24
24
24
24
24
24
24
24
24
24
24
25
25
23
25
24
24
24
26
583
25
24
24
24
24
24
24
24
24
24
24
24
635
24
24
25
23
24
24
24
24
23
24
24
23
24
26
23
25
1117
26
26
27
636
27
26
26
27
26
26
26
26
27
26
27
26
26
26
26
26
26
26
589
638
24
24
24
24
25
23
24
24
583
24
25
24
23
24
24
24
24
24
25
24
24
24
24
24
24
23
26
25
24
24
24
24
584
24
24
24
24
583
24
24
24
24
24
24
25
24
24
24
24
24
24
24
23
24
26
25
24
25
25
2751
27
27
27
27
26
27
27
27
27
28
27
25
597
25
24
24
25
25
25
25
25
25
25
25
25
25
24
24
25
1152
25
25
24
594
25
24
27
24
24
24
24
26
25
25
25
25
25
25
24
25
25
26
595
596
26
25
25
25
24
24
25
25
625
26
28
26
27
40
25
24
25
24
25
24
25
24
25
24
24
24
25
25
25
25
25
25
597
24
25
25
24
598
25
27
24
25
24
25
25
24
24
25
24
24
24
25
24
25
24
25
24
24
25
1100
25
24
25
25
27
25
24
44
27
27
26
27
627
24
25
26
25
24
24
25
24
25
24
25
25
25
26
24
25
598
25
25
31
603
25
25
25
24
25
25
25
25
25
25
24
25
25
25
24
25
25
25
596
628
27
26
26
26
40
24
25
28
598
25
24
25
26
25
25
25
25
25
24
25
26
26
25
25
25
25
25
2945
4
3
3
3
3
3
3
3
3
3
3
3
3
3
3
3
7
3
721
23
22
22
22
23
22
22
22
21
22
22
22
22
22
22
23
22
22
22
22
22
22
21
22
550
23
23
22
22
22
22
22
22
22
23
22
23
22
23
23
22
22
22
23
22
22
22
22
22
551
23
22
22
1198
38
22
23
23
22
22
22
22
22
22
22
22
23
22
22
22
23
22
22
22
23
22
22
22
24
22
22
22
22
22
22
23
22
22
22
597
22
23
23
22
22
22
23
22
22
1084
25
24
25
24
25
22
22
23
23
22
23
21
39
23
24
27
24
24
25
24
24
25
24
25
24
25
25
39
23
23
22
23
24
22
23
22
23
22
22
22
22
23
22
23
23
22
22
22
22
23
22
22
22
23
22
22
22
23
22
22
22
24
22
22
22
22
556
22
23
561
23
23
22
22
23
22
550
22
22
23
22
22
22
22
22
22
22
22
22
23
23
22
22
22
22
22
22
22
22
22
22
1107
22
23
22
551
23
23
23
23
22
23
23
22
24
22
22
23
22
23
22
22
23
23
23
23
22
23
22
23
23
23
23
22
22
23
22
22
22
23
23
573
23
24
23
23
23
22
23
23
23
553
2654
23
22
23
23
23
23
26
22
23
23
23
22
23
23
22
23
22
23
24
23
23
23
23
22
23
22
23
22
23
23
23
23
22
23
25
23
22
23
23
23
23
23
22
23
23
22
585
24
25
587
23
23
23
23
22
24
1099
25
25
25
27
24
23
22
24
22
23
23
23
23
23
23
23
23
23
23
22
23
22
23
23
563
23
23
23
1161
24
23
23
23
23
23
23
24
23
23
23
23
23
23
23
23
23
23
22
24
23
24
24
23
22
23
23
26
23
23
23
23
23
22
23
569
23
23
23
23
23
23
23
23
23
565
566
23
23
23
23
23
23
23
23
23
25
23
23
23
23
23
23
23
24
22
24
24
23
23
23
24
24
22
23
23
24
23
23
42
25
26
24
25
27
26
25
25
26
25
40
23
23
571
24
1094
24
23
23
23
23
23
24
564
24
24
23
23
23
23
26
23
23
23
23
23
24
23
23
23
23
23
23
23
24
23
23
24
586
24
25
24
591
23
23
23
23
23
25
24
23
23
23
23
2108
23
24
24
23
573
24
24
24
23
23
23
24
44
24
605
572
23
24
24
24
23
24
23
23
24
23
24
23
23
23
23
24
23
23
24
23
23
24
24
24
23
26
23
23
24
1110
24
23
24
24
24
23
23
23
24
23
23
24
23
23
24
23
23
24
599
25
28
25
25
26
25
25
1106
24
23
24
23
24
24
24
24
23
23
24
24
23
24
23
23
24
24
26
24
24
24
24
23
575
24
23
23
576
24
23
24
23
24
23
23
24
24
24
24
600
26
25
25
25
591
24
26
23
24
24
24
24
24
23
576
1088
24
24
24
24
24
24
24
24
24
23
24
24
24
24
24
26
24
24
24
24
24
24
24
24
24
23
24
24
24
602
25
26
25
25
26
25
26
39
23
24
23
24
24
27
24
23
24
23
582
24
24
23
24
24
23
24
583
24
23
24
23
1635
639
24
24
23
585
24
24
25
24
24
24
24
24
24
24
24
622
40
23
24
24
583
24
25
24
41
25
25
26
26
25
1582
582
25
23
25
23
24
24
24
24
25
24
24
25
24
23
25
25
24
24
24
24
25
25
23
24
27
24
24
24
24
1154
26
26
26
27
26
26
26
26
26
26
26
27
26
26
26
26
26
26
669
27
28
26
27
26
41
39
587
24
24
24
24
588
587
25
24
24
589
24
24
24
24
24
25
24
24
24
24
24
1183
24
24
25
24
587
24
25
25
25
24
23
24
24
24
587
618
25
26
26
25
41
25
24
25
24
27
24
24
24
25
25
24
24
24
24
24
24
24
25
24
24
24
24
24
24
1188
24
25
25
24
26
1124
24
24
24
24
24
24
25
24
24
24
25
25
25
24
24
24
24
25
24
25
593
25
25
26
25
592
626
27
27
28
624
1127
24
24
25
24
25
25
24
24
24
24
24
24
25
24
25
641
24
27
25
24
1204
25
25
24
25
24
595
25
25
25
25
24
24
25
25
25
25
25
25
24
24
25
26
25
24
24
24
24
26
24
25
24
25
24
25
25
599
25
24
25
25
25
599
25
25
25
24
25
25
24
27
24
24
24
25
24
25
24
25
25
24
25
25
653
25
24
25
24
1152
595
26
25
25
595
604
25
27
25
25
25
25
25
24
25
25
25
25
24
25
25
649
25
24
25
25
1120
28
28
28
26
28
1147
27
27
27
27
27
27
26
27
27
27
27
27
27
27
27
28
27
27
27
27
27
26
26
26
27
25
25
25
44
640
25
25
25
25
25
608
25
25
25
25
25
24
25
25
24
25
25
25
25
25
25
24
25
26
25
25
601
25
25
24
1129
25
655
25
25
25
1112
610
26
25
24
25
25
26
25
28
26
26
25
25
26
25
25
604
25
25
25
25
605
45
26
28
26
27
636
26
25
25
25
25
25
25
24
27
25
25
26
25
24
25
25
25
25
25
25
25
25
25
25
25
24
25
25
25
607
25
25
25
25
1141
26
24
25
26
25
25
25
26
24
26
25
25
26
26
25
25
25
25
26
25
45
668
25
26
25
610
25
606
25
25
26
609
2033
22
23
23
22
22
22
22
23
22
22
22
22
572
24
22
22
22
22
22
22
22
23
22
22
22
22
23
39
24
23
24
24
24
23
23
24
23
24
39
22
22
614
24
22
23
23
22
23
23
23
22
23
22
22
22
22
22
22
22
22
22
23
22
22
23
22
22
23
23
22
23
22
23
22
23
23
22
22
2255
25
25
24
25
24
24
25
25
24
25
25
22
23
22
23
22
22
23
23
23
23
23
22
23
23
22
22
22
22
23
22
22
22
22
23
22
22
23
22
24
22
22
23
22
22
23
23
23
22
22
23
22
23
23
22
23
23
23
22
22
23
23
23
22
22
623
23
24
22
22
23
23
23
22
22
22
22
22
22
23
23
22
22
23
22
22
1648
26
26
24
22
23
22
23
560
23
22
23
23
23
23
23
23
23
593
25
24
25
26
24
24
25
26
24
22
23
22
23
25
24
23
22
23
23
22
23
23
22
23
22
23
23
22
560
23
23
23
22
23
23
22
23
23
22
23
24
24
23
23
23
22
23
22
23
24
23
23
22
23
22
23
23
22
22
23
23
22
23
23
23
1095
25
25
23
23
22
24
23
23
23
22
23
22
23
23
23
22
23
22
24
23
23
24
43
25
25
24
24
24
24
25
24
24
24
24
38
23
22
23
23
23
22
23
23
23
23
23
22
23
22
2091
23
23
24
22
23
23
23
23
23
24
23
23
23
24
24
23
23
23
24
23
23
23
23
23
23
23
23
24
24
23
23
23
23
23
22
23
662
54
23
23
23
23
23
23
609
23
23
23
23
22
23
23
23
22
571
25
24
23
23
24
23
24
23
23
24
23
23
2218
23
23
23
24
23
24
25
23
23
24
23
24
24
24
24
23
23
23
24
24
24
23
23
23
24
23
23
23
23
24
23
23
23
23
23
25
23
23
23
24
23
23
23
24
23
24
24
24
23
23
24
23
572
24
23
24
24
23
23
23
24
23
23
25
23
23
23
23
24
23
23
23
24
23
23
24
23
23
24
24
23
23
24
24
23
23
1655
24
24
23
23
24
23
23
23
24
23
24
24
24
23
24
23
23
24
24
23
24
23
24
23
23
24
24
30
23
23
23
23
24
24
24
23
24
23
23
24
24
23
24
24
23
23
24
24
24
23
24
24
578
24
24
26
24
23
24
24
574
23
24
23
23
23
23
24
23
23
627
24
24
23
23
23
24
23
23
24
24
24
24
1119
26
26
26
25
26
25
26
26
26
26
25
25
26
26
26
26
26
27
26
26
26
26
26
25
25
26
24
24
23
23
23
23
24
23
23
25
25
24
24
23
24
24
23
24
24
24
23
24
24
2196
25
26
26
26
25
25
25
26
25
26
25
26
25
25
26
26
25
25
26
25
23
24
24
26
25
23
24
24
24
24
24
24
24
24
24
24
588
24
23
25
23
24
24
24
25
23
24
24
24
24
24
26
25
24
25
23
24
24
24
25
24
24
25
24
24
24
24
24
24
23
24
23
25
23
25
23
24
42
26
28
25
25
25
26
26
25
25
26
40
589
24
2192
27
27
27
26
26
26
26
27
24
24
24
25
24
24
25
621
26
26
26
26
41
24
25
24
24
25
24
24
589
25
25
24
24
25
24
26
25
25
24
25
24
24
24
25
24
25
24
24
25
24
24
25
24
24
24
24
24
24
24
24
24
24
24
26
24
24
24
25
25
25
24
24
24
1691
42
26
26
26
25
26
26
26
25
26
26
41
27
25
24
25
25
24
25
24
25
25
25
25
24
25
25
24
25
25
25
24
25
24
24
24
24
25
25
24
27
595
25
24
24
25
25
24
25
25
25
24
24
24
25
24
25
25
25
25
25
24
24
25
25
25
24
24
24
27
24
25
24
25
24
25
25
24
25
25
25
25
25
25
25
25
24
24
24
24
25
24
24
24
592
24
1156
24
25
24
24
25
25
25
25
25
25
24
25
25
25
25
597
24
25
25
24
25
25
24
25
25
2295
25
25
25
25
24
25
26
25
25
24
25
24
24
25
25
25
25
25
27
25
25
25
25
25
24
25
25
25
26
25
25
25
25
24
25
25
25
25
25
26
25
25
25
25
24
26
25
606
24
26
26
25
26
25
25
25
25
25
26
25
25
25
25
25
25
24
25
25
24
25
25
25
24
26
24
27
25
24
25
24
26
25
25
25
26
25
25
25
24
601
1678
25
25
25
25
25
25
25
27
25
25
26
25
26
25
25
25
26
26
25
25
26
25
25
25
25
25
25
25
25
24
25
25
605
25
607
27
26
25
25
25
25
25
25
45
27
27
26
27
26
27
624
25
25
24
1715
28
27
27
25
25
25
26
25
25
26
25
26
25
25
25
25
26
25
25
25
26
25
25
25
26
25
25
25
25
26
26
26
25
25
26
25
25
26
25
25
25
26
25
25
26
26
25
26
25
45
27
26
27
634
26
25
25
25
25
28
25
25
25
25
26
25
24
26
26
25
26
25
25
25
25
26
25
26
25
25
25
25
25
25
25
25
24
26
27
25
25
25
26
26
25
611
1801
25
38
22
22
23
22
22
23
22
22
24
22
22
22
22
23
22
23
22
23
22
23
22
22
22
22
22
22
23
23
553
22
22
23
22
22
23
22
1604
25
25
25
24
25
25
25
25
25
24
25
24
25
25
24
25
24
24
25
24
24
24
23
25
24
24
24
24
24
23
990
22
23
23
23
23
22
23
23
22
23
23
23
23
22
23
22
23
23
22
25
23
23
22
23
23
23
22
22
23
22
23
23
22
22
23
22
23
22
22
23
23
22
23
22
23
22
23
24
23
22
22
23
23
22
23
23
23
22
23
22
22
23
23
23
23
22
22
23
23
22
22
23
22
1094
1100
23
23
22
23
22
23
24
23
22
23
22
562
23
22
569
23
23
23
23
23
22
23
24
26
23
23
23
23
22
23
22
23
23
22
23
24
23
559
22
23
22
23
23
23
23
1121
23
23
25
23
23
22
23
22
23
23
23
22
23
22
23
22
23
22
23
23
24
24
23
23
23
23
23
22
23
22
560
30
23
23
23
23
23
22
23
23
23
23
22
23
23
23
23
23
23
23
23
23
22
23
23
23
23
22
23
25
22
24
23
23
23
23
23
23
23
23
23
39
24
24
24
24
24
24
24
24
24
24
24
39
22
23
22
23
24
23
23
23
23
22
22
26
24
24
24
24
2162
25
26
25
25
615
25
26
23
23
22
23
23
23
23
24
23
568
23
23
1761
26
25
26
26
25
25
26
25
25
24
23
24
23
24
23
23
23
23
23
23
24
23
575
23
23
23
24
24
23
24
573
24
24
23
24
23
25
23
24
23
24
23
23
24
23
24
26
41
24
26
24
25
25
25
24
25
24
25
40
23
24
574
23
24
23
25
23
23
24
23
24
24
24
23
24
23
1144
26
25
26
25
25
25
26
26
25
26
25
25
25
26
23
24
23
23
23
23
23
23
23
23
24
23
23
24
23
24
23
23
23
24
24
579
42
25
25
24
596
24
25
23
24
23
23
24
23
23
23
24
570
24
23
1139
27
26
25
26
25
25
26
25
26
25
25
28
23
23
23
23
24
24
24
23
40
25
608
23
59
26
43
27
26
26
671
24
24
24
23
23
23
24
23
26
23
24
24
23
23
24
24
24
24
24
24
24
24
24
24
24
23
24
24
23
24
1088
25
23
1692
26
25
26
25
25
40
24
24
23
24
23
24
24
24
24
24
24
24
23
24
24
23
26
23
24
24
24
23
24
24
24
24
24
23
24
24
24
24
23
24
24
24
25
24
23
24
24
1640
24
24
25
24
606
25
26
26
26
25
26
26
26
26
39
23
587
24
25
584
24
24
24
24
24
27
24
24
24
24
25
24
24
24
24
24
25
25
24
24
24
24
635
23
24
23
24
24
24
24
1186
26
25
26
26
39
25
24
24
24
24
24
23
24
24
24
25
23
24
24
24
24
24
24
24
23
24
24
25
24
23
587
24
25
588
24
24
24
24
24
25
25
24
24
24
24
25
24
25
25
23
24
24
24
24
24
24
26
24
25
24
25
24
24
24
24
24
24
25
24
24
24
24
25
24
24
24
24
23
24
24
25
1152
24
24
25
24
587
25
23
25
24
24
24
24
24
24
24
24
588
25
24
586
25
24
25
24
24
24
24
25
26
24
24
25
24
25
24
24
24
24
23
24
24
24
586
2170
24
24
24
27
24
25
25
25
25
25
25
24
25
24
25
25
25
24
24
24
24
25
25
24
25
25
24
25
25
25
25
27
24
25
24
24
25
594
1684
25
24
24
25
24
24
25
25
24
25
25
25
24
25
31
24
26
25
25
25
25
25
24
25
25
24
25
25
24
25
25
25
25
25
25
24
25
24
24
25
24
25
25
26
25
25
24
24
25
598
25
25
25
25
620
27
26
26
26
26
27
26
26
25
25
25
596
25
25
1118
24
24
25
24
25
25
25
25
24
25
24
25
25
25
24
25
25
24
25
25
25
25
600
600
24
44
27
29
26
26
27
26
26
27
26
26
41
25
24
25
25
24
24
25
24
25
24
25
25
25
24
25
25
25
24
26
25
25
25
24
25
1123
649
26
27
27
27
27
27
26
27
27
27
28
26
27
26
27
27
27
27
25
24
24
25
25
25
25
25
24
25
24
25
25
25
25
25
25
25
25
26
25
25
25
25
25
27
26
26
28
27
26
627
24
25
25
25
605
25
24
25
25
25
24
25
25
24
25
26
1662
25
28
1188
25
25
25
26
25
24
26
25
25
24
25
25
25
25
25
26
26
25
25
25
25
25
608
1624
25
25
25
25
26
26
25
26
25
25
26
26
25
26
26
25
44
27
27
27
26
27
29
27
27
26
27
40
26
25
26
25
25
25
26
25
26
608
612
26
26
25
26
25
26
25
43
27
27
27
29
27
27
28
28
26
28
26
27
27
27
27
40
25
25
25
26
25
25
26
25
26
26
26
25
25
26
26
31
25
25
26
25
25
26
25
25
26
1574
4
4
4
4
4
3
4
4
4
4
3
691
23
23
22
23
22
22
22
22
22
22
574
25
23
25
23
24
23
25
23
23
38
23
601
23
22
557
23
23
22
42
40
25
25
25
24
25
25
25
24
25
39
37
22
22
22
22
22
23
1050
605
26
23
22
23
23
22
22
23
23
22
23
22
23
22
23
23
23
23
23
23
22
22
23
22
22
22
22
23
22
24
23
23
22
23
23
23
23
565
610
24
54
23
23
22
23
22
23
23
23
23
22
22
23
23
22
23
22
24
22
22
22
23
23
22
22
22
22
23
23
22
22
22
22
23
22
22
22
22
23
23
22
22
22
22
1687
25
25
25
24
24
25
25
25
620
25
27
41
25
25
25
24
25
25
26
24
1645
23
23
590
24
22
23
22
24
23
23
23
23
23
22
23
23
23
23
23
22
23
23
22
23
24
586
685
23
23
22
23
23
22
23
23
23
22
23
23
23
23
23
23
22
23
23
22
23
24
23
23
23
23
25
23
22
23
23
22
23
23
23
22
23
581
1663
25
25
25
39
23
23
24
23
23
25
24
23
23
24
24
23
43
26
25
25
25
25
25
25
26
25
25
54
23
23
23
23
22
23
23
23
24
25
23
23
23
24
23
23
23
569
24
23
23
24
23
22
24
24
568
23
22
23
23
23
23
23
23
23
23
23
1130
26
26
629
25
24
25
25
39
23
23
24
24
23
24
24
23
23
24
23
23
23
23
24
23
25
569
569
23
23
24
23
23
23
23
23
23
23
23
23
24
23
22
23
24
23
23
22
23
23
23
23
23
25
23
24
24
23
23
23
23
23
23
24
24
1680
571
23
24
23
23
23
24
24
23
23
25
23
23
40
24
25
24
26
24
25
24
25
24
25
24
39
23
23
23
24
23
24
23
24
23
23
23
23
27
23
24
24
1620
23
24
23
23
23
24
43
25
25
25
26
24
598
23
24
23
23
26
24
24
24
23
24
23
574
23
23
577
24
23
24
23
23
23
24
24
23
24
24
23
24
23
23
24
23
24
25
23
24
24
577
1671
26
26
26
25
25
25
25
26
26
26
26
26
26
26
26
26
28
24
24
23
24
24
24
23
24
24
24
24
24
23
24
24
25
25
23
25
25
579
587
23
24
24
24
24
42
26
25
25
25
26
25
25
25
25
25
41
23
24
24
24
24
25
25
25
24
24
44
26
25
25
25
25
25
26
26
26
1132
24
24
24
24
23
24
23
25
25
25
23
25
25
24
24
24
579
24
24
24
23
26
23
25
24
24
24
24
580
23
24
584
24
23
27
41
26
26
26
27
26
26
26
25
26
41
24
24
24
24
26
24
24
24
1144
1142
27
26
26
26
26
26
27
26
26
26
26
26
26
26
26
27
26
24
25
24
23
24
24
24
25
24
24
24
24
25
25
24
24
24
24
24
25
2053
653
25
24
24
24
24
25
25
24
25
24
25
25
24
24
24
24
24
24
25
25
24
24
24
25
24
24
24
25
27
24
24
25
24
24
24
24
25
619
26
25
26
26
26
40
25
24
24
24
25
24
24
25
25
24
589
25
27
24
24
24
25
24
24
24
25
24
1654
27
27
638
27
26
26
26
29
57
27
43
30
28
28
27
28
28
42
27
27
27
27
26
27
27
642
598
24
24
24
24
24
25
24
24
25
24
24
24
24
29
25
24
25
25
25
24
24
25
24
24
24
25
24
24
24
25
25
24
25
24
24
25
24
1171
654
24
25
25
24
25
25
25
25
25
25
25
25
24
25
25
24
24
24
25
25
25
25
25
25
24
25
24
27
24
24
25
25
25
24
24
25
25
597
25
25
25
25
25
24
24
25
24
25
25
24
25
25
24
25
594
25
27
25
24
25
24
24
25
24
25
24
1720
27
27
649
27
27
27
27
27
26
27
26
32
24
25
25
25
25
24
25
25
25
24
25
25
25
1719
620
25
25
25
24
25
25
27
25
25
25
26
24
25
25
25
25
25
25
26
25
25
25
25
25
25
25
25
25
24
25
25
24
25
25
26
27
26
602
606
25
25
24
25
25
26
25
25
25
25
24
26
25
25
25
25
25
25
24
25
24
25
25
25
26
25
25
25
25
25
25
24
45
26
26
27
26
1717
28
27
27
27
27
27
27
28
27
25
25
25
25
25
26
25
609
25
25
25
25
25
25
25
25
25
26
26
605
25
26
657
26
24
26
25
26
28
24
25
26
25
25
25
25
26
26
26
25
25
25
25
25
25
1128
607
25
26
25
25
25
25
28
26
26
25
25
25
25
25
25
25
26
25
25
25
25
26
25
25
26
25
25
26
25
25
25
26
25
26
25
27
25
658
611
25
25
26
25
25
25
25
26
25
25
25
26
26
25
25
26
26
25
25
26
25
25
25
25
26
25
25
26
26
25
26
25
25
25
1691
28
27
28
28
27
27
47
27
28
27
28
30
27
28
27
27
27
40
26
621
25
26
26
26
26
26
26
25
25
1330
4
4
4
3
5
4
4
4
3
4
3
4
4
3
4
714
25
25
25
26
25
25
25
25
24
25
23
22
23
23
22
22
23
606
23
22
23
22
22
22
23
23
556
23
23
578
23
22
23
23
22
22
22
23
25
22
22
23
22
23
23
22
22
22
23
23
22
22
22
22
23
22
22
23
22
22
22
22
23
23
23
22
24
23
22
22
23
22
23
22
23
23
24
23
23
22
22
22
554
23
23
640
53
22
23
22
23
22
22
22
25
22
22
22
23
23
23
23
23
22
23
23
23
22
2158
25
25
25
25
25
25
28
23
23
22
22
23
22
23
23
22
23
23
23
23
23
23
22
23
23
22
23
23
23
23
22
23
22
24
23
27
24
25
25
24
25
24
24
24
25
24
24
38
23
23
578
24
22
23
22
23
23
23
23
23
560
23
22
25
23
24
24
23
22
561
23
23
1144
25
26
25
25
25
25
25
25
25
28
40
24
24
24
24
24
27
24
25
25
25
38
22
23
24
23
22
23
23
22
24
22
23
22
23
23
23
23
22
23
23
23
23
23
25
23
23
23
23
22
24
24
1107
25
26
1155
26
26
25
25
26
1175
24
25
23
580
23
24
23
23
23
24
24
23
23
23
23
22
23
23
24
23
23
23
24
24
23
23
24
24
23
23
24
24
24
23
23
23
23
23
23
23
23
24
23
23
23
23
24
23
573
23
23
24
23
23
23
24
23
23
569
23
23
23
23
42
24
25
25
595
23
23
572
23
23
23
23
23
23
23
23
23
23
23
23
23
24
22
24
27
23
23
23
22
23
24
23
23
23
23
23
23
23
23
23
23
23
23
24
23
23
23
23
23
23
23
23
25
23
23
23
23
2274
24
23
23
23
24
577
24
24
23
24
23
585
24
26
24
578
23
23
24
24
23
23
24
24
23
23
24
23
23
23
23
24
24
24
24
23
24
23
24
24
23
23
25
24
24
24
24
23
24
24
24
23
24
23
23
24
23
24
43
25
1131
24
23
23
24
23
23
26
24
24
576
23
23
24
24
23
24
23
23
579
24
24
1123
26
45
27
26
26
27
26
26
25
28
27
25
55
24
23
623
23
24
23
23
24
23
1153
26
26
27
25
26
25
27
25
26
25
26
26
26
581
24
24
23
24
24
629
25
25
25
630
25
23
23
24
25
25
25
23
24
24
24
23
24
24
24
24
26
24
24
23
24
24
24
24
24
24
24
23
24
23
23
24
24
24
24
25
24
24
24
24
24
24
23
24
587
23
24
23
24
24
24
24
24
24
578
24
24
24
24
24
24
24
24
1154
1685
24
24
24
24
24
24
25
23
25
24
24
24
24
25
24
24
24
605
25
24
25
24
24
24
641
25
27
32
40
24
25
24
24
24
24
24
25
24
585
24
24
24
25
23
1131
27
27
26
638
26
26
27
27
24
24
24
24
24
25
24
25
25
24
24
24
24
24
24
24
24
24
24
24
24
24
25
24
24
24
24
44
27
26
26
26
26
26
26
26
25
26
39
24
1120
26
27
26
27
26
26
27
26
27
638
27
26
29
25
24
24
25
24
1123
661
24
25
24
25
24
24
25
24
24
24
25
24
25
24
25
25
25
599
25
25
24
24
24
24
598
24
24
25
24
24
24
25
25
24
24
24
24
24
593
24
24
24
24
24
600
24
26
24
649
24
25
24
24
24
25
24
25
25
25
24
25
24
25
25
24
25
24
25
25
25
25
24
25
25
27
25
24
24
24
25
24
25
24
25
24
25
25
24
24
25
25
25
25
2145
25
25
44
27
27
27
26
26
27
620
24
25
25
25
24
24
25
24
596
604
25
25
25
25
25
25
25
24
26
25
25
25
24
25
25
25
25
595
25
24
24
24
25
25
1168
25
25
25
25
24
24
25
24
27
24
24
25
24
598
25
25
25
25
25
596
24
25
1194
27
27
27
27
27
27
27
27
27
27
27
27
24
25
25
28
43
43
29
28
28
28
28
28
29
42
28
27
28
26
27
28
27
27
28
27
27
42
27
29
26
41
25
1138
24
24
26
25
25
25
25
25
25
25
25
604
25
25
25
25
25
25
25
25
607
653
25
25
25
26
25
25
25
24
25
25
25
25
25
25
25
24
25
602
25
25
25
25
25
25
605
25
26
28
24
25
24
25
24
26
26
26
25
25
604
25
25
25
25
25
2229
29
27
611
25
25
25
25
25
25
25
25
25
25
26
25
25
25
25
26
26
26
25
26
25
26
25
25
25
25
27
25
26
26
25
26
25
25
25
25
25
25
25
25
25
26
25
687
27
26
27
26
27
27
26
41
25
25
26
612
26
25
25
25
25
25
25
26
1135
613
26
25
25
26
25
26
25
25
26
25
25
26
26
26
28
25
25
636
27
28
27
28
27
26
1139
26
25
26
26
26
26
26
25
25
26
26
25
26
615
27
339
34
34
34
1213
27
27
636
25
26
25
25
26
26
26
26
26
25
26
26
25
25
25
25
26
29
26
26
25
26
25
25
25
26
26
26
26
26
26
26
26
26
26
26
25
25
25
25
26
26
26
618
26
28
25
26
25
26
26
25
26
26
26
614
25
26
25
25
26
26
25
26
709
645
26
25
26
26
25
25
26
26
28
25
26
26
25
25
25
26
25
616
25
26
2581
29
23
1134
25
26
25
25
610
25
25
24
24
25
24
25
25
25
25
24
24
1165
26
24
41
23
23
23
23
23
22
24
24
23
23
22
23
22
23
23
23
23
22
23
23
23
23
23
23
23
23
23
25
22
24
22
23
23
24
22
23
24
23
23
23
23
23
1072
23
23
24
24
23
23
23
23
23
23
25
23
23
599
24
23
23
24
23
23
23
24
23
23
23
23
23
24
23
23
23
24
24
23
23
24
24
1159
23
23
23
23
23
23
23
24
23
23
23
22
24
23
23
23
24
23
23
23
23
23
23
23
23
23
25
23
23
23
23
23
23
23
23
23
23
569
24
23
23
23
23
23
22
23
23
22
24
614
23
23
23
23
598
25
25
24
38
1134
25
26
25
25
25
26
25
25
25
25
26
25
25
25
25
26
25
25
25
25
23
23
23
23
22
23
23
23
23
23
24
23
24
24
23
24
39
24
25
24
25
25
24
24
25
25
24
25
28
25
25
25
25
586
23
24
24
24
23
24
23
23
23
23
23
24
24
682
23
24
23
23
1103
25
24
23
1680
27
27
26
26
26
26
26
25
26
26
26
26
25
26
25
25
25
26
28
26
26
25
26
25
26
26
25
26
26
54
24
23
24
1085
23
24
23
23
24
24
24
23
23
24
31
580
24
24
23
24
577
24
23
24
23
1123
41
39
24
24
24
24
23
23
24
24
24
23
23
26
24
24
23
24
24
24
24
24
24
24
23
23
24
24
24
24
23
24
24
23
24
24
23
24
23
23
24
25
25
24
24
24
23
24
24
24
24
24
23
1089
23
24
25
24
24
25
25
23
24
24
39
25
26
612
23
24
24
24
676
23
24
24
582
24
24
24
23
24
24
24
24
24
24
23
24
23
24
24
24
24
24
27
24
25
24
24
24
23
24
24
24
23
24
24
24
23
1095
24
24
23
24
24
23
25
25
24
24
26
601
27
27
27
26
626
24
24
24
23
579
24
23
24
23
24
24
24
24
25
24
24
24
23
25
25
24
26
24
24
24
24
24
24
24
24
24
25
24
24
25
24
24
24
24
24
24
24
24
23
24
24
23
24
24
25
24
24
24
24
24
24
24
24
1679
24
24
24
24
1152
27
26
26
27
26
29
25
24
24
24
24
24
24
1097
24
24
25
590
25
25
25
43
26
27
27
27
27
27
27
26
28
56
25
24
24
25
25
25
24
24
25
25
24
25
25
25
25
24
25
24
24
590
24
1130
25
28
25
24
25
24
24
25
24
25
25
25
25
24
599
24
24
24
24
1156
25
25
24
24
24
25
25
27
25
24
24
25
25
24
25
25
25
25
24
24
25
24
24
24
25
25
25
24
24
25
25
25
25
24
25
26
24
25
25
25
24
24
24
25
24
25
24
24
24
25
24
25
24
592
24
24
24
25
598
25
24
24
25
27
24
24
25
25
24
25
25
24
1154
25
24
25
597
26
25
25
24
25
24
25
24
25
25
24
24
27
25
25
25
25
25
24
24
25
25
24
24
24
24
25
25
25
24
25
24
24
597
25
620
27
26
26
27
47
41
26
27
26
26
26
26
26
26
615
24
24
24
1624
25
24
25
25
24
25
25
27
24
25
25
26
609
25
25
25
25
24
25
24
25
24
25
25
24
25
25
25
25
44
27
1151
25
26
25
25
25
25
24
25
598
25
25
25
25
25
26
25
25
25
25
25
26
25
599
26
25
25
1172
26
27
27
40
25
25
24
26
26
24
25
25
25
25
25
26
25
25
25
25
25
25
25
26
25
24
25
25
27
25
25
26
25
1116
26
605
25
25
25
25
25
25
25
26
25
26
26
25
25
26
606
25
25
28
658
25
25
25
26
25
25
25
25
25
25
25
25
611
26
25
26
25
25
25
26
25
25
25
26
25
25
27
25
26
25
1149
25
25
26
25
26
25
25
25
25
644
26
27
27
26
27
27
27
26
41
25
25
27
26
619
25
25
25
622
26
25
25
25
25
26
25
25
25
26
26
25
25
26
25
26
26
25
25
25
25
29
26
24
25
25
25
26
25
26
26
26
26
1688
25
633
25
26
25
25
25
25
25
28
26
25
25
26
26
25
612
25
25
1223
27
26
27
27
27
27
42
25
26
25
25
26
25
772
28
30
28
28
28
28
28
42
27
28
28
27
41
25
25
25
26
1172
29
28
28
28
28
27
28
28
27
649
26
25
26
27
25
25
25
25
26
26
25
25
25
1201
25
26
26
644
26
26
25
26
25
27
26
26
25
26
26
26
26
25
26
26
25
26
25
26
25
26
25
26
26
26
26
25
26
26
26
26
26
652
27
642
25
26
25
26
26
26
25
26
26
26
25
26
26
46
1695
4
4
4
4
4
5
4
4
3
4
3
4
4
737
23
23
22
23
23
23
22
22
1138
25
25
25
27
41
24
25
24
24
25
25
594
23
23
24
22
23
23
23
22
23
22
23
23
22
23
22
23
22
23
24
23
24
25
23
22
23
22
22
23
22
23
22
23
23
23
24
24
24
23
23
24
24
23
23
23
23
23
22
23
24
24
23
23
22
23
22
23
22
23
22
23
23
23
24
23
23
22
23
22
23
23
23
23
24
24
23
23
22
1677
604
23
23
23
23
22
23
23
23
23
23
23
23
22
23
22
24
23
22
23
22
23
25
24
22
23
23
22
23
23
23
1656
26
26
25
25
26
25
25
25
25
25
25
25
25
23
23
22
24
23
23
24
23
24
42
24
25
24
25
25
24
25
25
24
25
24
39
23
23
23
24
23
25
23
1085
24
24
24
24
24
572
23
23
23
23
23
23
23
24
23
23
23
569
24
23
24
23
24
27
24
23
23
23
23
661
27
27
28
27
27
28
27
42
24
23
23
24
23
23
23
24
24
23
23
23
23
28
23
24
23
24
23
23
23
23
23
23
23
23
23
23
23
23
23
23
23
24
23
23
24
23
612
600
24
24
25
24
23
24
23
24
23
23
24
22
24
24
24
24
23
23
23
23
23
23
23
23
23
24
1714
608
24
24
23
24
24
24
24
23
24
23
24
23
24
24
23
23
24
23
23
24
24
24
24
24
25
24
575
24
23
24
23
23
573
24
23
24
24
24
23
23
24
23
23
24
625
24
23
24
24
23
23
1647
25
26
27
26
26
26
26
25
26
26
26
26
42
25
26
25
25
25
26
25
25
25
25
27
25
39
24
24
23
24
23
24
24
24
24
23
23
25
24
24
23
24
23
23
24
24
23
24
23
24
23
1688
631
26
26
26
26
26
26
27
26
26
26
26
26
25
26
26
26
26
26
26
26
26
26
23
1539
26
25
25
604
24
24
24
24
24
24
23
24
25
23
24
24
25
23
24
24
24
24
27
24
24
24
23
24
24
25
586
25
25
24
24
24
584
24
24
23
25
25
24
24
24
24
24
24
585
25
25
24
24
24
25
639
24
23
24
24
24
24
23
24
24
24
24
23
25
24
24
24
24
24
24
24
25
24
24
26
24
24
24
24
24
24
23
25
24
24
24
24
24
24
24
23
24
24
24
24
24
24
1674
25
24
25
24
24
612
26
25
26
26
26
25
26
26
25
39
25
25
25
25
24
24
24
25
24
24
24
30
24
597
24
23
24
586
24
24
24
24
24
25
24
24
25
25
24
24
24
25
24
24
24
24
25
24
24
26
24
24
24
24
1107
1156
24
25
24
25
24
41
26
26
26
26
26
26
26
42
27
28
749
24
25
24
1641
27
27
27
27
47
27
28
27
27
26
27
27
27
27
28
55
27
25
25
25
24
24
25
25
24
25
24
25
25
25
25
25
25
25
25
25
24
25
24
25
24
25
25
24
24
1118
26
25
25
24
25
25
25
24
24
600
25
24
24
24
25
25
25
25
24
24
25
25
25
24
27
24
25
24
25
24
25
24
25
679
25
25
25
598
25
24
25
24
25
25
24
25
24
25
24
25
25
24
25
26
25
25
25
25
24
25
25
25
25
25
601
598
24
24
25
24
24
24
25
25
24
25
24
25
25
25
24
27
636
1727
28
27
27
27
26
27
27
27
27
27
27
27
27
27
27
27
27
27
27
27
25
26
24
26
25
24
25
25
25
26
25
25
25
24
25
26
25
25
25
24
25
24
25
25
25
24
25
25
602
24
25
25
26
26
26
25
26
25
676
26
25
24
25
25
25
25
25
25
24
25
25
25
25
25
25
25
27
25
25
24
26
26
1625
29
27
27
653
25
25
26
25
26
25
26
25
26
26
25
27
24
43
28
28
27
28
28
27
27
27
27
57
26
25
1691
660
28
27
27
27
28
27
28
25
25
26
25
26
25
26
25
25
1217
610
25
26
26
25
25
25
26
26
25
26
26
26
26
29
26
25
25
25
25
26
25
26
25
26
26
26
25
25
26
25
26
25
25
26
26
26
25
25
25
25
26
27
26
26
26
26
25
25
636
27
27
27
27
27
40
26
26
25
611
25
26
25
45
27
27
27
27
27
26
27
30
27
27
40
26
26
25
25
25
25
25
25
609
25
26
26
609
25
25
25
25
25
25
25
25
25
25
25
34
25
25
25
25
25
25
26
25
26
25
25
25
25
26
1658
633
26
26
26
25
25
26
30
26
25
25
26
25
25
42
28
27
661
645
25
26
26
26
26
25
26
26
26
25
25
26
26
25
26
26
27
26
26
26
25
26
25
26
25
26
26
25
26
26
26
25
26
26
26
25
44
27
27
27
27
28
28
28
30
62
46
32
1870
26
25
26
25
26
26
25
25
25
780
28
29
43
28
57
26
25
26
28
26
26
26
26
25
26
25
26
25
26
26
26
26
26
1860
25
25
26
24
23
23
23
23
23
23
22
23
23
23
23
23
560
22
23
22
23
24
24
23
23
22
23
23
22
23
23
24
23
23
23
22
22
23
23
23
23
22
22
23
22
23
23
23
23
24
1144
23
23
23
23
23
23
25
22
24
23
23
23
23
23
24
23
23
23
23
22
23
23
23
22
23
23
22
24
22
23
22
23
22
23
24
1091
26
25
25
26
25
24
25
26
25
25
25
24
26
24
611
25
25
25
26
25
25
26
25
26
23
23
22
23
23
23
23
24
22
23
22
40
25
42
26
26
26
26
26
26
26
26
1152
23
23
25
23
23
23
23
23
23
23
23
23
23
570
24
23
23
23
23
24
23
22
1090
23
23
23
23
27
24
23
24
23
23
24
1133
24
23
23
24
23
23
23
23
24
39
25
24
25
25
24
25
25
27
24
25
38
23
24
23
23
23
24
23
24
23
23
24
23
571
24
23
23
23
23
23
23
23
23
23
23
23
24
23
23
23
23
23
24
23
23
23
24
24
23
24
23
24
23
24
23
23
23
24
24
589
24
1644
25
23
23
23
23
23
23
23
24
23
24
23
23
24
24
23
23
23
23
23
24
24
23
24
25
24
24
23
24
24
23
23
23
24
24
24
23
23
23
23
24
24
24
1102
23
24
23
43
25
24
28
25
26
25
25
25
25
25
593
24
24
23
24
24
23
23
23
1091
24
24
24
23
24
23
24
25
24
24
23
576
23
24
24
24
24
23
24
24
24
24
24
24
23
24
24
24
23
24
23
24
24
23
23
24
25
24
23
24
24
1148
24
23
24
24
23
24
23
23
24
23
24
24
24
25
24
24
24
23
24
26
24
24
23
24
23
24
23
24
24
24
23
24
24
24
23
24
23
24
24
1095
24
590
24
25
26
24
23
24
24
23
24
24
24
24
42
25
26
26
25
25
26
25
26
25
26
26
39
24
24
23
24
23
24
25
24
24
24
24
24
25
25
23
24
23
1135
24
24
23
25
1132
24
24
24
25
24
27
23
24
24
23
24
24
24
24
24
24
24
24
24
642
40
24
24
25
24
24
24
24
24
24
24
613
25
25
25
24
24
25
23
24
24
24
25
24
24
24
24
24
40
25
26
26
26
26
25
25
25
26
25
26
39
1279
26
735
29
30
29
30
29
29
29
43
71
25
26
26
26
26
26
25
25
26
1263
27
678
25
26
26
25
26
26
26
26
26
26
26
26
27
25
26
41
26
27
26
26
27
27
27
26
27
27
27
28
27
26
40
26
26
41
27
26
26
27
26
27
27
26
1455
26
27
26
27
676
27
27
26
27
26
29
27
40
26
25
41
27
26
28
26
27
26
27
28
1381
30
31
31
32
32
46
57
40
25
25
27
613
25
25
24
25
24
25
25
25
24
24
24
25
24
24
24
24
24
25
25
24
25
25
25
25
25
24
24
26
24
1174
25
611
25
25
25
25
24
25
25
24
25
25
24
48
32
31
31
31
32
31
1180
25
601
24
25
642
25
25
25
24
24
25
25
25
24
25
25
24
25
25
25
25
25
25
25
25
603
29
25
25
44
707
26
25
25
25
25
25
25
25
25
24
25
24
25
25
25
24
25
25
25
624
25
24
25
1137
25
24
24
25
25
24
25
25
24
25
25
25
24
25
25
24
25
25
24
25
25
25
25
25
25
31
24
24
25
24
24
1295
27
27
27
27
27
27
27
653
27
27
27
27
27
27
27
27
27
26
26
25
25
25
24
25
26
25
1115
25
730
25
25
603
25
25
25
25
26
25
25
25
25
25
25
25
28
25
25
25
25
1139
25
26
26
25
25
25
25
605
25
25
26
26
25
25
25
25
25
25
25
27
25
25
25
25
25
44
32
1277
28
27
28
658
28
27
28
28
27
27
28
27
27
27
28
27
30
25
25
25
25
25
25
25
25
26
25
25
25
25
25
26
25
26
1196
31
32
32
33
32
74
25
27
609
25
26
25
26
25
26
26
25
25
25
25
25
26
25
26
25
25
25
608
25
605
25
25
608
26
25
28
25
26
25
25
25
26
25
25
26
25
25
26
26
26
1087
46
25
1166
25
26
26
26
25
26
29
25
26
26
25
25
26
25
25
26
26
25
26
25
25
25
26
25
1161
30
30
30
678
26
25
26
28
26
25
26
26
25
26
25
26
25
26
26
25
25
25
26
26
25
26
26
25
26
26
26
25
25
25
1126
26
26
25
26
26
26
26
25
618
25
26
25
25
26
25
26
26
26
26
26
25
45
30
31
30
31
32
1216
28
668
28
28
671
28
28
28
28
28
27
27
28
28
28
28
28
29
28
28
1282
26
26
26
25
626
26
26
26
26
25
26
26
25
25
26
27
26
25
26
26
26
26
26
25
26
26
25
28
1214
29
29
28
28
674
48
30
30
31
31
31
30
30
30
73
26
26
26
26
25
26
25
26
43
30
27
28
27
28
28
27
28
28
42
26
626
26
26
27
25
26
26
25
26
622
25
26
25
26
26
25
26
28
26
26
26
26
26
26
26
26
26
26
621
26
1599
4
5
4
5
4
4
5
4
6
4
731
24
23
23
24
23
23
23
22
23
23
23
22
23
22
23
22
23
23
23
24
23
22
23
22
23
22
23
23
23
23
22
24
23
22
24
24
22
23
24
23
24
22
23
22
23
23
23
25
23
22
24
24
24
22
23
23
22
564
43
27
27
1167
23
23
23
23
23
23
22
23
23
23
22
23
26
23
23
23
569
23
23
22
23
