17
137
30
19
69
17
34
157
84
38
18
25
18
191
47
42
26
24
25
135
23
186
31
17
26
98
103
16
19
38
22
24
28
22
45
22
32
22
34
84
40
81
42
25
39
116
145
136
156
37
22
24
43
25
71
51
103
22
101
84
38
116
193
21
22
50
89
19
22
35
124
40
119
117
24
133
32
135
25
13
18
33
32
18
27
207
173
138
184
32
36
31
173
35
16
133
151
94
16
21
143
176
40
25
128
113
34
19
217
81
26
14
28
94
17
226
98
143
171
30
36
92
83
34
125
163
17
25
142
24
16
159
133
22
47
100
30
108
18
38
71
29
27
38
230
169
96
28
16
30
14
97
39
104
138
33
33
158
30
35
53
42
24
29
25
152
122
113
23
22
32
32
130
34
27
83
123
22
135
158
31
20
41
68
29
116
85
135
29
48
16
175
47
23
15
26
162
32
27
121
141
31
16
222
125
138
29
123
33
35
26
17
40
23
29
23
132
118
20
117
14
13
22
105
36
39
56
138
116
61
217
17
24
21
18
503
115
256
114
17
31
74
111
129
25
26
21
185
197
22
88
24
123
32
136
102
25
24
21
24
25
200
23
132
17
26
22
155
25
124
124
34
24
65
19
21
79
26
22
41
132
18
32
21
55
48
181
22
15
112
31
37
62
29
116
164
23
33
94
88
25
30
29
101
130
22
126
100
33
117
22
32
140
19
35
28
80
32
18
16
38
39
119
161
120
32
186
95
31
16
29
23
36
31
16
65
195
183
16
187
52
133
76
124
133
123
16
107
18
45
212
14
62
40
36
42
15
231
138
153
21
145
17
34
135
33
22
21
87
46
140
152
40
22
33
143
216
26
161
61
32
26
163
163
16
152
128
15
97
178
130
101
18
130
28
25
111
22
158
182
32
44
17
134
25
85
21
99
22
38
35
168
124
27
19
126
156
164
146
26
37
165
24
29
138
19
143
27
16
159
195
31
31
24
23
25
144
34
16
100
50
146
34
46
219
168
17
99
25
31
24
21
37
169
43
100
136
35
41
195
142
137
23
86
44
75
17
34
21
71
20
19
38
180
24
33
31
202
67
43
211
89
26
193
25
143
102
35
49
31
169
89
37
198
101
108
124
25
142
196
124
33
22
30
17
20
90
122
102
132
34
50
34
27
186
50
69
46
21
179
149
21
110
25
219
56
147
73
136
142
157
21
16
127
74
22
42
123
48
133
104
22
41
216
119
94
138
17
19
36
18
15
38
44
38
61
13
49
167
107
23
20
86
25
30
173
39
16
42
21
27
26
18
37
25
28
46
113
152
145
150
161
140
25
160
122
101
17
86
160
21
105
28
32
23
101
72
34
23
27
25
116
26
47
83
19
20
25
130
122
167
30
124
55
29
136
17
163
30
32
34
68
24
105
38
120
34
216
160
15
164
59
36
18
122
16
91
121
34
23
141
79
87
23
23
32
25
185
22
24
13
140
28
118
55
132
154
179
216
138
34
24
122
11
67
34
22
185
23
78
19
143
36
35
36
18
28
17
16
152
39
188
98
25
30
178
35
161
31
32
30
81
107
58
141
208
189
46
147
20
48
52
161
22
24
22
36
44
90
36
19
16
26
21
33
142
179
31
157
18
20
179
17
195
15
36
22
96
30
89
179
137
203
22
19
16
34
30
94
20
201
72
27
80
24
36
140
36
141
31
15
131
32
162
120
37
124
22
165
31
37
34
100
22
33
82
15
13
34
15
52
77
21
58
19
154
30
17
21
92
30
30
92
19
29
158
148
27
82
15
211
16
128
219
101
42
22
180
86
157
135
33
26
32
155
18
126
198
122
97
213
17
22
158
141
27
130
124
38
82
30
22
27
22
16
47
192
38
16
10
95
125
126
178
148
30
137
16
26
39
63
31
24
190
193
23
158
121
161
145
39
56
23
17
24
18
11
80
111
22
27
224
184
97
15
170
17
65
168
73
107
40
28
51
18
31
28
152
26
240
53
27
25
128
144
16
25
41
30
143
109
180
33
93
175
24
23
47
51
36
36
29
29
199
121
184
88
15
120
41
50
133
19
21
116
39
32
23
21
154
217
44
170
125
142
24
109
24
110
67
19
81
17
221
224
41
22
72
34
30
153
116
36
126
23
24
130
48
120
39
173
25
154
34
37
23
32
15
115
27
29
118
178
120
211
126
52
32
27
169
24
27
28
26
50
26
15
23
18
173
118
33
20
48
21
37
41
250
27
32
76
70
87
35
57
34
13
23
31
59
19
26
78
135
39
16
151
18
190
26
23
21
184
173
110
17
34
22
27
39
21
18
28
52
155
30
165
25
19
33
42
35
66
240
31
184
120
23
35
20
135
171
20
142
13
33
30
57
14
39
18
16
27
38
162
32
73
85
168
60
198
20
50
72
38
28
173
16
23
165
20
42
31
105
124
171
112
132
50
198
31
42
163
17
32
22
15
54
137
123
33
28
39
141
24
189
58
19
32
45
34
161
36
44
184
149
138
143
128
32
26
18
222
133
17
30
104
83
20
125
13
20
35
171
123
167
141
24
150
124
83
150
18
30
26
133
150
27
211
31
120
140
37
130
20
42
28
21
106
24
140
96
26
89
200
163
135
48
98
26
158
24
178
133
116
16
84
40
168
23
33
16
18
13
61
192
37
30
28
92
131
98
27
37
114
142
207
147
132
22
103
36
49
77
32
33
39
28
35
175
62
25
19
147
17
30
114
201
31
126
109
43
123
50
16
24
32
17
21
47
24
18
22
109
196
25
20
140
23
120
81
22
22
170
101
20
19
128
36
33
27
22
27
15
116
134
132
22
102
28
46
260
137
22
42
26
133
29
179
50
100
37
23
36
42
15
222
129
93
29
108
23
157
19
24
51
42
184
50
23
146
154
124
25
87
19
48
69
25
36
50
30
169
53
23
121
36
52
25
23
21
32
17
61
28
23
91
45
113
71
105
144
139
92
115
19
105
24
36
35
154
45
170
29
20
19
44
19
15
29
128
22
24
18
42
19
103
32
22
138
61
25
21
151
109
101
21
33
104
22
27
101
17
123
34
194
50
31
30
75
25
25
145
10
33
18
16
16
69
184
86
23
29
72
134
185
134
48
23
28
47
88
176
141
45
52
34
17
25
172
39
35
25
22
28
134
38
75
121
117
151
106
40
35
29
14
44
63
169
36
43
28
31
23
28
16
173
41
124
115
40
42
21
197
179
20
33
27
161
183
159
30
23
36
32
15
161
19
112
173
15
38
23
29
27
25
136
22
16
148
78
233
26
120
94
118
35
43
53
167
140
147
109
16
16
43
38
114
22
93
117
23
109
33
25
23
36
38
40
16
27
98
123
226
107
24
111
111
111
135
31
167
25
196
104
99
16
135
83
134
21
175
26
25
11
23
57
21
105
86
19
218
123
143
17
19
41
216
133
46
61
201
19
54
81
27
37
164
20
160
23
175
115
100
112
213
13
98
20
14
154
16
36
17
28
70
34
37
75
192
23
177
173
24
154
153
33
30
32
29
129
78
168
81
102
27
24
29
13
16
17
27
21
88
22
30
24
31
19
15
123
153
16
16
51
13
28
25
27
27
13
14
43
131
108
118
162
121
26
20
144
23
123
21
31
166
39
37
161
19
104
148
156
95
15
18
131
174
37
31
16
34
93
16
24
15
199
17
17
23
19
21
155
109
110
14
15
13
130
177
130
147
145
27
138
170
126
20
24
129
102
94
42
129
12
109
28
137
21
32
29
15
11
48
26
199
24
12
17
17
66
12
23
31
20
166
19
94
214
129
17
138
13
138
24
90
111
19
65
137
199
19
94
114
19
28
16
28
168
110
99
129
98
139
12
20
18
17
118
22
23
17
15
16
17
27
119
32
127
21
126
44
22
86
17
118
23
25
35
138
13
139
19
201
20
14
166
59
109
31
33
34
13
21
132
32
17
181
122
74
51
41
16
28
40
18
101
23
37
135
146
43
17
147
14
31
202
70
132
32
84
83
35
21
133
172
21
54
22
134
51
33
126
16
127
24
165
12
11
125
93
17
21
26
124
21
100
18
17
86
29
20
18
115
105
19
23
94
185
26
16
144
17
142
167
22
174
136
118
123
27
82
22
126
22
13
14
35
25
33
64
23
85
20
29
16
27
178
175
193
30
13
92
87
27
13
65
18
13
153
153
93
47
129
19
19
16
70
170
28
65
80
83
32
16
152
122
150
26
13
200
125
13
124
173
18
15
96
188
19
23
20
27
146
35
30
23
94
113
25
198
171
156
104
134
35
28
94
167
17
73
19
18
19
25
12
32
12
17
15
122
23
18
135
131
20
30
14
93
93
214
13
23
153
137
39
148
157
194
16
380
131
177
18
18
14
19
17
118
26
121
202
170
18
137
125
19
33
28
149
30
136
39
105
18
126
145
17
19
154
28
26
128
28
16
34
158
28
16
29
231
13
111
178
38
34
88
138
24
27
130
20
131
14
29
33
180
199
193
25
123
128
24
158
38
13
11
27
89
109
115
31
13
162
27
18
21
63
127
165
27
22
72
15
107
17
216
154
13
18
42
222
122
40
21
112
16
119
113
113
13
22
143
17
168
109
18
14
20
69
133
35
108
12
156
119
93
32
61
225
169
21
22
17
63
35
166
154
19
186
18
35
116
128
138
13
36
128
207
19
21
95
28
116
15
131
147
30
123
22
18
176
22
30
17
119
136
15
28
112
132
34
12
36
13
28
26
144
144
90
155
110
109
24
14
89
34
252
82
113
131
119
41
15
251
33
152
31
23
35
102
78
30
38
12
21
44
99
81
126
102
18
26
18
127
184
26
42
21
15
21
121
18
21
29
28
26
13
81
162
87
127
15
128
183
159
25
87
21
31
100
106
26
71
135
114
14
154
14
16
31
83
19
78
114
35
31
155
115
55
134
18
24
153
16
15
18
111
14
139
27
21
21
21
12
23
128
232
12
139
97
22
16
28
225
144
15
17
85
198
21
117
24
26
29
15
23
146
145
124
173
98
50
77
15
127
193
18
56
36
28
118
20
27
91
173
20
30
19
116
21
15
27
117
19
201
19
161
32
26
193
176
27
31
77
27
20
23
127
17
138
22
27
82
13
132
30
74
136
201
35
30
34
103
25
20
13
142
17
18
136
33
39
23
165
13
13
149
13
86
21
36
13
22
30
84
13
166
19
128
36
16
200
33
191
125
119
30
73
63
16
16
14
20
24
171
155
32
20
20
19
128
40
22
29
13
24
15
24
85
37
48
32
145
105
15
19
125
140
13
22
153
15
16
186
130
132
27
21
17
21
14
160
33
17
17
31
144
164
18
27
27
102
12
16
129
191
18
223
24
128
20
119
22
30
221
33
18
177
12
13
28
21
15
117
108
85
153
26
131
30
207
15
148
41
28
140
124
106
13
21
24
25
26
34
23
183
30
83
28
18
93
136
14
14
51
31
168
19
147
23
16
33
127
18
180
21
33
117
146
34
118
98
115
14
112
17
21
26
119
34
49
120
23
115
29
126
44
17
158
100
133
122
150
69
15
15
111
16
13
130
28
41
28
18
165
14
232
121
188
143
17
21
18
17
18
28
27
24
112
31
13
36
12
139
12
17
192
30
38
80
16
129
24
20
92
15
30
105
21
15
27
94
28
177
29
150
139
120
55
22
100
18
17
20
120
158
26
16
22
27
164
22
141
13
18
194
128
122
19
25
17
17
28
13
102
36
21
145
113
24
88
151
15
13
22
116
12
154
70
18
20
27
13
110
13
34
97
76
45
121
182
18
125
28
17
200
14
127
46
132
30
12
30
15
12
144
115
123
159
123
20
18
39
81
30
102
29
21
24
13
65
101
63
56
122
15
194
19
103
19
13
17
128
135
19
183
80
16
17
23
13
69
14
129
188
38
22
21
79
20
127
194
106
153
96
68
19
27
17
25
13
240
113
176
28
169
246
30
14
24
167
166
22
132
70
128
103
26
20
116
86
65
21
32
157
28
146
23
139
137
34
81
15
141
85
145
149
19
14
108
142
31
116
151
84
23
166
130
130
12
41
119
30
33
166
15
15
15
184
120
27
20
30
23
146
14
136
227
13
19
123
132
110
22
21
19
159
15
23
118
17
155
105
199
32
23
47
17
115
19
26
23
12
32
149
22
20
18
16
29
132
25
13
138
13
22
22
119
32
19
13
117
161
34
14
34
150
25
20
28
82
22
115
35
131
19
32
28
134
160
13
108
133
127
101
35
125
30
84
35
32
174
110
33
35
24
19
17
140
26
21
188
22
136
21
16
196
80
17
26
123
38
131
156
103
19
108
148
13
19
121
16
34
108
18
22
16
16
17
121
183
104
29
14
28
110
100
28
18
18
14
165
22
166
33
14
15
19
15
89
182
12
94
133
141
111
14
86
24
12
13
47
243
18
223
90
157
30
111
24
40
29
12
131
131
187
28
91
149
32
24
92
14
15
107
37
19
98
125
18
17
119
33
147
21
11
42
45
145
148
111
21
31
80
17
42
47
14
22
24
22
27
97
13
27
145
13
126
119
125
122
30
22
30
29
21
96
60
13
86
20
17
16
162
96
14
189
165
130
46
87
15
176
30
19
41
124
110
111
13
147
29
18
15
17
18
131
14
12
106
94
147
193
21
77
19
27
95
51
34
22
167
21
92
146
187
24
16
135
14
18
17
171
16
27
30
174
168
28
33
18
81
28
16
119
144
70
79
124
127
99
70
19
27
92
121
20
36
186
35
93
23
23
19
30
23
169
153
22
26
145
97
170
129
27
17
41
151
26
229
259
54
24
12
27
35
14
11
34
20
19
24
83
204
50
25
164
23
24
28
22
99
30
180
13
35
18
15
40
114
230
12
13
10
17
15
172
18
17
45
187
26
16
188
26
81
22
16
130
112
21
121
16
22
187
21
31
114
17
49
218
109
24
39
23
31
90
24
33
61
17
36
53
126
28
14
110
18
16
18
94
22
177
98
19
48
33
11
118
180
26
36
29
19
135
23
22
166
123
31
72
12
22
133
34
172
148
14
141
136
20
149
14
13
13
15
15
21
154
15
20
18
26
99
16
23
15
13
114
20
28
19
15
27
17
184
38
24
33
11
144
21
23
26
26
138
29
189
106
134
201
28
39
190
195
14
22
34
131
170
39
17
21
36
17
15
145
37
13
13
32
17
13
200
28
90
185
126
52
31
17
17
77
15
21
231
15
47
140
100
14
42
18
37
72
19
78
14
17
172
17
123
128
169
18
13
17
22
16
31
80
80
22
147
76
27
110
31
137
17
124
92
126
159
27
152
43
31
30
107
38
23
146
33
26
39
91
30
120
15
114
19
32
23
157
17
126
31
158
18
131
99
108
133
32
20
15
18
147
20
87
20
57
13
51
14
30
90
140
111
149
191
18
38
165
18
217
112
13
17
20
12
30
17
114
41
117
187
176
177
19
21
29
150
154
27
23
36
22
96
32
31
14
24
120
13
126
27
19
83
22
13
110
106
137
19
31
120
132
47
32
16
138
17
22
22
95
27
109
17
78
105
25
195
30
167
104
14
137
15
24
140
16
157
23
28
30
195
22
84
14
182
180
15
23
109
106
26
15
100
90
35
26
71
91
136
13
28
101
105
214
34
13
14
100
20
15
20
128
147
33
20
21
134
104
21
21
23
18
77
18
73
152
30
85
13
35
137
19
22
17
120
35
32
14
28
27
35
29
20
197
13
170
159
47
23
32
13
22
31
95
32
18
18
143
13
15
21
17
100
157
24
34
31
13
18
103
12
20
19
114
138
15
19
21
30
178
193
34
92
188
224
14
38
174
21
95
85
159
124
175
27
62
135
118
35
99
82
129
16
118
121
13
193
149
17
103
77
184
139
24
27
41
12
154
60
38
17
185
108
17
198
20
180
27
239
27
30
28
122
213
49
108
32
23
84
89
27
192
179
29
134
129
23
28
23
20
30
12
24
24
13
145
127
124
110
133
120
180
14
100
23
16
31
17
117
20
126
170
18
143
187
28
25
221
12
46
18
16
29
16
21
13
29
17
60
92
82
135
13
16
123
20
144
16
13
26
153
13
241
230
120
20
19
19
196
131
129
43
188
121
26
16
17
159
119
117
130
123
72
145
22
23
16
19
69
167
130
79
16
13
124
32
75
70
24
141
34
99
13
15
145
15
28
28
103
23
32
62
51
19
135
13
27
145
13
21
186
16
139
132
189
117
190
146
25
20
21
29
219
20
18
16
30
19
99
15
21
21
116
91
162
140
31
31
142
13
21
125
15
92
13
39
13
174
16
28
13
29
224
141
29
15
14
18
12
17
30
17
15
23
26
133
18
124
120
86
13
16
20
16
25
12
95
109
67
38
26
13
24
22
17
12
184
440
19
175
119
191
154
18
20
108
16
14
29
106
105
154
144
152
17
92
155
61
28
143
13
14
68
22
13
69
122
148
67
14
143
13
47
25
45
16
12
16
29
77
203
30
18
85
153
24
34
12
31
132
161
30
16
144
87
194
32
25
136
14
19
182
25
85
164
16
135
32
50
30
19
28
22
84
92
102
22
216
139
22
22
21
148
13
166
108
200
36
30
12
71
22
139
19
20
182
22
151
29
112
98
34
12
18
23
31
125
15
15
33
28
36
23
27
12
30
12
117
20
32
141
36
16
13
32
18
14
29
31
19
133
114
122
16
130
139
16
19
15
177
16
132
34
85
26
22
144
36
12
10
237
30
190
192
176
39
29
165
31
129
16
118
15
146
16
19
18
18
121
21
30
32
80
14
105
118
28
112
14
67
115
126
148
21
15
14
24
89
30
190
18
68
29
78
23
96
21
121
134
133
118
146
29
14
179
177
17
22
163
13
18
231
25
163
108
46
181
28
17
23
60
106
90
15
21
114
119
28
253
26
87
113
137
22
99
115
15
16
32
22
83
19
17
31
25
29
121
41
171
18
30
14
28
20
45
15
111
173
200
201
82
11
30
51
123
30
13
104
235
103
31
44
67
31
19
18
133
17
95
15
23
113
29
161
159
15
13
15
169
17
17
15
14
100
178
132
69
13
145
22
125
23
17
173
30
16
221
13
129
139
14
118
107
17
160
30
140
147
143
73
83
35
154
30
27
75
19
101
127
221
147
41
28
22
126
132
80
133
15
32
18
71
92
128
31
64
120
16
30
20
15
24
16
35
163
182
35
106
18
17
13
109
92
34
22
79
165
123
100
94
14
16
169
18
24
110
142
21
19
21
157
23
25
31
15
17
18
16
132
20
122
19
82
27
18
16
91
176
182
166
23
104
41
126
17
15
121
20
21
38
43
116
142
23
52
39
26
13
13
17
12
32
164
22
132
18
197
128
116
135
21
28
13
20
66
44
145
126
20
16
90
23
148
108
68
22
131
20
86
24
182
52
130
97
30
106
25
123
16
199
27
28
68
23
13
12
209
201
12
38
159
19
17
59
190
28
22
156
140
15
110
151
15
19
183
13
248
29
138
205
18
44
30
99
62
16
19
13
109
184
15
20
137
144
125
23
27
152
17
19
22
17
108
174
14
20
78
182
138
233
116
13
74
18
135
111
15
93
87
19
31
200
206
13
28
19
12
35
20
100
34
20
16
142
18
121
14
16
18
12
126
151
141
83
24
16
36
16
30
142
28
145
28
14
167
44
35
19
120
13
152
21
48
30
14
34
27
16
148
225
133
33
17
146
173
156
34
26
111
23
163
110
27
133
137
147
214
22
144
26
133
99
24
148
48
23
31
116
43
15
89
146
152
13
14
19
16
12
18
25
110
118
93
12
113
154
112
17
111
24
32
29
84
18
27
150
179
116
31
25
27
18
16
20
162
135
137
18
21
184
83
116
27
109
19
13
26
58
101
229
31
103
32
16
97
14
200
17
22
174
124
83
32
173
19
131
117
21
133
14
37
119
16
27
112
23
43
204
112
16
19
11
23
14
17
18
17
162
100
118
193
25
149
21
194
49
112
121
28
149
160
28
97
132
155
82
129
15
153
152
41
114
13
130
170
95
188
13
17
154
27
13
29
39
111
60
33
36
22
111
165
164
160
130
159
102
18
81
151
193
142
120
15
182
145
87
153
189
186
102
22
141
167
12
146
104
98
183
31
20
15
29
41
13
98
119
16
26
32
144
19
37
16
122
129
128
18
130
20
44
19
202
83
21
20
30
25
29
20
26
11
155
14
125
14
15
23
100
35
23
135
143
24
17
19
66
96
29
21
103
115
16
152
21
182
157
25
93
251
18
21
83
201
28
190
27
159
44
29
14
118
140
21
65
93
144
18
111
163
85
122
35
103
24
33
28
12
37
13
18
81
109
128
79
111
143
33
186
30
40
22
29
65
15
16
103
72
31
36
15
17
119
18
129
96
20
179
28
98
23
129
62
18
20
18
81
89
178
18
39
90
35
132
28
27
225
151
34
173
31
109
20
20
84
27
27
128
18
76
17
200
74
144
36
128
81
16
112
22
24
116
18
114
175
33
122
60
18
22
37
196
47
70
23
35
14
93
137
117
123
28
32
121
30
196
185
117
147
84
171
28
34
90
21
12
129
23
119
29
29
42
19
19
15
23
21
115
99
18
20
31
101
16
32
145
117
113
18
17
18
22
29
29
15
86
41
17
23
115
13
148
21
227
23
17
125
32
151
24
121
111
26
103
16
34
26
179
27
20
86
100
27
159
76
13
36
212
33
96
20
13
27
119
191
132
28
12
13
17
26
132
29
28
33
27
112
40
45
27
166
13
117
105
112
14
16
143
27
32
99
20
18
20
188
85
149
18
32
141
19
126
21
13
76
90
17
15
21
42
13
157
153
129
83
13
47
40
32
17
217
105
26
125
132
22
152
134
142
32
28
78
135
19
17
29
15
13
197
13
30
116
152
100
15
22
14
13
43
28
123
118
129
12
190
13
121
20
191
27
35
37
114
150
112
114
16
85
167
59
23
142
17
16
110
32
147
14
29
37
146
21
188
127
106
19
115
119
120
127
14
83
14
13
17
28
141
172
25
29
130
27
20
17
14
23
88
138
17
112
15
122
24
13
156
134
177
150
189
30
12
155
14
197
113
184
63
22
162
88
122
20
91
29
179
28
99
125
15
125
37
22
125
27
36
179
26
199
186
30
20
219
243
150
59
31
141
139
14
47
30
30
14
32
130
94
85
86
147
42
29
64
147
14
116
62
20
179
50
15
14
24
18
17
132
191
124
16
34
16
26
15
116
37
88
40
124
120
123
113
171
34
25
17
208
107
21
17
168
28
28
15
147
29
90
123
169
89
23
24
30
175
116
34
29
115
22
13
126
140
20
91
18
48
222
22
30
210
166
169
35
117
136
21
144
127
77
21
13
33
242
18
23
21
48
133
13
25
30
100
105
30
96
22
22
113
143
135
17
170
20
14
28
118
94
170
173
15
20
19
17
171
133
207
18
163
13
34
12
123
136
13
13
22
18
20
35
27
120
209
105
48
30
22
122
34
166
13
19
118
119
175
28
16
155
32
133
125
29
21
158
58
74
178
17
33
137
34
30
39
146
14
13
136
36
28
62
29
81
105
106
13
18
25
207
29
87
15
105
31
108
87
23
103
112
40
13
192
43
138
120
28
123
187
29
122
24
164
141
13
28
16
121
124
173
139
15
25
120
101
151
117
27
13
27
97
17
77
20
89
159
12
16
28
113
27
159
114
18
152
39
12
12
20
26
88
21
16
127
168
25
30
85
12
133
166
120
117
18
19
17
88
168
141
19
159
21
113
93
20
26
12
102
130
121
17
79
25
151
17
104
157
14
174
184
216
21
51
116
22
40
20
87
33
162
19
34
31
35
27
100
16
32
183
30
23
159
27
35
113
75
28
21
29
20
128
130
25
144
24
23
22
12
20
156
214
121
218
36
57
11
108
173
31
163
23
155
35
170
13
53
154
42
28
31
19
128
31
122
35
14
17
18
124
110
17
31
17
27
22
105
150
173
168
118
124
86
71
24
17
33
147
37
37
123
31
110
127
32
20
109
87
116
134
28
156
13
36
22
13
99
130
111
23
38
33
121
131
198
174
22
103
18
28
30
195
116
19
23
22
12
118
130
155
30
136
35
124
39
14
110
16
21
34
26
30
95
165
72
96
19
25
18
15
37
121
20
119
22
16
163
13
14
158
32
162
124
29
38
137
32
468
141
131
31
24
13
36
32
22
14
164
175
158
208
18
116
28
31
145
27
41
29
35
92
13
132
18
77
37
138
125
115
20
17
23
17
110
19
37
190
71
79
108
16
22
14
112
42
127
15
25
19
12
155
20
13
99
94
105
14
29
90
37
28
21
131
189
44
79
93
18
30
98
136
29
162
23
34
171
106
17
144
112
34
13
13
107
27
100
183
37
108
175
189
100
99
34
140
117
184
21
24
14
34
31
39
100
87
151
27
114
87
25
109
15
20
23
16
120
19
18
31
23
34
18
98
20
154
50
85
28
91
107
38
22
44
21
18
24
179
142
98
13
110
29
25
16
16
202
16
38
12
31
120
22
16
38
26
21
102
29
161
146
12
22
166
13
32
34
13
35
14
17
22
13
198
125
155
15
54
14
31
136
37
24
128
117
22
15
183
24
14
240
18
140
22
27
100
123
15
21
17
24
133
14
187
19
25
13
22
117
28
24
13
128
16
17
55
181
13
39
156
24
24
26
17
12
19
201
131
16
175
48
121
171
20
19
115
201
31
97
17
122
28
127
27
100
209
122
201
158
113
183
18
141
190
29
17
130
27
36
137
145
17
13
151
20
142
16
143
126
21
111
18
15
64
28
19
121
164
147
146
55
22
21
121
56
13
29
94
180
16
46
17
14
14
94
22
174
13
204
23
31
16
18
39
15
149
71
25
17
156
144
17
203
91
21
20
138
103
18
23
107
136
104
193
115
14
20
14
46
136
136
127
168
16
24
13
153
173
17
15
16
30
19
13
15
98
55
16
53
193
14
83
124
121
22
29
139
18
42
97
17
135
145
140
127
83
119
74
19
123
117
30
84
25
21
13
180
19
19
17
80
144
125
29
113
17
31
24
138
130
15
12
21
115
29
27
92
13
91
23
169
171
13
32
62
23
126
201
29
157
131
104
33
33
37
30
26
187
36
15
99
101
13
14
136
148
18
17
100
30
30
21
14
13
32
75
12
144
31
103
26
16
47
111
32
141
23
34
34
20
36
121
17
151
18
194
131
14
82
12
46
12
111
20
21
17
136
14
110
149
17
113
204
124
28
133
28
109
156
128
13
153
13
31
146
187
13
46
91
73
101
65
40
21
27
12
101
37
186
111
91
142
122
95
145
143
16
36
14
18
18
135
54
16
182
33
21
83
86
150
190
27
117
15
144
34
136
23
14
17
21
11
22
35
31
18
131
130
17
17
145
24
30
21
26
14
30
50
18
25
14
20
45
167
102
106
159
127
22
111
42
81
21
180
95
100
25
195
110
19
27
17
13
89
109
21
84
13
80
29
16
201
32
47
121
18
20
18
166
20
127
17
102
205
23
43
34
30
12
158
107
79
223
20
149
105
15
206
129
15
114
50
13
51
54
32
22
136
96
75
28
209
19
16
28
93
23
103
16
23
24
34
111
89
18
15
149
23
123
107
101
13
32
102
16
21
13
15
19
30
19
13
27
31
34
19
185
25
15
147
30
161
22
19
211
90
17
23
128
27
16
86
20
176
132
133
116
158
93
22
122
14
168
24
13
102
34
29
13
33
33
35
39
26
18
16
126
120
18
128
20
18
15
131
23
29
16
106
26
114
21
16
28
15
21
12
140
134
173
17
30
15
10
34
25
30
33
171
40
16
139
40
74
111
70
118
139
19
123
15
99
18
120
75
34
13
14
18
208
135
154
204
119
123
14
47
22
14
22
161
18
21
12
20
23
42
13
214
86
21
81
17
23
174
27
87
21
149
35
24
79
178
28
27
123
135
142
28
22
87
20
22
15
244
138
125
19
16
208
22
108
78
137
156
20
16
169
139
177
89
88
20
102
139
20
13
131
123
38
17
143
21
28
96
17
128
13
18
104
18
69
34
209
130
132
28
69
141
30
75
33
142
19
23
32
34
150
132
12
176
13
14
82
31
234
142
28
36
15
66
176
16
12
111
216
112
15
15
139
44
12
134
183
17
15
94
124
15
31
22
72
13
153
15
93
112
108
18
124
29
162
18
17
149
130
179
130
37
183
22
15
179
164
35
112
30
18
28
27
24
13
78
30
98
123
18
88
19
24
17
21
20
22
17
21
116
76
27
121
20
23
35
64
23
139
17
30
16
29
19
118
22
165
15
95
80
30
13
16
32
41
127
146
117
36
15
137
117
34
160
213
30
17
21
33
167
36
25
40
21
75
27
105
106
29
14
169
107
29
143
15
162
157
27
201
34
27
12
32
13
141
106
13
33
19
15
37
144
23
28
23
21
147
17
35
110
18
153
12
189
136
24
23
13
18
20
27
53
14
14
37
122
16
36
30
161
19
138
97
17
16
194
143
26
29
22
119
31
15
93
19
230
25
178
18
16
13
142
108
50
121
191
179
18
14
21
167
16
129
19
134
119
106
125
152
22
28
17
151
126
127
188
148
20
109
24
31
86
18
190
31
96
29
131
25
133
92
28
23
19
190
27
163
13
114
13
166
19
16
108
17
15
28
22
18
24
52
20
18
37
84
17
17
160
37
165
145
18
25
15
27
14
27
13
206
18
159
182
129
42
146
75
121
127
28
17
19
127
14
29
80
159
18
80
13
133
19
13
37
70
19
176
14
86
129
106
37
18
180
13
135
194
49
50
139
91
26
20
126
38
118
22
101
187
28
33
14
16
173
32
133
107
14
16
100
137
73
106
14
17
88
127
70
12
154
195
133
142
19
28
56
22
141
29
33
102
132
140
92
17
22
118
30
18
85
31
16
23
123
84
19
124
127
70
21
141
117
20
113
21
16
92
179
21
19
29
189
28
167
25
28
28
27
112
24
119
151
29
15
173
15
28
21
168
130
122
13
30
140
216
158
82
15
27
177
113
66
25
22
106
27
16
17
245
13
16
13
15
127
13
15
168
192
23
15
189
171
150
132
27
135
54
125
29
37
35
12
20
191
15
130
180
134
17
15
19
19
194
21
93
194
26
71
105
15
138
92
96
127
31
27
111
160
20
163
133
16
90
40
148
212
34
26
135
31
31
214
19
25
31
129
35
126
55
46
110
20
13
180
151
119
13
18
133
105
18
31
28
104
26
126
15
22
23
105
17
130
15
43
58
154
49
12
21
94
18
181
13
181
147
30
140
126
34
35
17
159
22
29
14
38
55
151
41
179
14
42
17
13
149
120
36
91
16
161
28
157
12
175
31
29
18
20
115
88
28
22
29
18
98
89
12
19
18
24
16
152
95
43
144
88
23
122
101
87
39
113
180
159
109
102
164
14
41
23
18
17
21
15
27
39
27
16
15
28
123
183
28
13
224
18
90
13
152
41
23
137
68
121
34
128
28
104
29
13
165
17
119
27
33
14
97
66
92
28
141
26
170
159
124
15
17
75
20
22
19
131
32
26
163
25
32
118
25
12
217
33
177
29
14
153
17
21
20
15
18
34
38
12
122
86
165
15
202
97
141
20
19
83
64
72
13
156
21
26
183
28
23
148
90
12
133
153
139
29
18
21
157
109
29
20
153
112
151
14
32
119
140
25
194
158
34
145
86
27
176
34
153
28
16
18
12
15
14
133
16
16
32
202
34
32
13
23
101
18
32
226
19
130
130
16
23
162
28
129
184
160
13
22
143
138
111
18
30
27
20
19
187
126
13
121
16
159
206
36
22
156
16
16
138
23
23
28
161
133
183
25
14
115
34
28
28
155
21
25
14
155
40
212
16
16
167
194
29
14
112
13
108
139
109
16
19
23
16
117
199
146
76
167
161
30
29
27
14
17
31
94
23
107
33
45
156
129
86
120
123
101
108
41
27
22
15
26
13
22
17
25
98
131
176
28
20
133
28
113
22
32
13
113
15
16
93
156
36
218
131
173
150
88
25
20
110
183
80
159
12
134
166
31
17
153
11
20
165
119
171
148
23
31
83
88
123
142
79
390
21
25
41
130
47
157
77
178
16
109
33
135
153
175
111
16
16
25
212
36
33
29
12
24
16
244
17
129
32
30
116
96
13
117
31
27
131
18
129
33
30
120
33
25
124
23
163
28
19
62
26
18
16
18
16
134
100
31
21
174
16
120
87
20
112
16
20
24
19
30
49
20
18
30
208
137
25
66
94
14
169
29
15
18
26
157
13
30
15
42
162
87
87
22
18
147
31
110
179
23
12
111
19
31
88
18
41
31
21
26
177
161
61
141
19
24
17
142
138
16
25
115
27
133
27
100
224
199
16
109
16
14
122
18
12
145
97
22
148
137
143
17
15
173
24
57
17
12
30
170
17
43
31
141
27
118
17
38
25
19
132
76
20
124
132
16
163
26
140
153
14
88
31
42
120
121
24
21
129
15
21
88
172
19
16
16
20
77
123
179
14
100
23
17
197
127
36
218
17
132
136
60
26
33
61
160
38
16
127
144
25
145
14
151
87
35
119
106
12
20
17
15
153
157
28
30
19
19
119
136
17
109
145
14
233
24
210
21
26
25
155
125
85
34
12
20
23
65
26
84
22
101
22
29
45
35
127
33
15
28
195
130
235
155
135
140
18
28
143
15
13
120
136
38
144
17
21
15
21
14
13
25
153
19
98
128
43
16
50
121
24
139
110
34
32
82
13
209
25
15
213
14
13
19
41
15
13
20
32
27
16
18
99
160
14
140
22
30
109
29
17
66
125
43
173
18
13
176
127
29
29
154
105
20
144
19
90
166
36
27
19
17
36
18
28
30
47
16
220
174
210
127
25
20
32
28
28
128
22
12
28
30
27
14
198
115
18
23
125
145
57
17
80
105
150
125
30
16
18
22
16
177
18
162
18
61
145
30
29
103
131
64
27
33
142
160
112
153
81
134
28
16
12
32
38
22
18
115
24
31
83
155
18
41
188
27
16
140
14
29
130
18
15
123
187
132
110
27
99
137
31
11
28
95
14
231
36
78
107
17
18
30
112
16
35
19
124
33
149
13
142
22
20
17
14
141
14
22
70
112
150
145
17
134
80
23
30
16
107
108
169
106
23
27
29
15
28
22
105
18
34
28
34
26
31
167
13
19
22
14
23
13
15
21
32
28
129
13
53
22
18
14
45
20
194
33
16
151
48
101
144
12
22
30
12
147
150
15
28
22
135
213
14
121
129
20
16
116
37
18
170
179
16
20
15
110
19
111
117
148
168
133
216
84
33
17
29
16
154
15
86
16
17
44
148
69
154
23
128
194
16
21
96
156
13
30
73
13
138
23
22
23
96
137
19
35
23
138
176
28
21
36
106
16
30
16
137
119
185
13
101
163
162
17
46
15
28
47
179
36
47
142
28
125
126
14
21
18
187
118
75
27
202
132
125
14
176
91
120
12
183
29
30
14
128
31
157
22
162
136
126
19
25
110
188
48
81
165
106
127
107
98
23
173
18
14
137
21
115
116
111
88
44
14
210
135
228
125
75
116
96
148
13
29
115
14
35
32
16
139
124
155
27
103
132
101
22
75
133
26
18
14
111
48
12
13
22
22
28
180
133
28
131
23
21
22
18
22
91
30
102
131
22
93
16
87
21
173
29
130
24
21
114
15
15
97
14
194
100
21
158
131
121
23
196
139
17
21
27
32
20
91
25
115
158
29
21
157
15
15
16
32
115
24
17
19
15
101
135
16
28
16
19
17
186
26
16
39
17
97
13
93
181
15
10
13
115
116
103
17
18
82
26
132
13
83
17
15
20
112
204
168
221
27
14
126
14
17
29
103
18
19
104
26
156
23
16
16
22
26
215
36
19
16
45
143
92
14
21
91
21
15
159
30
21
29
32
135
19
30
93
187
15
27
22
34
139
75
77
17
16
24
32
26
32
17
138
30
38
32
17
119
96
23
124
26
131
17
91
40
21
19
22
136
199
14
61
14
32
91
220
96
49
74
112
22
13
13
184
20
146
28
121
27
39
28
15
107
109
27
99
79
13
30
114
87
134
29
23
118
18
13
105
15
20
27
15
13
31
98
107
14
142
13
31
22
25
34
20
83
15
18
173
15
17
30
20
13
14
109
18
15
37
62
14
32
36
117
27
12
59
13
112
30
28
171
216
155
235
144
129
29
88
19
15
21
32
20
20
17
193
26
13
201
126
26
120
26
22
21
18
21
115
151
106
30
19
21
30
114
140
23
17
100
75
18
13
150
14
19
27
193
14
19
20
138
28
144
124
39
26
49
132
24
110
100
32
98
13
212
127
133
87
134
13
181
15
47
25
121
25
28
52
21
83
19
202
143
64
18
150
133
235
17
28
19
102
16
143
17
29
119
25
193
30
18
26
158
160
139
104
126
12
177
193
75
13
147
137
97
29
22
211
28
16
22
17
22
12
88
23
182
18
44
63
105
30
22
32
218
16
14
61
175
28
30
14
19
182
13
104
13
43
19
22
13
76
130
168
136
120
28
19
125
92
19
169
195
15
36
122
14
21
119
16
28
182
110
108
162
125
20
12
15
12
13
23
184
19
28
44
113
164
51
14
22
20
12
49
156
102
22
13
145
93
113
16
171
116
31
180
43
15
202
149
96
14
14
19
200
142
28
18
38
161
18
38
29
78
106
23
205
22
114
114
166
152
126
19
14
30
176
141
12
16
131
21
167
100
192
13
46
170
18
21
188
22
16
128
148
80
99
35
210
29
23
17
40
133
85
151
18
30
18
105
196
132
148
127
16
39
21
34
140
27
21
15
19
25
27
118
185
28
13
27
41
15
12
13
18
86
28
18
27
17
107
112
14
13
31
29
137
150
40
27
31
13
139
146
22
103
15
29
29
13
127
118
118
25
17
20
20
33
14
175
21
32
31
25
133
149
30
156
136
135
16
218
91
150
40
29
23
24
25
109
168
18
32
13
52
43
29
129
15
108
138
18
24
113
18
96
14
19
12
189
21
28
34
136
39
16
22
17
115
140
40
194
110
151
22
15
14
32
18
25
20
22
102
31
114
22
75
23
28
125
125
33
114
90
19
201
33
175
164
15
39
120
14
98
16
27
25
23
65
27
92
148
21
20
33
18
89
106
213
28
128
57
28
24
109
14
41
61
28
26
20
15
27
31
13
113
109
13
118
91
118
67
112
27
95
29
132
17
20
139
43
81
125
40
19
93
42
213
27
16
15
158
180
161
19
132
34
76
149
21
28
193
22
97
18
13
145
29
19
116
161
156
145
42
96
17
110
45
45
13
17
17
150
31
131
29
160
148
13
18
17
22
119
20
50
29
82
15
14
85
112
31
33
111
13
19
14
125
190
21
131
110
97
127
27
20
72
131
131
21
13
26
81
15
115
102
128
28
18
116
30
13
117
181
13
15
125
31
69
21
172
110
21
13
23
22
12
147
19
106
110
23
21
15
184
13
19
115
130
155
18
13
173
20
144
72
118
27
22
13
17
22
19
29
21
41
13
30
97
112
40
13
93
19
13
209
163
38
25
30
23
26
16
25
16
151
173
15
144
22
14
168
27
24
96
109
28
159
30
13
123
13
27
20
27
153
13
123
116
108
139
137
33
189
144
125
123
21
138
30
165
50
16
20
138
29
25
13
137
19
53
122
129
28
44
21
29
139
155
25
23
198
104
81
16
187
14
23
145
17
28
176
16
14
80
23
68
29
21
130
16
20
11
82
39
16
25
190
226
189
23
91
26
143
76
24
106
149
18
134
79
11
31
153
46
26
10
19
22
17
30
25
14
24
115
30
125
148
18
142
25
27
95
18
15
21
110
19
144
26
158
102
18
33
138
140
24
102
183
27
81
112
31
30
156
12
119
17
17
15
55
30
35
31
43
84
20
20
32
203
18
114
12
15
14
17
109
125
169
112
117
202
15
36
72
23
18
52
12
160
13
15
16
30
131
15
131
24
19
121
136
13
25
169
15
19
20
107
23
154
32
17
14
160
16
28
27
93
110
13
19
180
82
26
16
195
112
16
19
16
82
19
20
30
130
18
20
15
76
15
132
95
14
152
171
37
79
131
22
22
116
59
18
126
19
20
14
26
16
151
111
46
69
14
112
102
17
90
22
147
331
18
15
162
57
35
20
14
16
123
29
16
21
18
123
122
22
12
24
135
18
29
38
15
26
28
137
17
33
37
21
12
111
33
12
22
33
72
49
144
24
93
100
186
16
18
18
25
17
120
16
26
45
90
22
16
19
14
20
15
128
18
15
14
104
18
96
21
31
171
164
34
17
197
13
21
176
242
169
137
134
178
17
130
36
22
34
118
26
18
22
14
11
102
79
22
60
29
123
53
121
13
20
142
22
14
154
16
27
48
136
22
159
22
20
89
28
53
124
41
16
96
18
111
14
149
22
93
23
21
121
23
145
18
18
20
177
28
157
16
73
40
140
127
23
87
126
14
26
75
18
147
42
139
128
42
174
135
12
27
13
21
102
12
120
32
25
29
16
17
27
194
130
16
123
18
146
222
23
123
108
30
20
29
13
13
16
99
141
26
21
146
19
14
13
17
146
13
69
90
93
150
15
22
143
16
17
89
24
18
24
23
34
22
26
28
110
142
14
40
20
193
116
25
173
31
95
111
18
88
15
16
28
71
26
118
115
125
23
28
25
83
252
212
20
14
118
19
17
112
81
166
16
107
19
138
177
18
14
113
29
20
33
149
28
124
15
23
72
20
16
201
18
15
99
14
22
133
34
75
20
30
34
25
123
34
32
215
14
29
19
13
40
17
25
29
95
174
204
122
152
20
86
61
29
23
106
29
79
106
18
154
28
117
20
28
109
17
18
121
33
45
74
101
20
23
19
14
19
29
146
35
16
51
134
21
171
111
24
70
90
127
126
23
86
18
111
17
132
169
23
125
26
119
166
107
126
15
200
180
24
29
18
132
188
143
204
15
93
95
107
25
28
108
38
16
145
21
21
56
12
32
105
222
34
157
21
100
20
151
17
18
22
18
161
24
91
30
18
16
13
28
62
96
145
107
111
18
28
32
41
33
31
21
124
87
148
37
140
17
123
80
13
37
174
120
28
104
111
120
220
37
40
27
28
130
24
172
126
18
33
32
21
16
27
171
23
25
37
100
156
30
107
18
97
27
96
16
50
41
36
29
17
140
14
28
136
43
28
117
167
98
150
17
143
23
19
25
127
28
140
23
13
18
14
62
114
97
119
35
86
172
24
110
164
30
76
90
16
28
116
119
78
182
114
129
29
19
15
114
66
16
70
14
156
187
21
22
14
153
78
14
135
84
154
15
193
18
35
41
120
16
190
18
120
23
147
130
246
34
13
20
197
177
14
18
220
18
115
125
21
164
92
27
17
93
67
146
17
48
30
12
95
23
131
146
25
23
140
246
127
195
13
18
126
16
128
148
132
84
30
21
20
18
16
117
112
112
150
13
31
36
214
225
124
89
147
17
119
168
145
15
24
17
152
14
193
142
87
22
15
40
14
124
131
179
118
19
188
173
13
156
38
116
18
15
186
18
129
19
22
140
110
14
32
92
141
46
75
222
153
17
14
133
130
114
15
22
100
31
127
16
23
169
149
25
22
84
25
16
16
69
138
72
141
19
28
159
28
14
27
166
184
110
16
17
123
16
25
87
21
16
15
83
100
23
142
53
18
139
175
18
29
14
31
19
27
82
160
37
65
99
137
17
32
115
14
118
17
18
103
16
12
16
104
17
17
26
20
112
38
31
28
28
206
24
154
18
20
196
161
31
15
140
20
14
16
43
73
23
37
158
18
31
140
31
159
192
18
119
136
126
24
97
153
142
31
137
127
22
202
23
16
30
151
130
18
32
204
17
114
208
129
18
120
16
120
14
26
47
147
16
46
21
22
13
21
148
149
17
13
142
160
17
25
33
37
18
15
13
16
26
114
20
28
70
20
121
22
23
19
15
36
194
181
35
95
26
215
17
495
64
66
235
458
44
39
137
507
145
177
98
75
210
90
50
73
329
201
43
31
247
49
26
121
181
35
39
46
51
35
204
380
27
166
158
127
209
420
70
36
76
128
174
623
225
150
327
211
471
105
151
37
44
441
270
56
28
169
438
182
321
191
416
54
523
56
39
393
39
151
166
365
44
23
29
45
180
113
221
165
27
32
22
21
48
32
174
152
37
64
64
275
32
116
14
147
60
95
36
44
43
222
35
244
418
390
265
98
33
260
98
233
39
16
274
39
31
203
23
35
63
57
228
21
175
41
65
108
174
46
65
34
270
54
65
97
219
225
252
35
237
54
24
123
117
23
557
135
30
84
27
268
156
30
16
462
38
43
90
63
23
39
85
21
22
232
28
244
442
167
632
263
88
33
146
187
229
412
54
94
96
214
155
39
294
30
424
57
41
188
133
111
433
136
161
131
58
26
56
39
240
219
40
18
104
383
27
74
301
394
255
237
26
286
46
405
141
219
24
34
35
153
101
68
240
276
409
70
85
60
38
62
418
21
366
157
303
147
64
288
500
39
198
107
67
33
96
129
252
31
23
231
14
106
225
48
68
45
35
46
32
266
106
41
31
167
459
196
14
204
29
37
24
155
49
293
159
154
425
26
84
22
28
145
26
157
368
46
130
156
303
176
310
212
131
26
23
89
133
234
230
191
70
480
123
132
25
317
55
48
16
32
15
208
202
221
41
316
533
51
45
112
46
298
146
29
78
150
252
67
362
180
312
133
34
84
380
40
31
99
216
98
92
237
109
504
141
41
153
166
22
60
14
307
51
176
82
325
23
144
399
52
27
17
72
254
13
70
42
236
40
200
65
32
19
45
16
59
29
374
233
36
42
123
20
121
185
26
31
182
66
139
148
37
135
194
29
33
226
43
219
489
264
71
139
489
171
202
19
162
104
82
284
60
388
197
356
442
212
286
344
361
100
445
103
67
95
20
208
199
28
37
22
116
161
23
48
69
184
73
63
85
164
23
28
38
164
422
275
70
189
575
49
377
38
135
113
331
415
153
68
81
230
254
110
67
160
26
84
161
88
250
47
186
17
218
456
438
166
54
147
129
387
367
19
121
199
29
69
26
21
112
24
40
42
48
145
18
33
42
19
41
70
178
171
265
25
37
365
132
37
177
438
298
30
513
54
550
142
33
159
149
106
230
426
150
138
159
512
58
112
296
172
130
442
39
47
87
374
28
141
285
157
271
194
20
445
93
333
78
146
153
300
499
38
218
37
43
216
35
154
198
162
277
43
195
403
63
22
37
107
196
428
100
95
24
263
45
61
35
40
244
204
21
162
260
78
35
515
145
188
193
142
32
256
58
27
140
203
271
44
24
49
255
386
399
38
177
31
378
325
15
424
135
37
115
220
397
200
315
465
136
23
38
36
41
95
233
53
14
388
138
42
116
324
39
41
34
183
42
268
28
19
181
293
256
23
456
13
28
198
19
24
82
169
169
34
32
317
201
17
45
255
89
160
143
28
155
13
209
447
116
55
29
207
700
124
95
80
138
123
104
80
71
75
33
58
79
158
158
239
108
135
53
228
27
62
139
46
62
48
342
199
17
25
424
101
221
37
16
63
17
208
42
149
87
210
27
120
408
47
33
31
64
85
16
81
535
96
46
409
280
180
42
122
129
21
225
139
139
222
31
68
63
159
72
65
343
344
32
41
618
422
19
92
99
572
42
30
156
74
16
67
20
39
24
281
99
99
34
18
48
26
247
324
87
409
260
59
23
231
36
106
428
30
117
240
136
27
23
42
21
172
173
29
29
13
60
58
160
227
293
429
16
247
31
68
279
228
95
104
76
108
27
192
23
139
211
27
25
29
81
493
395
156
223
19
240
27
76
140
315
107
452
44
47
56
579
101
464
14
131
20
224
42
292
43
33
36
33
162
183
433
274
28
66
43
32
38
94
21
65
34
185
19
113
56
131
66
25
24
41
279
71
347
43
49
13
44
62
14
350
129
31
395
133
55
157
110
132
237
115
64
225
307
184
29
65
47
197
218
186
139
54
40
215
48
406
350
147
232
150
22
231
152
113
51
148
266
131
58
235
40
74
112
65
51
108
358
202
71
142
221
322
230
498
81
34
24
61
25
299
20
135
439
387
140
200
370
319
55
56
23
34
59
128
58
187
416
90
460
487
82
89
32
12
162
38
334
120
227
68
56
78
34
65
69
151
243
432
70
16
170
323
134
13
25
92
449
163
229
185
27
26
166
374
30
152
59
218
189
287
25
74
430
59
118
214
33
60
39
77
160
436
170
55
176
188
111
93
28
105
21
31
250
353
79
59
102
51
181
87
16
48
165
22
50
177
109
26
109
244
28
135
81
124
31
279
138
113
33
22
139
356
31
48
431
88
42
133
270
34
36
443
426
175
103
222
54
19
108
463
353
48
389
184
33
33
148
135
34
69
36
131
102
21
66
150
26
80
71
190
75
45
53
27
382
143
227
216
192
22
48
122
248
116
17
46
407
493
153
273
71
36
39
178
17
43
24
43
145
64
474
254
30
202
36
232
25
89
254
425
78
501
47
37
34
148
65
152
127
663
85
97
50
64
29
83
486
425
490
170
102
470
235
478
27
20
23
18
42
26
88
370
96
256
36
151
310
161
204
346
255
43
106
360
68
114
28
27
78
147
189
178
29
38
27
38
118
31
25
22
138
226
29
475
82
81
21
50
36
35
37
155
377
40
148
68
75
109
36
360
187
125
21
28
138
36
253
160
133
82
56
493
184
185
95
235
118
209
57
125
228
28
96
120
78
673
67
35
123
39
21
24
163
34
50
244
117
121
38
72
169
44
139
37
130
267
74
58
16
347
110
109
43
173
219
28
202
232
20
74
59
30
127
75
94
325
296
288
16
49
395
367
111
355
54
230
186
218
19
194
82
167
46
23
532
179
135
25
175
71
54
509
725
69
59
207
71
31
158
231
434
64
94
110
217
503
23
107
25
19
27
115
109
222
300
267
178
41
57
244
59
75
25
160
339
274
51
37
147
118
98
231
35
24
172
492
96
117
458
126
34
43
39
31
171
107
76
208
32
270
19
71
42
15
37
112
126
59
168
246
34
529
47
171
125
136
151
212
17
137
53
27
28
198
217
26
36
678
160
422
228
27
68
11
88
226
92
20
166
38
232
13
24
17
494
169
35
143
307
93
278
239
77
153
14
24
33
109
206
110
174
69
97
267
42
280
147
110
24
30
174
66
35
136
31
39
437
226
213
146
44
71
33
22
141
61
162
156
62
202
133
31
357
231
107
15
28
25
110
38
22
92
41
62
74
36
470
260
48
142
122
30
44
332
104
164
53
23
211
136
202
154
24
323
151
70
85
187
31
23
215
35
29
426
95
80
91
96
112
44
29
52
51
32
28
138
220
29
27
425
41
222
21
39
65
465
481
21
70
208
138
164
416
62
338
81
474
26
112
269
63
263
24
49
364
39
267
146
25
36
363
268
94
157
52
88
561
207
257
109
33
71
25
160
327
79
36
31
22
214
314
20
408
302
32
29
43
52
302
48
101
29
90
99
27
56
40
53
24
128
44
37
74
131
115
61
34
126
588
322
69
328
34
40
35
26
26
39
83
17
219
18
39
41
150
250
23
56
31
147
437
26
70
76
21
176
346
17
100
113
331
359
39
90
157
83
278
30
48
208
143
126
52
88
27
288
500
65
111
343
100
33
31
310
26
222
111
522
35
95
163
164
183
171
72
34
123
149
143
197
29
156
121
81
470
45
254
496
169
415
24
51
499
503
46
79
28
372
28
284
48
37
137
87
40
180
441
28
24
68
139
218
141
180
39
79
156
83
426
423
28
68
534
82
62
315
67
80
153
176
67
334
169
26
133
38
68
36
62
151
107
219
83
50
41
410
26
158
56
48
40
168
235
360
42
40
30
113
20
97
161
26
228
170
202
19
164
100
95
120
92
76
19
96
25
51
445
21
39
176
44
78
271
179
59
203
51
231
348
204
66
62
261
228
77
42
475
71
33
27
37
284
48
121
197
138
41
192
38
180
78
86
212
143
35
137
48
119
47
41
73
67
143
70
207
398
32
27
236
36
18
104
38
172
393
30
29
35
89
445
100
232
383
31
298
42
125
143
318
219
485
145
25
205
28
36
67
139
395
140
59
253
266
55
182
80
29
26
33
17
17
30
327
375
56
37
106
173
35
256
34
24
194
139
104
164
277
34
395
167
33
220
96
478
98
43
468
21
75
56
25
132
81
220
30
59
74
17
46
196
61
297
43
144
33
178
27
215
103
46
162
18
142
81
197
49
153
150
154
48
247
423
41
35
132
98
60
266
64
39
32
414
185
41
167
41
551
73
411
39
202
261
371
27
66
624
105
47
120
137
91
17
410
331
76
35
224
55
29
211
289
295
206
369
133
50
235
272
299
65
16
208
110
192
297
36
291
29
93
56
77
37
19
42
31
23
326
148
229
95
92
30
34
51
14
19
45
174
159
420
73
205
223
318
178
49
16
30
555
52
199
46
99
134
420
135
85
404
391
178
26
202
242
47
39
129
28
240
298
272
59
28
90
396
97
15
174
134
522
134
96
117
379
120
312
151
34
267
46
185
30
310
53
35
50
244
267
20
42
496
164
464
30
162
228
454
53
47
58
116
49
111
213
22
243
28
31
100
151
272
69
20
291
23
18
97
318
92
459
31
295
398
484
190
213
88
20
240
194
187
278
369
112
138
20
85
335
28
23
42
96
48
21
101
161
72
778
61
34
25
216
85
34
318
41
204
435
198
56
21
530
148
65
178
72
55
27
365
169
33
45
204
26
27
47
274
171
126
175
389
182
55
43
99
25
526
75
189
56
474
115
226
167
38
490
84
122
141
130
46
317
28
55
406
51
49
513
158
90
70
60
39
20
51
487
552
37
145
43
86
39
319
269
216
146
390
119
90
118
204
107
250
212
50
29
22
148
57
16
75
73
305
323
168
675
76
31
141
31
41
55
515
20
206
41
99
27
205
35
200
31
148
236
37
182
23
163
318
52
34
45
13
215
221
59
215
27
26
56
13
282
26
96
220
24
24
382
182
103
172
45
446
40
178
26
17
80
62
388
19
290
15
55
139
338
184
111
39
222
26
49
137
469
450
16
72
34
27
37
104
109
477
202
43
262
33
517
90
114
475
196
94
26
90
521
163
88
73
39
37
107
359
476
191
56
195
48
27
58
16
32
154
181
38
196
241
16
103
125
40
46
27
65
22
230
70
33
21
225
234
277
50
153
35
122
70
29
56
46
103
58
127
25
156
263
22
18
114
132
94
33
78
46
219
298
435
61
45
185
136
110
50
45
18
214
208
25
16
36
39
73
152
15
64
150
196
409
192
84
94
22
23
239
129
49
220
438
167
288
115
252
348
231
402
137
102
306
56
111
340
26
208
34
439
119
470
370
41
265
477
16
413
394
79
49
117
33
160
510
192
106
53
98
188
103
51
167
136
260
59
417
30
227
23
34
30
410
129
31
35
106
418
281
107
229
148
36
80
44
31
256
49
76
118
64
159
59
143
39
238
24
20
262
159
70
39
142
124
35
43
191
27
245
20
153
35
363
181
28
253
181
210
276
522
29
123
108
34
85
95
23
315
120
53
135
130
226
494
42
16
45
93
198
470
151
29
40
22
213
27
25
29
75
58
149
53
28
353
81
55
148
34
298
253
252
101
70
90
183
374
230
31
34
297
209
25
17
312
196
21
40
394
142
94
31
217
226
15
206
74
107
99
163
52
44
30
117
82
92
126
15
167
21
102
248
20
47
177
118
41
47
24
112
279
30
363
25
436
237
26
46
171
36
183
189
318
47
386
314
530
84
20
30
21
25
135
418
161
155
38
19
629
22
124
97
34
384
487
44
28
286
33
420
33
208
34
48
20
48
388
229
42
213
393
35
138
109
197
397
410
24
85
293
26
77
274
47
17
42
44
61
41
36
131
456
39
37
35
27
250
46
168
132
35
127
222
22
121
206
582
180
63
26
135
137
216
67
25
132
272
121
184
31
64
13
58
394
135
168
85
21
78
218
66
396
18
105
48
170
206
134
428
50
83
307
156
229
462
463
145
41
356
26
141
17
93
162
41
20
22
53
160
51
178
37
88
464
282
19
64
16
21
65
38
157
361
576
28
563
364
36
503
24
88
258
221
178
31
238
67
88
97
206
26
99
32
55
137
134
15
368
146
261
29
324
82
99
364
383
27
82
144
35
116
140
25
65
135
202
136
134
116
173
287
151
39
181
63
557
156
108
110
24
44
75
205
235
213
114
104
22
243
180
40
416
30
403
46
19
199
274
68
210
68
84
56
60
212
39
525
477
69
18
97
157
281
19
162
42
33
175
236
25
52
310
50
337
69
17
49
26
305
55
172
199
205
184
189
43
51
43
17
20
208
454
426
255
74
165
328
62
143
34
18
27
212
42
339
216
25
38
339
125
521
191
247
60
17
57
172
92
56
78
82
15
21
22
249
131
16
80
115
51
162
24
29
235
96
141
156
88
89
216
54
48
16
76
48
13
91
21
177
297
162
393
59
50
371
145
16
132
121
30
31
29
47
24
218
29
34
63
40
25
57
31
18
29
196
34
85
19
39
382
27
33
162
250
101
287
36
32
178
53
30
146
185
127
351
139
38
25
24
118
18
139
156
385
82
20
193
30
395
331
169
130
229
24
27
172
39
169
68
25
41
26
221
191
90
311
85
469
26
215
221
27
59
167
89
429
186
39
393
178
92
237
225
161
345
24
136
110
446
28
89
167
235
25
150
156
54
409
135
38
38
124
484
94
40
59
32
187
134
181
88
146
91
35
255
180
498
89
284
89
85
48
552
73
271
109
71
74
40
21
686
244
23
35
40
26
77
34
150
75
131
116
184
49
18
171
97
58
34
131
109
408
29
261
217
182
317
20
393
77
41
281
38
22
302
156
35
40
276
138
149
60
181
250
216
310
181
47
30
32
140
24
131
127
76
433
128
129
479
176
328
32
23
18
240
165
224
135
35
71
37
33
18
15
226
176
195
224
241
233
77
91
280
51
47
58
35
232
31
316
110
113
73
80
65
465
49
31
136
176
30
47
21
72
241
176
38
55
108
27
156
52
160
35
58
56
92
37
423
237
437
279
297
292
133
37
45
127
39
295
61
46
89
26
40
200
497
121
173
18
77
72
14
42
127
156
21
103
67
181
52
98
53
30
30
99
34
54
129
34
25
229
22
157
44
228
27
89
207
80
312
43
223
19
207
428
453
136
28
274
405
176
253
250
120
143
20
78
30
209
256
251
67
32
40
102
165
58
31
112
25
39
26
189
474
20
99
295
36
97
38
22
90
192
369
48
23
160
442
459
73
175
23
23
81
31
42
368
48
47
19
248
112
274
68
320
26
34
484
33
33
21
79
73
37
64
91
296
642
181
23
41
157
180
235
58
126
153
262
33
590
145
70
494
27
25
109
22
15
356
260
36
144
495
44
96
191
184
236
310
21
19
109
105
55
50
36
343
197
56
175
31
81
81
15
393
48
26
147
219
97
375
273
107
149
28
78
160
60
53
28
57
539
210
253
256
325
14
211
89
209
158
203
25
115
22
365
75
52
12
192
81
191
18
50
170
210
48
172
463
327
49
257
147
148
165
17
201
165
24
27
188
304
491
359
20
281
42
237
461
182
39
119
27
154
392
19
423
54
95
349
18
348
75
22
98
170
20
39
163
311
161
25
22
194
152
38
39
318
49
66
184
138
21
95
48
462
67
63
292
17
193
203
178
51
135
23
54
172
22
88
135
88
239
15
22
19
40
321
164
41
97
168
23
458
30
17
136
155
32
92
137
24
136
405
189
34
57
42
159
101
227
36
18
88
451
31
62
220
29
36
26
204
40
149
54
361
289
210
128
29
176
146
85
338
152
132
172
51
23
115
164
58
332
12
408
33
99
33
71
30
370
179
16
417
378
381
140
439
67
225
42
51
58
145
54
173
74
78
44
148
132
185
230
264
288
34
186
365
355
166
248
162
381
25
25
18
100
50
114
145
68
41
48
133
264
25
70
406
259
78
590
22
241
96
44
119
99
264
126
54
53
444
52
275
28
109
44
47
205
98
18
24
419
59
79
88
39
139
48
33
74
129
23
15
149
62
158
464
25
91
224
190
195
261
64
325
181
291
317
98
119
463
193
217
146
155
89
25
219
98
175
78
29
30
125
86
140
29
102
165
287
68
310
190
59
116
187
63
22
48
129
34
208
167
59
79
20
161
134
102
197
106
136
180
47
92
552
27
255
122
361
42
143
21
510
175
40
169
427
447
42
73
21
90
169
163
23
50
62
50
367
314
490
175
509
212
137
147
239
161
224
98
32
95
86
215
75
49
90
31
97
218
136
249
185
196
53
509
137
240
188
37
29
46
240
62
59
91
174
180
95
96
33
16
100
41
45
230
58
35
289
46
531
82
23
159
317
39
31
83
15
106
41
224
23
30
32
196
335
55
561
69
97
58
167
129
51
36
257
22
55
37
155
186
29
176
34
341
72
161
118
205
443
422
171
151
50
15
96
205
113
129
378
324
30
126
88
219
29
87
26
58
81
77
131
83
133
139
130
206
41
160
202
232
18
152
319
172
60
13
24
90
100
75
127
185
113
26
389
79
177
77
107
57
38
243
24
112
115
73
476
23
229
20
75
269
49
280
20
58
41
148
110
239
139
30
100
79
83
280
41
50
88
14
80
17
164
41
157
337
581
36
30
92
41
139
140
162
87
28
103
29
69
46
144
23
28
335
30
336
212
31
36
240
138
57
154
66
141
62
246
25
196
38
118
40
281
205
16
79
97
159
202
45
200
50
60
108
116
35
32
733
181
56
69
209
276
173
489
32
116
29
95
169
235
29
175
37
265
49
27
489
449
203
43
106
283
583
26
228
311
28
78
198
25
472
169
146
494
79
205
35
60
130
189
112
513
287
63
431
79
231
81
38
61
305
31
79
28
102
152
56
475
121
31
88
271
49
88
218
59
30
275
111
116
272
64
66
68
639
28
224
168
140
25
163
212
19
153
19
183
435
48
503
167
54
218
244
48
19
507
330
122
133
184
238
41
25
94
174
179
74
140
46
421
143
82
390
68
128
73
56
317
123
87
243
257
34
39
92
175
51
154
95
65
543
54
76
30
47
190
210
105
59
55
26
72
255
450
138
17
345
56
74
34
189
183
358
59
19
233
192
56
141
50
32
149
409
64
42
565
91
16
164
74
558
99
52
109
55
150
44
175
18
223
23
73
91
248
127
60
170
14
220
286
65
17
57
158
440
16
151
165
235
149
35
186
24
71
189
52
23
34
57
50
19
11
395
28
289
659
158
388
227
160
137
78
25
151
37
31
65
222
28
127
28
141
62
29
173
44
30
15
16
241
60
139
54
71
480
43
108
129
339
59
31
256
21
166
345
49
144
32
205
77
63
312
67
32
26
66
32
28
54
109
145
117
264
465
29
24
136
33
37
568
478
589
225
85
216
141
30
61
160
202
23
93
104
449
163
206
106
138
266
49
246
156
263
80
14
40
167
41
178
53
19
23
27
31
229
85
77
214
19
225
427
70
45
34
103
139
107
169
48
62
48
84
509
25
101
90
195
247
65
72
54
17
139
16
153
158
376
226
517
36
90
149
37
17
94
104
172
15
87
53
518
133
322
75
28
30
168
60
496
47
160
440
84
40
275
170
45
427
69
89
131
47
21
293
111
23
406
442
53
35
101
46
208
28
240
367
238
39
235
416
18
85
338
103
38
142
277
156
171
354
453
42
49
48
76
229
28
91
458
182
322
18
26
270
347
52
85
226
178
73
494
37
284
20
141
65
63
113
211
24
48
20
40
40
138
169
185
386
34
231
37
35
224
144
191
350
89
195
36
110
26
467
378
18
45
145
175
418
179
37
29
225
407
63
210
35
29
130
190
207
101
32
23
41
552
15
33
22
69
372
79
44
12
183
163
160
157
138
113
76
23
192
162
34
204
29
28
220
60
204
19
303
41
156
106
66
39
157
407
31
296
92
152
81
117
62
452
111
24
304
123
62
25
197
123
34
161
37
88
292
132
36
145
79
18
20
18
26
152
26
66
33
36
38
418
19
71
31
55
482
20
52
400
128
16
243
170
86
241
43
147
234
164
24
33
83
197
13
26
34
282
304
459
168
74
142
151
239
489
385
524
33
74
28
29
117
48
32
223
48
33
242
136
52
37
181
148
50
27
17
682
30
205
71
20
224
50
104
62
440
60
169
70
27
304
71
47
103
315
25
36
14
24
40
180
253
26
91
32
350
30
447
59
140
35
26
44
229
50
33
127
379
473
415
190
97
19
51
39
88
359
60
415
25
125
209
37
57
16
249
269
270
389
270
347
73
105
422
66
95
231
305
75
29
39
197
72
19
111
647
26
50
445
24
61
255
84
22
336
91
16
121
488
29
52
438
23
44
215
102
23
277
149
164
209
60
60
200
32
433
31
309
200
414
342
268
20
27
342
199
38
73
45
66
99
30
66
158
30
29
188
14
194
25
98
212
139
28
418
22
20
213
264
22
394
37
28
108
91
46
52
32
249
216
127
40
52
87
166
50
173
160
445
17
33
190
434
147
121
53
20
24
212
120
28
162
405
25
125
177
31
176
103
205
238
23
172
40
484
106
40
25
33
182
149
17
120
227
203
208
45
120
219
60
384
57
21
179
49
31
222
64
27
27
229
42
80
53
67
360
63
507
26
36
41
144
20
184
68
43
29
26
185
76
180
348
26
205
99
782
277
54
76
428
196
47
347
389
222
28
132
331
19
71
39
246
37
91
616
514
312
32
462
109
29
129
97
169
237
16
98
40
39
30
152
39
21
489
94
26
24
199
30
154
14
55
37
64
104
377
83
94
354
25
35
42
311
26
324
343
58
24
33
46
522
51
215
23
39
96
243
345
16
437
231
321
69
376
107
76
56
138
304
222
51
28
200
104
65
180
27
48
39
23
101
106
28
39
28
23
455
56
75
519
30
305
225
47
62
30
354
483
98
184
42
132
362
24
23
50
48
161
164
91
236
549
212
162
57
157
80
52
227
218
33
31
87
53
46
32
461
155
197
26
45
96
38
31
92
258
120
96
19
13
156
20
198
39
159
78
26
151
50
37
242
82
24
98
141
272
87
516
31
94
20
25
31
216
138
153
150
39
41
55
425
192
89
103
135
77
467
84
38
60
23
36
443
160
43
220
74
21
399
214
56
36
150
48
41
216
28
37
12
409
48
381
232
176
93
21
163
224
104
20
37
86
216
483
35
54
38
468
57
25
106
146
42
41
190
36
193
18
155
39
68
91
179
22
31
652
88
16
60
36
15
51
29
276
140
420
245
165
38
201
133
253
196
63
75
19
28
357
33
25
50
16
65
166
255
65
153
30
524
105
142
133
40
174
37
423
39
91
215
177
35
121
136
26
12
399
219
18
110
129
142
536
357
150
16
30
21
17
102
125
115
251
141
74
73
105
37
75
244
183
162
26
249
197
27
411
82
91
134
326
207
42
281
45
44
19
143
161
27
26
578
255
40
16
49
249
127
559
17
465
127
54
137
25
119
495
19
195
507
158
440
33
75
101
23
43
103
22
125
29
34
211
99
98
30
56
141
230
86
181
406
137
106
118
123
160
26
39
118
44
60
29
18
104
309
464
35
133
265
64
160
15
243
14
303
12
222
95
66
171
184
377
489
50
161
188
28
67
21
247
277
181
77
155
63
316
369
192
19
306
24
190
307
545
33
197
25
37
91
36
162
18
27
392
41
61
40
86
129
30
175
30
108
65
64
249
50
24
169
330
205
151
136
375
124
277
22
27
479
45
80
44
264
306
31
71
81
231
84
77
31
50
45
427
565
27
196
81
113
43
457
53
281
116
70
25
197
217
32
170
194
273
24
501
24
178
47
67
30
228
76
47
63
160
107
170
34
22
74
65
176
111
22
502
44
110
295
22
134
345
14
29
158
64
88
39
37
180
220
406
96
95
459
45
255
296
377
104
27
155
334
106
160
28
102
35
19
73
112
241
108
470
67
81
92
226
546
34
115
264
111
202
70
113
144
263
403
40
30
158
53
49
224
100
124
166
232
83
92
43
206
177
86
57
24
163
90
266
217
59
93
210
18
39
147
95
119
121
56
41
125
147
21
39
34
13
200
35
33
141
23
241
93
340
65
188
43
33
44
174
376
62
85
231
15
27
378
201
52
33
163
47
68
103
36
168
324
231
244
86
37
61
33
88
18
188
107
94
370
157
29
21
82
36
275
47
25
28
431
22
19
22
139
97
398
37
61
30
21
229
81
37
189
15
166
349
184
156
67
137
88
401
24
220
17
171
518
204
78
19
127
337
53
32
49
14
32
331
185
115
308
389
452
20
192
54
166
383
102
15
127
233
63
35
142
523
31
74
28
52
24
53
307
184
276
46
243
387
76
507
48
85
48
30
74
78
12
74
25
78
43
56
40
71
86
166
369
56
77
66
22
41
328
132
318
19
240
166
202
437
45
253
282
148
169
133
187
74
141
32
32
37
23
39
21
224
135
57
169
297
14
214
151
183
406
439
48
39
57
166
160
182
48
250
33
105
95
63
483
21
377
61
385
32
154
133
202
88
263
28
172
320
37
66
221
73
24
137
33
175
238
61
226
44
161
37
33
68
130
463
38
22
11
422
171
294
248
52
33
185
37
437
53
15
52
66
154
390
24
452
51
58
106
15
133
133
48
15
208
267
26
81
18
25
62
27
17
68
256
23
33
128
63
97
118
409
119
165
34
51
141
227
288
18
80
26
200
69
184
458
21
88
42
97
174
428
179
18
22
316
429
44
242
42
32
74
34
83
39
110
239
89
38
85
42
64
137
38
20
366
34
395
46
44
22
225
30
183
57
36
51
33
131
39
21
43
18
230
343
53
81
21
101
169
372
322
170
43
40
22
247
54
167
26
370
279
48
154
146
389
21
199
131
205
32
28
84
341
113
82
177
120
42
42
408
175
136
95
43
361
446
271
52
271
28
99
30
35
245
28
158
95
29
122
302
357
174
37
368
30
46
30
95
24
425
101
57
28
13
197
39
228
132
47
54
143
27
23
210
15
38
104
53
105
168
284
99
391
27
47
15
82
219
242
51
50
102
30
40
104
16
97
69
28
364
286
46
53
216
39
135
339
161
83
46
181
102
181
31
16
319
61
130
39
511
31
32
80
208
219
41
220
167
194
18
93
179
92
193
30
145
226
43
273
17
194
65
19
23
78
141
49
24
207
113
266
71
126
140
34
70
86
49
101
150
313
18
229
132
80
35
66
109
42
112
131
73
114
64
194
36
86
121
76
325
541
43
179
116
228
66
175
18
85
47
113
47
34
22
38
395
259
35
234
38
90
209
170
44
40
121
14
247
172
264
74
57
27
122
55
75
57
21
71
36
190
80
405
128
41
23
48
56
128
27
140
55
94
28
214
25
103
355
19
98
39
23
231
128
30
26
143
87
250
382
62
77
26
444
101
288
128
399
213
28
45
477
176
129
43
278
132
80
424
155
149
123
177
103
28
110
106
222
236
176
15
25
234
165
48
244
187
285
190
455
115
51
26
23
30
25
280
185
16
92
145
46
121
412
79
132
168
29
19
142
322
117
364
35
319
31
27
22
200
187
31
35
274
21
282
49
159
15
106
74
262
21
262
77
39
241
142
112
40
37
191
270
119
25
408
29
36
44
182
242
41
92
264
26
12
95
24
88
78
198
45
311
179
54
29
74
223
14
277
243
116
247
54
131
153
242
269
30
37
27
70
107
96
74
39
81
273
151
58
67
142
68
564
414
90
206
34
77
157
214
20
559
40
134
43
91
365
55
86
203
274
137
277
69
128
22
180
137
53
41
284
15
96
73
391
166
71
57
242
301
312
149
33
188
172
53
86
44
210
249
40
125
73
504
238
250
288
381
170
38
244
240
71
194
149
333
144
52
35
138
73
207
22
38
78
116
78
86
19
27
111
27
427
24
82
27
113
358
20
34
35
197
318
28
153
31
202
50
39
68
188
25
12
188
31
476
16
31
35
210
53
65
125
86
172
26
31
108
142
401
111
207
160
156
18
319
19
32
33
21
71
228
142
269
31
166
427
53
103
133
359
701
322
438
227
21
34
76
21
57
116
189
79
63
19
132
102
194
54
56
181
23
38
87
352
166
305
32
64
386
264
202
18
17
195
56
516
274
473
237
57
115
25
123
171
81
38
211
121
193
22
71
202
208
115
179
109
86
241
109
430
312
48
255
439
155
42
20
24
96
186
187
50
130
34
93
180
36
207
19
111
21
27
69
24
150
24
132
29
87
126
73
158
94
154
22
88
228
214
127
28
63
94
94
111
58
246
76
39
80
99
147
172
106
166
150
266
85
34
109
107
125
25
94
31
169
96
196
182
118
17
66
17
395
259
128
20
82
27
515
16
260
20
333
450
85
173
41
212
42
184
100
193
19
294
170
21
65
54
42
220
45
15
160
221
47
36
24
185
78
227
106
99
91
17
92
31
94
253
140
138
114
30
359
72
28
126
23
72
25
504
152
28
30
76
219
120
100
34
46
99
16
167
38
206
51
75
153
122
71
234
81
130
63
33
313
101
85
28
97
103
220
53
137
46
19
81
141
219
241
39
31
15
173
55
177
204
237
99
219
60
85
55
30
252
144
32
23
50
75
117
177
136
490
37
16
137
252
267
492
309
77
156
221
204
60
311
89
28
23
99
283
181
137
16
296
82
216
121
67
30
198
189
69
35
35
111
330
296
438
195
37
76
130
44
69
162
254
82
14
128
219
59
134
17
38
166
551
18
48
28
32
46
41
141
184
14
169
297
48
49
172
157
250
131
312
359
485
415
257
38
710
229
44
211
28
80
211
22
276
36
144
73
150
36
29
180
216
96
138
299
42
319
206
38
63
332
42
117
79
114
46
80
339
36
27
43
184
196
176
82
91
86
81
256
400
33
159
59
298
31
164
158
462
84
92
115
185
112
255
20
79
116
144
303
171
406
59
521
46
183
118
102
526
62
27
152
245
470
314
69
168
169
199
96
307
469
25
218
94
342
66
110
97
351
42
129
374
60
222
28
45
368
242
74
443
53
29
213
123
42
95
458
18
411
82
108
207
28
33
56
126
296
178
70
25
53
26
82
97
235
70
165
225
46
69
187
212
449
132
158
85
42
228
31
40
77
58
30
131
460
18
249
46
173
63
586
96
28
55
37
520
31
314
32
110
35
174
18
194
40
235
117
209
358
109
34
175
183
463
25
104
416
71
283
79
475
39
48
15
49
47
89
213
30
54
409
441
171
66
38
79
347
49
280
93
47
185
113
36
21
332
100
26
77
465
214
202
18
13
42
40
36
339
57
254
46
353
40
130
284
188
207
207
77
80
375
45
265
93
74
113
175
218
31
114
161
434
189
504
432
29
207
43
95
83
79
36
311
61
23
500
64
435
35
389
28
74
270
48
23
100
203
70
27
15
224
216
50
39
146
46
17
13
88
22
224
33
166
29
23
66
234
67
73
448
96
488
201
20
81
149
52
222
21
135
201
24
109
72
28
69
158
316
240
349
83
26
50
157
265
42
52
363
28
76
50
70
338
34
59
174
121
120
79
34
425
169
65
460
12
12
16
155
217
167
37
128
492
194
33
220
30
27
176
107
242
34
23
47
149
40
57
17
262
216
163
127
141
342
226
377
43
50
109
43
73
344
23
55
31
382
33
293
50
108
169
317
159
14
166
95
171
20
246
300
212
61
15
125
155
75
100
18
109
95
66
168
109
32
318
186
29
227
18
62
29
83
107
284
64
151
21
345
36
90
34
109
372
31
43
162
50
311
93
106
85
38
39
212
33
484
198
224
84
38
75
265
52
112
141
264
223
117
151
271
37
263
33
171
126
108
40
22
18
41
228
459
283
159
101
20
149
69
23
205
16
31
114
28
221
184
50
80
21
54
212
115
276
125
214
23
143
16
124
117
292
105
23
18
114
120
207
178
37
11
53
171
12
35
96
424
196
151
47
31
242
68
173
24
456
332
118
79
165
353
373
51
154
168
219
24
243
156
22
37
159
44
28
55
32
73
32
52
27
157
260
20
229
72
56
157
53
316
290
15
13
26
70
462
514
504
315
30
159
36
165
404
708
235
26
36
188
54
34
34
15
67
270
83
110
102
256
24
63
460
135
80
42
34
33
261
173
31
20
116
252
169
39
116
93
29
176
331
180
463
41
97
79
137
55
648
156
173
73
17
97
13
58
180
74
153
195
138
168
476
121
422
71
28
79
116
58
39
57
90
27
225
52
194
143
32
181
191
38
357
14
263
118
242
240
102
66
384
94
27
154
122
61
111
419
216
52
186
482
102
20
153
35
16
22
32
32
196
38
39
110
59
99
78
104
29
194
43
355
85
209
484
151
32
25
68
555
374
14
215
239
104
96
136
218
35
198
151
41
26
19
272
126
354
34
329
118
109
80
371
38
25
18
37
132
97
434
106
250
29
35
186
17
445
196
154
60
23
54
81
145
89
95
68
152
165
29
98
146
471
31
36
142
93
155
132
73
48
135
34
55
399
190
14
530
240
145
75
128
50
141
469
18
160
378
22
142
174
138
188
23
49
137
226
39
436
30
35
99
163
35
108
378
240
28
215
256
161
77
71
31
130
231
104
240
165
74
29
202
139
37
26
126
61
197
347
265
25
91
87
18
164
32
131
97
34
26
103
477
212
113
198
406
465
247
25
418
65
307
147
30
89
58
29
30
186
96
454
299
32
172
287
29
50
66
37
46
30
192
59
38
198
99
161
122
292
559
251
77
40
79
33
37
86
41
38
44
383
20
175
54
76
52
52
26
137
215
191
190
316
287
77
484
57
27
24
135
107
215
197
23
74
28
503
20
37
23
254
69
173
121
163
23
33
28
131
26
239
120
85
316
23
23
33
175
106
71
248
191
33
234
148
37
147
428
102
150
354
146
29
58
82
149
50
24
84
75
20
30
309
100
217
255
88
77
15
121
60
35
73
23
298
56
14
44
16
16
55
251
220
190
25
233
168
13
355
46
78
577
151
28
129
150
22
591
35
219
38
346
577
165
19
138
122
51
477
554
19
54
120
106
201
320
68
66
120
373
47
236
308
104
53
94
193
102
270
28
169
359
40
435
38
210
219
31
74
21
261
116
21
72
126
209
30
234
65
280
35
25
12
58
155
27
67
488
182
76
314
46
104
68
469
31
20
70
47
38
370
396
25
63
150
103
220
48
403
45
130
38
14
243
80
221
74
184
20
37
75
37
82
219
36
102
87
36
93
50
25
62
330
347
247
39
43
236
19
139
14
293
40
75
118
236
38
367
146
298
111
67
232
193
196
499
199
103
154
484
94
477
29
482
92
46
22
155
85
362
22
32
29
181
29
239
68
178
88
187
92
84
123
39
60
24
64
67
104
68
25
436
41
177
180
85
348
258
199
219
136
38
72
207
22
192
42
87
376
459
315
18
444
109
315
355
210
170
23
35
181
32
305
395
253
142
44
404
206
294
330
58
493
46
136
505
150
269
106
108
163
44
312
113
101
63
231
89
83
111
80
107
215
243
144
219
26
145
182
109
419
92
35
50
222
42
35
13
160
123
82
157
28
34
207
245
63
196
169
274
167
41
43
318
82
178
420
48
271
34
84
183
97
211
29
214
226
82
68
104
33
160
122
153
26
30
57
28
423
421
77
296
50
163
31
35
36
65
23
214
61
273
223
25
517
325
575
74
38
120
333
37
57
179
87
180
344
53
256
136
179
101
20
385
42
293
119
359
46
193
87
62
36
454
25
28
365
372
60
102
76
35
17
203
159
128
485
61
240
30
82
72
73
66
91
291
63
309
20
57
184
31
92
19
46
252
495
55
239
153
38
158
148
107
252
163
51
206
169
132
69
321
142
432
60
28
27
24
210
87
33
308
67
305
434
158
32
22
65
25
125
81
150
51
205
76
165
107
80
58
82
21
296
21
486
18
100
158
327
197
207
215
224
195
43
21
41
369
83
36
199
452
136
204
345
159
432
33
56
349
24
339
322
35
56
308
300
516
174
38
113
99
173
120
20
45
301
103
360
215
270
415
265
233
35
163
58
181
209
57
113
16
101
242
60
110
174
219
72
114
160
108
200
44
61
27
184
100
27
82
138
366
234
400
68
369
155
93
228
105
203
184
70
207
210
60
135
221
52
55
162
42
127
42
61
510
415
100
30
504
29
18
411
186
130
46
85
144
34
65
30
434
184
60
337
178
102
24
35
147
256
109
15
172
19
124
62
90
155
36
124
156
187
28
139
102
69
29
426
168
51
268
116
79
183
335
233
34
156
200
180
196
90
165
318
196
53
134
121
252
59
86
25
24
48
26
14
120
63
82
41
76
77
55
36
27
127
135
32
238
38
201
77
78
123
42
44
230
62
31
206
150
16
49
57
50
31
26
94
128
34
40
58
59
14
55
20
92
33
90
57
53
56
130
78
56
32
123
60
40
70
20
78
27
61
45
29
32
27
71
60
16
111
70
18
40
78
51
16
49
32
66
27
131
19
64
19
16
84
27
92
50
68
37
31
100
59
56
31
62
46
27
117
77
68
68
31
67
69
36
55
38
91
50
70
36
99
20
88
19
82
36
87
64
62
110
120
66
25
22
36
61
42
34
13
109
92
74
85
99
57
41
26
37
25
71
55
96
92
114
126
25
18
53
57
42
15
23
27
93
113
19
69
85
79
49
107
75
85
90
35
99
51
73
63
115
29
22
45
33
253
72
19
63
48
115
66
73
46
46
84
65
63
63
37
124
69
155
42
97
98
113
71
55
19
194
36
26
55
62
93
22
114
43
48
69
31
220
109
71
124
52
73
19
35
98
39
43
26
54
20
17
38
40
66
28
128
77
45
60
68
38
79
31
55
15
66
56
31
38
26
42
33
42
34
25
38
50
91
82
21
42
49
29
53
21
95
36
25
18
21
21
32
58
23
51
30
57
73
21
59
82
21
25
83
41
63
23
50
48
67
30
32
27
63
29
33
76
39
29
40
58
49
42
29
38
50
89
16
25
51
118
40
98
58
46
54
87
76
27
20
76
29
79
83
71
26
97
73
30
49
14
108
54
25
61
26
18
23
45
76
35
60
86
58
37
409
94
88
142
55
73
38
20
91
16
27
46
72
81
54
21
40
83
94
68
75
134
67
67
37
15
43
20
114
52
103
49
58
82
62
33
28
27
59
29
69
107
62
66
120
76
34
35
30
16
34
81
62
49
59
27
33
57
101
25
114
111
48
32
78
47
81
30
43
72
44
43
35
57
48
33
31
52
71
41
62
25
61
23
37
30
41
45
67
31
25
23
58
50
38
17
48
51
36
28
42
43
43
102
65
41
166
69
56
67
88
89
68
49
43
33
111
54
102
25
87
72
24
82
98
53
28
88
59
19
65
82
128
50
58
59
76
37
52
142
36
34
65
32
44
19
84
40
22
51
20
19
64
47
76
25
44
73
16
56
76
90
104
38
50
66
29
99
53
64
38
72
36
49
102
24
81
50
38
89
71
64
60
87
58
146
17
24
180
64
57
59
46
31
73
28
87
43
50
70
69
24
23
61
19
75
47
124
42
54
39
42
28
24
45
66
78
88
54
65
69
95
60
47
167
42
28
29
70
90
67
71
24
53
36
78
22
43
117
81
70
49
28
15
108
66
34
35
41
27
19
37
124
82
145
157
71
66
35
28
53
23
41
49
50
47
41
30
26
108
59
29
25
34
23
61
62
97
42
26
74
18
67
32
29
59
28
52
75
36
90
92
24
104
49
65
15
91
121
38
44
48
39
74
23
28
59
50
42
30
60
66
56
39
108
87
81
24
49
87
42
32
35
74
75
43
60
96
20
96
126
76
54
34
86
34
64
59
28
25
90
28
67
65
65
18
20
14
42
92
134
47
43
91
14
28
20
56
75
20
19
51
16
23
111
23
34
19
71
59
71
77
39
83
78
108
23
56
107
30
32
68
28
72
33
64
36
45
37
107
46
44
99
51
24
41
82
91
91
61
56
53
93
14
74
19
93
38
80
69
21
17
93
27
113
22
61
71
38
57
31
23
39
28
53
36
25
99
70
28
69
69
59
53
22
38
99
68
63
41
47
20
38
59
64
59
16
43
76
33
28
53
28
24
26
71
40
37
88
79
46
95
29
76
69
73
83
51
78
24
22
74
12
65
26
22
76
22
69
51
44
82
33
128
59
54
57
38
81
29
52
112
50
27
41
44
26
92
22
19
68
28
103
53
27
95
36
37
78
55
52
59
29
71
20
70
77
72
97
30
20
20
23
62
30
68
72
21
41
90
102
33
39
47
80
81
50
38
72
42
114
30
34
36
65
102
51
80
38
60
47
83
34
92
15
62
220
69
46
23
119
28
88
24
34
36
68
33
40
75
73
74
77
64
97
82
40
62
45
124
65
41
40
98
264
64
49
65
61
77
38
48
62
48
77
35
42
98
27
39
81
53
41
53
56
83
76
97
19
33
141
67
81
122
73
37
142
34
61
86
84
112
60
31
54
73
36
26
56
49
26
33
69
28
49
21
73
50
14
48
32
80
95
54
60
39
19
68
95
55
52
97
33
36
24
35
75
33
41
36
29
60
33
55
50
35
53
101
72
85
32
68
55
71
90
31
50
96
45
68
54
104
34
62
55
53
45
55
69
41
97
28
80
39
39
57
33
41
90
45
23
42
86
50
57
66
40
79
82
21
113
23
58
12
28
40
56
49
54
61
54
41
22
25
77
55
58
52
33
71
44
29
49
42
37
88
31
70
68
69
41
70
28
78
45
34
18
81
26
28
50
90
56
24
41
12
50
41
42
27
60
31
55
63
78
67
61
57
73
76
83
31
35
50
32
74
63
77
31
57
98
35
32
22
81
41
43
51
41
38
58
77
32
18
33
50
24
53
111
80
56
66
37
31
129
83
27
19
37
22
59
128
33
49
41
92
60
20
28
78
160
22
81
33
35
79
63
106
71
75
62
75
36
19
38
38
36
38
84
39
72
41
36
25
48
54
30
43
78
29
199
49
78
32
28
128
115
55
47
15
80
63
61
29
18
93
48
46
19
40
37
72
90
28
24
81
74
63
59
62
77
72
95
22
13
61
16
102
102
86
53
41
50
27
47
20
33
27
55
48
32
58
77
19
97
65
28
54
73
68
17
69
39
22
99
44
48
87
55
95
78
116
66
37
78
27
21
38
47
98
80
48
55
53
70
51
96
55
38
74
115
23
94
70
58
67
41
86
18
52
48
57
62
20
24
66
41
24
19
55
25
22
82
79
118
27
31
40
93
90
34
113
74
33
83
92
83
57
87
22
70
21
30
91
35
33
52
59
217
102
38
29
158
114
108
47
94
40
39
48
25
22
31
44
108
120
63
61
99
63
43
37
28
44
34
37
40
39
40
41
57
90
58
146
33
41
58
36
48
81
199
43
52
27
64
93
15
52
56
22
85
38
33
57
51
37
108
31
28
57
49
17
60
86
108
57
70
25
28
72
34
32
72
58
25
106
65
65
82
65
39
33
37
25
15
94
67
47
127
73
38
76
27
67
20
57
57
60
65
49
48
92
49
70
18
18
51
121
62
108
15
102
88
26
66
51
38
56
77
76
61
69
56
36
113
26
38
52
76
92
37
14
110
20
25
41
95
57
21
27
26
32
62
76
73
26
37
70
88
61
46
125
45
31
23
43
68
22
36
52
39
13
21
58
70
55
91
62
18
53
77
31
29
96
93
76
50
88
94
54
56
147
41
74
17
104
71
38
47
84
29
62
85
66
63
55
41
67
62
19
112
23
29
25
24
44
73
23
78
46
19
25
26
98
62
87
74
38
59
65
65
116
59
50
51
55
22
33
67
41
19
23
80
22
16
133
63
40
44
66
35
62
29
86
45
46
23
31
29
99
34
56
53
20
37
94
47
38
110
61
32
59
27
115
46
70
54
22
25
35
56
21
56
35
48
49
119
26
96
26
41
58
20
72
54
75
38
31
29
41
31
65
39
34
75
79
56
49
71
41
92
35
45
32
37
47
71
72
43
80
44
81
129
13
25
51
61
57
54
110
43
47
55
53
34
48
34
24
46
36
34
48
33
32
47
131
46
50
87
28
74
19
83
65
90
39
38
47
26
21
92
57
76
19
105
42
205
73
79
38
32
46
19
34
31
64
65
71
29
105
27
51
38
35
16
41
69
72
106
25
66
45
31
77
87
48
50
29
90
60
50
71
78
108
82
73
47
40
19
30
94
53
44
37
93
57
48
56
134
127
22
31
29
35
75
27
22
56
36
107
55
54
35
50
19
36
231
41
40
36
23
68
53
127
32
67
86
37
43
47
121
42
58
131
79
34
38
72
50
68
98
26
31
47
43
56
71
22
16
53
70
52
28
46
62
67
50
105
31
31
21
81
37
77
60
34
75
39
95
62
24
39
105
47
60
34
22
83
59
48
64
52
64
31
27
112
90
47
18
142
22
18
17
24
26
50
33
43
71
47
65
94
27
93
54
47
36
57
41
46
81
24
14
99
95
37
44
47
38
38
76
62
58
72
64
77
42
85
64
65
18
80
56
62
61
66
13
48
88
37
75
32
35
19
71
27
53
58
17
44
39
37
23
33
61
48
45
33
57
54
68
75
59
21
77
59
84
58
76
81
62
63
19
40
21
73
47
28
40
67
52
53
64
25
50
87
49
64
100
70
56
47
49
95
18
37
18
73
34
93
43
34
80
64
104
29
63
23
16
29
129
110
63
33
33
72
71
93
106
39
19
65
90
37
34
20
88
51
26
25
85
77
83
103
29
48
73
55
89
34
74
49
41
49
34
69
73
60
110
33
40
109
70
41
26
60
31
34
88
77
75
15
123
73
64
23
73
30
99
26
75
31
27
25
41
38
27
61
20
26
68
87
27
46
29
25
73
18
83
85
104
58
67
58
47
16
29
19
61
54
43
78
88
50
50
81
48
93
85
80
45
29
56
48
26
42
91
99
28
70
49
28
35
60
28
60
31
96
75
75
104
25
30
97
93
95
15
34
69
29
90
20
57
150
105
82
145
60
96
28
52
58
37
81
30
125
13
59
57
63
53
29
14
50
104
61
30
21
29
30
47
49
42
25
49
110
61
99
46
58
57
54
31
36
114
38
73
47
63
52
43
81
55
47
14
45
67
36
31
113
55
37
32
111
18
66
64
47
72
35
19
67
33
86
55
71
28
42
75
52
61
33
39
23
127
78
51
81
38
47
24
85
107
54
27
38
59
76
39
151
88
81
102
99
77
69
58
81
85
31
18
25
64
57
65
125
28
57
30
90
71
35
32
48
50
49
118
43
25
25
84
35
86
48
36
67
30
98
39
54
41
39
11
13
88
21
38
68
62
58
118
104
57
27
95
71
33
72
17
28
41
42
47
48
43
56
67
25
59
49
63
35
37
42
72
24
95
41
50
32
25
59
25
60
63
70
62
81
29
50
83
55
51
68
29
87
81
30
59
21
53
34
21
45
84
44
64
113
38
34
89
38
70
42
87
92
94
33
56
24
61
62
82
22
21
73
33
45
58
65
27
64
24
88
66
99
32
18
90
104
43
27
53
41
40
70
47
27
67
23
128
72
98
70
26
43
83
123
78
132
31
33
52
91
65
88
60
57
50
21
77
57
35
57
62
29
62
34
90
92
65
73
80
30
35
47
51
30
72
50
25
13
37
95
51
51
41
53
61
75
37
85
121
88
68
16
58
92
49
33
55
112
73
47
58
25
18
64
32
127
29
50
41
69
65
34
92
36
98
71
21
69
66
30
21
65
111
49
81
143
34
60
44
68
45
26
80
102
53
29
64
48
73
46
47
45
50
107
38
65
30
69
43
32
23
61
51
42
62
81
33
83
48
53
45
76
50
85
47
74
35
53
22
59
29
15
17
79
45
52
58
17
26
84
28
59
21
25
26
27
31
18
72
102
24
62
42
25
60
101
98
34
36
75
105
67
26
68
49
37
17
74
109
34
58
71
48
163
110
37
77
72
58
28
40
110
69
62
30
22
18
93
68
50
51
58
17
57
21
86
58
76
54
48
54
60
62
37
23
84
49
100
134
401
88
30
75
124
79
51
25
213
69
33
64
100
66
43
118
20
27
21
57
28
107
81
27
113
84
142
61
70
67
32
99
47
53
47
51
30
71
24
33
121
62
81
67
23
43
65
41
97
66
70
77
27
21
49
29
71
112
43
53
33
58
30
51
73
63
50
78
27
85
56
120
96
28
59
22
24
19
18
98
77
101
74
99
79
63
74
120
85
22
133
84
43
69
65
31
100
40
61
64
97
25
29
54
64
31
51
28
53
29
26
66
63
49
115
47
47
67
28
25
49
51
31
31
61
60
86
18
35
96
60
69
72
65
96
85
41
55
171
116
55
37
82
31
67
70
93
31
46
24
29
67
59
94
69
44
37
55
89
52
22
62
47
67
32
85
52
50
20
19
52
100
60
49
39
33
91
68
47
117
81
26
23
25
38
22
45
61
26
52
114
55
52
90
56
85
80
26
16
31
75
21
25
45
54
16
25
71
61
25
37
67
33
27
47
59
66
19
76
63
49
63
45
30
61
24
32
22
66
80
51
40
28
35
84
21
37
32
73
106
58
56
86
40
18
19
78
67
56
46
81
66
37
123
34
70
48
17
93
37
65
34
45
64
98
60
66
48
71
38
93
61
95
124
104
66
66
17
29
38
26
52
26
46
83
95
77
62
110
76
99
21
103
70
80
25
65
72
30
39
24
43
49
51
37
28
19
37
57
102
24
16
51
30
26
18
52
22
54
24
25
15
24
61
96
21
51
75
66
77
27
73
15
26
49
75
46
21
32
20
18
65
60
49
35
12
75
95
85
64
70
33
87
104
19
75
62
27
75
56
28
22
17
27
19
106
55
19
47
56
74
27
59
49
33
88
117
93
102
72
65
55
69
41
36
84
29
23
50
21
71
26
35
37
48
69
30
119
50
33
60
84
18
78
72
44
29
19
42
129
24
34
34
59
80
17
55
32
38
63
36
64
14
91
47
61
79
21
17
26
17
91
106
98
70
25
29
32
21
70
21
18
29
20
60
105
59
60
24
66
84
38
33
30
84
14
64
76
16
30
79
35
63
74
98
17
40
59
100
136
57
50
27
82
55
93
89
42
34
50
29
60
92
69
28
25
17
27
83
22
70
46
62
70
47
49
86
109
118
23
88
83
31
16
24
76
37
31
83
92
100
78
45
107
82
86
57
17
41
38
106
68
43
36
71
86
169
23
93
86
33
25
30
51
37
46
29
21
72
31
42
32
74
22
86
47
25
116
69
56
57
188
56
63
71
75
32
29
43
37
32
55
93
78
71
29
80
49
32
103
55
53
23
63
33
70
48
40
71
43
22
26
44
31
79
71
48
82
38
52
48
42
65
89
70
36
23
30
50
22
51
24
65
35
28
119
33
38
107
21
32
25
26
43
50
108
74
31
139
30
46
28
61
97
64
43
25
34
77
62
60
80
267
67
25
49
92
44
55
41
61
60
35
43
72
34
77
42
51
130
35
138
47
44
64
55
31
99
14
43
113
19
15
47
30
45
118
65
69
17
62
120
50
93
27
55
31
115
215
86
60
46
38
28
40
58
176
53
70
53
24
63
41
39
48
36
54
106
67
53
14
73
20
25
72
69
29
215
32
22
72
100
49
104
29
28
18
96
67
58
104
94
102
66
60
32
16
23
100
43
138
37
114
18
66
103
18
29
95
83
36
63
75
24
75
57
46
59
43
35
70
41
32
71
118
102
35
18
39
54
27
67
35
70
32
42
42
71
44
94
58
47
57
45
40
29
32
24
24
16
109
66
51
32
76
52
25
26
120
62
38
16
27
96
24
66
84
105
70
13
30
57
35
20
18
74
53
35
22
45
21
79
96
36
39
272
85
52
47
60
78
15
55
48
82
63
130
74
44
13
34
46
108
89
45
34
29
53
69
41
72
22
20
52
83
57
23
22
47
115
116
29
24
29
41
67
66
104
52
25
66
50
65
69
108
16
70
58
61
81
29
28
26
81
54
118
55
47
54
22
112
109
48
37
58
37
120
75
65
94
34
57
49
74
17
33
56
33
60
67
61
43
18
107
75
33
59
41
36
45
77
62
27
41
91
128
25
61
43
23
50
38
62
39
94
87
34
80
38
55
47
214
66
82
20
86
113
41
41
49
64
46
27
12
61
41
70
58
73
66
19
47
64
53
118
53
101
31
68
97
116
42
26
103
71
52
64
22
49
48
100
63
80
25
44
55
46
53
27
67
75
39
45
54
45
44
45
34
46
85
56
145
57
21
46
60
26
49
48
75
26
76
44
16
29
48
81
116
77
76
31
40
27
26
41
38
21
48
37
38
20
49
46
63
70
58
68
30
56
72
58
56
49
53
25
82
14
52
49
91
22
86
56
71
42
16
25
44
29
30
46
30
123
55
97
52
23
36
35
90
47
40
66
104
42
80
187
106
30
34
35
42
122
75
31
70
59
62
31
82
97
30
26
45
71
19
92
42
67
50
47
41
18
70
49
54
68
115
31
20
89
29
104
48
13
87
25
77
34
89
52
76
21
83
59
50
65
58
103
37
65
56
73
20
74
25
92
34
132
24
60
112
100
97
76
30
29
166
32
77
24
33
51
51
42
73
45
46
48
74
33
55
17
36
43
49
90
66
57
82
45
47
63
42
88
21
39
114
20
52
36
69
70
33
19
18
27
30
24
36
96
61
32
29
61
45
38
88
32
101
83
74
35
15
56
20
71
52
30
39
27
19
65
61
45
17
121
64
39
39
30
40
167
49
51
42
89
54
65
70
69
31
67
72
27
21
90
67
24
95
49
60
79
46
63
109
64
62
47
50
64
131
16
100
29
24
60
60
43
51
35
107
20
124
46
49
24
115
48
47
33
89
56
78
48
41
111
22
71
51
58
91
90
91
86
27
57
35
120
90
63
182
65
25
66
80
26
70
72
105
55
89
37
80
27
73
78
32
70
22
83
41
22
22
42
68
20
27
78
44
62
54
45
62
14
28
47
35
51
62
30
67
26
61
86
124
67
55
35
104
43
27
58
28
17
39
62
24
135
39
15
28
27
57
26
29
134
33
99
59
68
23
40
90
60
75
49
34
113
66
12
81
102
53
33
95
153
26
60
69
73
20
42
69
124
93
79
19
18
22
47
47
74
45
62
89
51
63
52
56
61
33
21
46
64
32
52
77
94
69
30
56
55
48
39
91
47
69
21
117
58
31
119
17
43
22
40
69
13
34
26
79
39
20
84
82
80
78
65
80
61
79
26
56
59
83
105
76
63
69
30
85
41
27
67
68
28
62
64
85
71
40
75
100
65
44
56
72
68
91
107
46
50
55
53
19
125
98
26
58
49
34
43
89
53
26
85
18
61
67
57
24
87
81
68
108
66
62
18
120
48
61
73
66
61
74
93
47
67
46
91
20
71
53
43
92
82
38
145
88
80
18
96
47
27
61
45
77
58
27
47
28
23
66
28
67
36
56
20
33
23
50
27
22
116
19
78
98
67
52
26
33
45
61
29
53
69
57
68
60
44
90
37
77
24
32
114
29
33
35
38
57
50
20
72
43
68
54
57
73
31
28
48
36
72
37
63
76
30
21
42
61
51
15
67
15
28
143
47
61
28
59
35
42
39
43
63
62
22
52
46
16
56
68
30
83
56
37
28
54
33
46
61
67
122
27
76
49
50
82
17
60
112
36
97
38
30
18
57
34
38
84
140
68
127
36
24
112
102
63
49
66
41
16
121
63
32
17
63
61
58
71
47
69
21
72
31
14
76
87
93
34
136
51
75
20
17
30
37
98
57
73
16
57
67
40
41
95
26
130
41
58
81
95
20
26
12
71
32
46
106
17
85
60
26
39
14
22
28
41
28
55
76
56
56
61
95
26
41
25
73
48
27
19
26
86
30
102
32
24
30
77
95
52
94
39
45
40
92
66
17
44
22
76
50
82
53
47
53
44
113
25
36
23
59
20
24
61
38
48
66
74
27
92
30
98
116
37
69
57
91
85
99
21
72
83
76
60
20
43
42
81
43
24
19
78
50
34
101
88
50
95
98
83
26
74
109
55
113
39
60
55
95
62
15
48
60
22
33
31
41
41
24
74
48
27
72
56
86
24
38
48
112
26
94
57
48
43
80
38
45
62
31
88
58
33
49
82
109
66
49
71
69
45
18
99
71
69
21
39
34
55
45
66
101
33
42
100
87
26
112
20
75
26
97
51
43
27
66
71
96
67
96
34
27
75
22
31
80
235
48
40
101
24
23
68
100
67
77
19
60
14
53
57
58
27
26
22
26
126
49
32
39
46
88
27
27
100
33
103
85
56
89
130
75
53
94
76
52
50
110
50
48
36
62
64
62
58
106
59
20
28
69
27
51
73
97
66
37
14
64
103
135
57
29
55
61
31
22
29
36
26
88
72
41
25
31
25
23
64
74
25
21
82
50
76
123
51
105
29
113
96
38
68
123
44
88
34
58
45
46
25
29
111
88
71
50
30
44
94
72
63
27
35
37
25
28
72
40
41
78
74
57
62
80
24
36
41
59
64
66
72
36
11
65
30
66
48
43
22
30
39
81
25
65
82
30
82
72
53
49
97
109
14
39
33
104
36
70
42
40
38
53
23
38
40
42
56
105
131
31
28
30
90
88
63
24
29
87
95
64
175
36
14
52
29
28
65
110
115
31
88
64
57
21
76
19
46
112
61
88
65
36
59
62
104
29
47
33
160
32
53
53
60
53
68
24
28
40
55
79
28
19
52
98
42
43
91
78
45
35
28
79
54
63
91
37
37
47
33
57
29
56
80
39
82
61
54
28
81
52
121
34
96
103
41
82
20
56
26
29
15
78
119
92
41
22
35
17
69
36
42
41
67
32
47
37
84
22
74
37
71
32
23
43
93
58
34
43
76
101
79
53
38
68
30
43
13
34
56
41
68
48
65
57
32
60
23
33
67
47
49
62
28
113
38
17
35
16
53
373
63
33
88
145
29
64
36
98
47
39
33
114
67
54
71
36
41
25
67
59
17
16
57
37
74
106
31
71
68
66
62
70
39
41
53
86
21
38
154
48
59
88
16
51
89
35
93
75
25
61
58
51
28
34
75
64
75
68
141
106
54
21
20
46
92
46
26
41
60
17
73
62
35
99
18
72
20
70
109
55
25
47
54
69
18
44
30
40
101
51
40
92
36
76
58
113
25
89
42
93
21
121
59
61
109
25
37
14
23
38
29
27
114
89
40
92
24
57
85
89
41
93
52
40
63
47
18
24
65
112
23
16
65
30
30
29
50
110
28
34
41
97
65
50
22
24
76
110
36
46
50
115
113
23
70
31
49
24
61
77
59
21
44
55
57
16
34
40
63
65
35
116
79
16
99
39
57
71
91
19
62
82
73
55
74
86
41
48
24
71
120
85
63
89
56
54
57
43
27
27
13
39
29
75
41
45
23
44
43
28
104
14
41
173
46
81
123
55
36
103
49
41
80
25
96
65
52
30
27
56
70
30
33
53
69
20
86
41
77
78
90
69
73
21
78
31
52
38
29
43
67
67
91
119
72
36
67
31
53
68
61
37
151
61
54
61
45
68
27
73
52
27
35
44
25
91
25
61
41
33
51
47
39
59
69
68
121
55
152
37
95
48
61
66
66
104
101
28
36
37
116
95
28
95
21
46
33
59
39
35
40
71
30
57
65
21
64
26
14
30
74
40
21
69
84
52
28
27
23
48
69
28
14
18
78
81
45
19
24
101
64
62
24
20
32
97
26
32
51
14
34
22
37
16
46
165
99
55
62
63
59
83
36
24
37
111
71
72
33
36
33
53
19
69
160
52
77
81
34
32
84
17
91
78
78
49
46
30
66
51
106
20
113
53
50
16
17
45
78
25
106
65
31
126
49
30
51
66
19
62
17
85
29
83
90
76
47
13
43
53
23
81
92
44
71
29
26
21
97
48
30
33
44
64
52
75
23
53
44
56
38
27
17
29
57
26
84
54
31
37
21
43
49
22
54
68
49
68
42
72
26
34
27
60
34
45
71
164
38
97
106
27
90
52
31
82
61
69
99
64
30
41
71
62
29
57
55
29
43
93
39
93
34
86
47
40
125
66
28
26
80
66
150
119
52
99
29
34
60
82
64
49
44
55
52
14
22
121
43
114
31
30
32
64
16
28
36
84
34
40
53
65
29
23
54
102
22
44
64
60
28
117
26
57
118
56
35
56
32
28
24
38
36
72
43
83
20
29
132
22
74
107
60
82
73
62
76
16
119
53
136
52
66
25
118
34
93
194
76
64
52
54
63
84
17
48
90
26
56
124
46
104
37
44
60
27
34
81
70
34
90
72
50
59
44
48
94
93
66
109
28
50
69
51
39
20
90
110
70
28
110
64
69
118
83
48
40
14
19
25
128
70
26
96
50
84
23
48
23
23
33
17
28
98
52
70
63
98
23
72
83
70
22
54
87
79
28
27
55
87
30
35
97
26
59
98
44
112
57
82
89
65
153
44
115
19
150
52
104
42
51
94
34
32
54
19
26
63
61
53
97
34
33
18
66
54
77
72
36
45
31
61
142
21
54
48
47
33
86
16
88
66
52
44
49
92
65
33
47
20
21
70
55
92
42
25
35
125
87
39
66
138
40
50
24
62
108
69
38
25
60
62
25
77
99
14
47
44
70
30
74
42
72
53
66
92
84
67
29
36
21
58
46
53
92
50
102
18
48
59
56
108
29
75
79
46
122
23
91
34
22
38
67
65
26
57
82
36
64
53
40
34
21
44
18
70
69
25
62
21
30
79
32
47
37
23
43
98
59
27
33
29
50
52
26
62
59
42
29
74
48
100
39
63
85
14
51
62
203
41
209
121
53
61
126
91
108
42
61
37
50
56
44
15
44
111
79
29
34
27
77
61
31
55
76
46
113
35
45
85
41
78
53
21
19
73
48
65
42
92
41
67
48
16
36
41
17
43
32
22
48
33
55
162
20
41
53
70
77
34
50
27
67
90
77
28
54
47
74
32
67
39
97
60
87
29
75
64
25
64
85
20
59
59
24
24
27
45
155
82
76
54
63
44
35
89
89
16
28
107
48
15
49
97
42
57
36
23
51
27
28
42
51
59
42
38
92
47
20
58
26
36
14
84
22
77
31
40
64
29
35
87
57
42
57
68
29
83
29
47
100
77
26
89
53
67
109
33
21
55
49
95
56
47
26
54
21
67
54
27
137
63
30
43
63
67
57
18
62
42
19
53
26
71
28
26
46
20
65
45
53
98
18
59
22
63
39
41
54
34
107
74
46
20
31
91
52
49
69
20
52
107
114
104
49
46
50
108
43
28
58
14
102
18
29
35
40
21
50
40
49
79
44
35
129
36
30
59
57
101
101
46
34
36
75
53
30
92
57
16
42
35
44
17
39
52
24
63
70
79
67
19
53
16
37
48
22
60
60
29
38
49
100
38
46
116
14
79
61
21
51
80
58
31
26
20
60
93
44
25
60
25
122
72
114
41
76
60
91
54
111
49
81
75
48
85
43
122
48
19
39
46
44
30
77
58
37
72
60
32
71
63
20
52
56
54
58
24
44
55
69
34
21
17
28
96
94
58
32
56
27
26
43
48
41
70
68
74
59
33
103
29
21
34
42
69
25
50
59
72
71
65
27
23
22
69
35
50
54
50
56
52
67
22
56
74
26
84
57
30
87
36
78
31
49
93
43
19
70
55
48
38
74
25
34
33
44
54
53
20
73
48
18
18
65
37
34
29
62
40
37
46
66
34
74
46
21
19
43
77
50
49
43
83
90
27
47
14
30
150
36
44
32
47
82
57
100
91
67
41
62
38
66
82
35
51
63
88
27
31
30
30
53
62
86
41
63
25
60
34
58
47
81
41
24
33
35
46
120
101
23
97
87
30
105
32
81
97
31
48
86
31
43
94
54
55
26
58
62
128
31
84
31
76
108
65
31
128
19
96
37
30
22
14
50
104
36
143
39
95
83
32
25
48
41
66
27
14
58
69
108
32
60
89
97
