407
340
437
410
305
332
441
267
306
407
232
395
361
355
383
376
285
353
422
432
304
403
416
396
360
355
221
409
371
219
403
376
368
421
410
314
292
400
367
438
331
387
413
338
406
357
373
376
424
385
407
420
395
329
367
409
437
432
421
1068
444
411
331
376
365
307
311
363
425
424
353
358
343
379
397
326
378
363
378
355
414
370
354
387
372
368
404
230
349
368
322
369
365
389
440
338
378
210
361
402
378
370
423
413
331
333
459
249
372
409
215
353
353
349
368
423
255
619
343
415
374
356
399
371
346
338
203
351
406
242
390
350
351
355
350
356
315
353
364
335
395
382
377
330
372
336
372
404
383
324
353
435
359
320
341
398
394
381
397
363
383
348
337
432
386
320
304
353
360
361
415
356
378
366
355
390
373
392
352
359
411
403
406
399
355
391
404
231
392
412
294
354
371
423
303
377
352
211
342
353
352
363
343
388
342
376
408
214
305
344
282
344
403
336
363
343
218
349
365
408
351
340
346
405
375
320
196
383
357
211
370
351
366
367
438
361
362
371
360
357
370
338
455
399
416
374
1129
368
381
322
322
346
392
338
356
396
382
407
352
375
361
445
353
381
372
305
318
325
408
402
347
390
393
350
1410
374
403
368
378
337
441
405
430
388
352
397
401
1514
383
385
315
403
379
382
306
365
391
204
373
391
407
364
371
367
339
341
399
249
293
400
209
356
354
347
397
384
236
387
396
378
319
360
430
367
383
356
248
371
421
212
375
379
408
410
331
334
322
385
336
350
360
380
304
370
387
335
357
350
380
316
383
411
386
299
394
389
390
368
343
387
401
410
344
381
411
303
328
327
379
394
334
368
380
364
385
408
375
373
401
335
404
380
366
371
365
385
1162
287
335
374
311
367
378
399
359
381
350
244
354
389
410
433
406
403
344
375
361
231
313
372
243
362
334
342
376
377
237
333
397
403
371
394
372
379
379
339
266
388
371
249
389
405
401
400
348
359
296
395
335
353
352
340
375
341
404
333
331
411
352
356
332
593
355
361
396
396
411
383
715
442
378
362
345
438
384
327
325
346
365
374
379
366
393
386
388
403
366
377
375
376
368
361
339
367
402
357
367
209
388
407
293
377
375
395
339
357
341
273
390
387
355
405
402
366
345
350
403
261
292
391
213
410
325
369
347
400
238
356
396
364
359
377
378
383
374
333
233
378
414
204
385
391
367
368
372
333
319
361
353
361
341
338
378
328
361
355
342
389
318
364
373
359
399
321
377
347
361
380
408
393
355
410
341
408
376
318
332
333
398
403
386
404
374
395
351
383
399
353
361
328
392
408
363
367
410
379
351
208
366
355
302
392
375
380
329
373
331
212
393
372
364
412
386
355
310
329
337
216
297
373
230
356
331
335
406
347
201
390
379
355
342
377
385
363
371
335
232
358
385
215
335
412
401
390
358
320
314
431
349
400
383
358
369
360
366
349
326
359
364
337
362
416
391
311
402
381
370
377
372
367
353
361
332
360
373
315
309
323
407
368
366
379
373
373
359
363
1288
382
364
394
435
388
359
413
382
390
378
222
389
395
337
375
376
395
316
413
371
205
360
356
372
401
358
381
336
331
410
215
300
365
218
381
337
340
369
370
226
344
355
387
311
376
381
385
354
334
260
373
401
200
667
348
355
372
358
342
325
382
326
376
330
347
351
354
357
405
304
413
393
358
362
367
387
348
922
398
406
386
354
406
389
396
307
381
387
306
379
315
714
337
354
373
392
378
417
389
399
343
364
323
370
364
378
351
394
366
365
235
358
403
298
448
412
371
326
329
365
195
340
370
375
375
350
405
618
327
326
229
339
332
212
368
330
346
381
397
227
351
374
358
333
363
361
406
379
315
214
354
372
210
350
402
380
398
366
360
323
372
346
349
363
362
389
375
340
319
355
391
398
326
351
367
361
405
371
373
391
382
418
392
385
378
299
373
412
350
293
362
382
372
342
367
363
367
398
352
414
331
380
326
375
394
367
359
361
414
408
231
389
381
304
345
351
350
325
371
388
234
387
378
363
350
403
345
301
315
353
200
303
384
250
355
334
340
371
372
220
368
358
431
325
415
353
391
332
351
224
384
355
207
351
405
388
385
373
357
330
404
363
418
356
352
381
342
374
375
310
401
410
315
369
352
361
330
400
381
982
383
378
386
378
381
363
392
389
317
322
340
376
410
377
346
366
395
385
400
338
389
386
375
387
403
365
378
379
373
385
214
375
367
300
374
373
387
406
347
418
243
343
378
404
366
361
361
313
331
429
221
312
415
204
390
325
376
357
348
217
334
407
435
326
406
342
351
394
339
214
370
379
245
353
354
407
411
333
346
317
411
310
360
332
352
359
345
376
363
338
355
373
349
382
372
419
295
390
357
392
376
377
391
386
378
317
376
437
295
317
327
401
392
388
392
369
356
383
414
406
388
366
338
402
393
384
379
417
573
375
233
374
376
352
333
402
363
413
378
353
243
355
354
365
919
380
377
335
314
355
226
330
385
237
372
315
362
367
384
274
333
422
457
337
350
411
366
374
350
220
359
350
221
391
373
353
410
394
519
388
378
354
361
348
355
349
528
374
356
348
357
394
334
372
365
400
339
381
432
377
402
388
407
379
378
321
410
395
338
1036
350
348
401
332
354
372
385
346
406
355
392
358
338
362
393
353
365
385
389
374
203
389
380
323
353
366
358
330
357
322
225
355
374
350
377
373
389
328
356
358
216
307
365
232
338
327
359
391
409
240
355
384
375
338
379
369
376
375
334
219
358
377
236
365
383
403
405
372
333
303
343
331
384
360
385
353
326
365
351
334
355
355
337
389
371
359
324
370
367
391
405
382
384
348
379
312
380
406
351
314
395
370
375
394
320
379
415
357
345
363
384
363
359
363
366
363
355
404
388
399
249
353
352
294
397
419
367
339
358
371
251
393
381
377
392
406
377
327
310
407
219
290
354
237
348
304
347
402
331
218
371
1115
368
339
377
404
384
361
310
251
379
351
191
392
405
358
391
353
359
315
388
369
391
373
344
370
339
355
356
339
334
381
348
389
373
424
359
374
377
381
350
357
402
366
397
359
386
402
312
311
347
372
392
386
369
349
382
353
395
378
368
339
319
383
401
377
406
350
381
341
252
390
385
274
361
315
339
359
359
353
222
343
342
368
413
311
377
320
330
319
234
306
346
208
378
337
329
366
374
227
335
411
371
318
377
373
434
361
329
225
362
355
228
347
376
395
395
379
329
306
383
324
404
371
348
351
373
379
334
322
358
326
329
379
361
394
330
398
375
403
394
403
404
352
391
317
384
398
334
302
351
354
1004
361
346
365
370
359
382
388
693
409
332
389
948
366
351
388
394
394
213
339
365
313
363
408
397
357
372
372
233
388
352
211
336
366
376
293
350
336
252
305
359
214
344
344
216
372
398
238
337
373
379
319
373
370
376
352
342
249
367
400
1001
362
378
365
386
377
359
339
383
369
373
355
358
351
350
385
330
343
350
358
323
350
375
412
358
402
366
379
358
374
382
393
395
301
409
382
342
316
347
428
362
359
432
350
386
356
390
380
350
361
352
433
407
379
382
372
342
361
212
396
406
305
377
352
342
325
397
360
218
369
401
348
380
381
364
320
183
364
226
302
209
162
277
291
323
359
352
230
352
395
380
309
385
366
390
395
338
223
373
406
232
366
381
371
398
372
338
321
367
320
366
334
347
363
326
412
335
310
375
377
372
358
377
411
303
398
352
371
370
385
373
386
355
326
372
355
320
318
333
431
388
341
392
375
350
358
377
370
403
360
332
367
375
366
366
353
374
372
233
345
396
260
360
367
341
407
350
378
234
339
388
379
327
365
363
319
273
419
209
304
342
216
345
324
346
381
326
246
371
364
377
352
375
368
360
378
329
227
379
378
204
329
383
348
387
399
331
332
372
328
376
361
355
390
321
371
315
344
361
342
333
373
385
408
320
394
365
370
358
394
389
350
374
327
379
385
320
326
376
386
372
400
346
350
342
366
400
403
393
354
333
382
395
381
381
378
374
348
343
384
350
284
403
371
367
326
358
342
241
369
375
386
375
405
359
344
349
432
234
332
349
243
346
304
371
401
385
274
364
370
404
318
372
339
994
397
436
223
397
338
210
358
383
356
394
361
342
320
361
368
362
377
352
405
364
393
386
311
375
355
352
359
406
1018
358
407
369
398
401
376
361
338
380
292
383
420
335
328
324
382
395
368
388
353
405
380
404
420
366
433
351
414
375
435
418
407
384
389
207
391
397
269
355
426
367
323
377
344
243
416
354
316
406
349
383
312
322
336
187
344
368
234
345
305
334
374
386
206
340
383
379
344
390
405
387
385
342
242
389
391
278
389
387
372
375
383
371
326
395
347
333
365
371
359
359
376
303
319
410
389
317
325
392
355
357
429
378
408
373
368
408
372
364
348
363
405
304
332
360
382
413
347
406
376
417
347
394
439
352
402
382
360
390
371
404
368
360
363
226
365
384
300
400
351
373
408
393
389
255
389
373
372
405
354
442
327
1905
412
205
333
379
264
387
331
331
405
356
218
361
385
376
330
374
378
384
381
358
219
321
362
269
389
380
410
366
371
346
313
342
351
404
384
350
369
401
381
328
371
407
371
321
441
348
416
408
402
414
371
417
403
402
356
424
326
403
404
334
299
348
326
374
406
346
395
400
361
413
435
385
399
363
379
435
391
379
425
402
407
232
391
387
300
390
299
353
333
379
343
202
365
415
356
429
355
436
327
363
402
230
319
362
234
380
322
368
415
333
197
351
412
361
329
357
433
378
349
393
183
392
394
234
361
372
382
410
432
347
330
406
382
379
365
346
359
317
409
356
352
346
363
370
410
403
394
404
390
356
446
356
376
381
383
1580
331
378
383
332
318
354
363
369
351
367
371
402
371
411
432
378
355
341
372
380
422
414
369
400
379
236
392
377
314
376
404
360
406
391
375
203
356
402
376
369
379
429
333
350
416
219
305
365
234
390
339
372
1596
410
228
342
386
399
325
375
401
453
379
332
262
347
366
283
389
389
405
375
349
338
300
347
360
370
352
359
407
340
378
336
346
348
341
335
361
396
347
2044
363
411
338
380
282
376
389
408
318
384
410
306
300
352
328
356
359
393
383
376
423
410
377
423
369
335
401
361
343
411
371
382
350
258
389
396
294
373
403
381
424
386
390
201
392
374
404
414
382
429
339
340
356
213
298
371
228
334
341
382
342
363
196
365
417
358
316
371
402
365
371
353
226
375
385
279
375
364
407
371
382
322
332
371
358
359
377
334
367
400
380
357
338
387
340
328
365
390
360
411
407
417
376
424
335
404
372
393
354
393
405
322
316
360
399
378
375
393
368
371
412
1869
399
380
371
355
373
368
366
349
405
384
362
300
1944
360
298
391
411
368
313
332
388
302
348
380
412
372
407
340
322
341
308
213
297
389
237
347
339
351
390
380
262
372
357
356
367
385
624
338
381
330
239
325
383
279
371
365
353
363
384
337
331
415
351
368
325
343
362
335
360
345
333
386
371
332
384
369
400
360
378
349
468
367
378
403
367
390
579
386
368
321
309
331
335
410
343
371
364
354
358
376
408
367
422
348
379
407
407
398
588
406
361
241
377
407
290
386
365
329
406
376
407
248
369
373
378
409
364
368
335
319
327
191
316
416
251
355
347
353
406
382
188
363
367
383
344
371
417
379
416
330
212
565
367
218
387
370
366
409
371
358
347
396
329
370
333
336
347
319
397
309
367
380
436
365
390
400
342
308
417
361
353
405
410
390
374
361
349
390
380
351
326
335
428
393
2157
361
360
339
374
362
383
362
365
330
397
381
371
418
416
364
375
225
391
379
307
390
365
340
331
370
391
236
388
371
385
407
363
440
326
336
356
227
307
378
284
388
301
342
400
395
207
374
372
367
308
375
418
361
381
1787
237
371
394
173
341
2028
374
348
365
348
323
1904
333
346
376
356
362
379
357
326
333
358
341
328
371
355
346
358
397
366
367
393
372
357
396
307
316
385
350
309
309
366
393
384
400
377
322
398
420
388
435
394
343
323
364
379
391
405
413
415
368
219
360
406
310
412
369
372
297
364
452
224
360
411
381
402
372
388
346
284
319
265
304
404
244
331
343
357
373
326
197
303
408
347
335
391
429
362
402
361
220
374
2071
277
366
366
379
381
381
367
315
357
351
359
373
355
372
340
398
335
366
379
352
313
350
377
376
305
361
354
435
418
369
1852
377
354
307
379
377
305
319
311
413
392
340
355
366
405
359
384
389
369
358
357
398
377
403
401
426
384
365
210
388
386
303
373
404
334
309
378
359
205
352
368
355
389
391
371
630
348
402
223
295
389
291
360
310
355
395
366
235
354
722
381
333
409
376
374
401
341
220
362
392
224
363
372
402
371
380
332
313
374
348
378
388
335
394
350
400
320
323
408
359
339
328
406
412
338
395
384
449
361
305
355
382
362
287
389
364
304
276
391
390
363
382
391
417
410
1834
352
364
373
432
338
353
367
332
407
312
368
413
257
370
394
303
391
372
381
249
355
358
203
327
371
400
390
384
366
320
360
410
174
319
372
233
379
324
343
343
369
200
360
394
336
315
374
408
356
411
323
280
358
303
206
349
407
376
365
390
347
337
384
356
384
337
358
361
354
412
359
354
326
358
344
406
375
357
338
2124
409
358
407
348
409
385
369
324
399
403
315
327
339
357
349
346
378
389
380
370
403
370
346
361
315
381
432
362
402
372
399
385
235
353
423
318
367
397
376
405
372
345
297
402
339
357
369
383
391
320
338
445
194
300
358
258
360
1898
362
357
387
213
346
382
356
336
389
366
346
389
341
239
377
380
267
389
418
352
346
379
340
323
414
344
382
342
339
359
380
391
388
342
391
319
356
339
385
405
405
369
396
449
391
355
405
380
368
322
388
390
338
313
335
383
384
412
363
341
374
369
383
377
368
359
323
362
368
349
400
430
701
368
246
392
438
287
389
348
338
320
1892
396
226
365
365
382
417
363
410
316
345
404
182
352
345
200
362
347
344
379
377
202
362
395
365
334
372
398
362
398
357
226
378
394
297
346
385
414
483
408
343
335
348
330
385
350
615
365
1858
350
332
340
379
429
337
1858
390
397
327
401
381
453
441
368
351
368
408
314
401
372
311
330
345
347
364
337
396
367
404
410
354
437
385
297
273
405
383
365
387
405
383
345
237
356
367
290
393
370
328
315
367
355
232
334
388
375
409
376
444
320
434
358
237
323
381
231
346
314
351
337
384
202
350
454
357
306
355
380
336
410
321
223
402
383
210
395
382
375
431
378
338
329
323
364
380
386
343
377
361
352
329
328
386
362
316
369
406
373
362
383
400
433
384
364
355
376
378
322
403
415
307
301
355
420
352
360
394
365
411
398
402
420
374
372
350
379
377
372
393
410
400
370
1985
382
380
296
385
409
385
440
379
372
265
341
369
391
409
376
443
361
315
351
221
299
377
285
375
348
344
343
377
218
351
389
340
335
386
406
370
2022
321
215
356
390
267
389
352
397
358
337
337
318
347
360
392
344
327
381
322
361
367
291
347
424
316
370
397
388
357
365
410
407
388
371
379
375
336
318
376
2007
367
319
406
319
351
360
385
419
390
405
334
358
350
378
433
410
373
401
363
349
401
301
250
370
407
311
420
365
353
358
366
354
278
390
374
405
383
354
370
315
414
338
223
307
367
241
390
346
318
394
395
202
351
351
373
318
400
390
359
398
314
1931
420
389
254
389
405
374
375
1573
372
327
371
367
375
352
332
368
345
329
358
326
401
718
333
369
391
359
409
378
488
350
401
360
405
390
394
322
355
355
324
334
337
342
351
383
385
384
405
368
412
356
371
407
352
403
391
370
404
416
1949
346
207
338
389
313
379
366
366
370
358
344
256
393
372
377
386
373
383
316
327
301
211
330
350
243
386
333
347
345
406
190
379
444
325
312
374
382
346
402
325
260
381
349
214
389
363
386
355
362
1107
312
411
337
369
337
310
410
372
365
344
321
406
376
313
373
375
432
331
355
372
353
373
372
352
383
367
329
374
439
354
328
331
424
370
336
434
361
367
363
372
368
393
363
433
372
413
384
402
411
368
344
260
346
407
317
406
382
416
342
305
332
236
402
413
343
382
361
401
297
341
350
231
301
378
255
387
308
369
374
413
264
361
374
348
353
367
363
408
378
304
255
381
406
254
362
438
384
370
376
347
339
395
360
356
355
379
366
389
351
344
401
345
388
342
353
368
358
337
393
375
401
416
345
359
386
372
347
370
356
364
332
390
404
384
361
405
418
384
357
399
361
410
354
353
350
405
407
389
359
409
406
219
389
365
285
417
401
367
315
383
366
237
404
342
400
401
356
371
333
312
414
211
340
404
201
360
346
350
347
453
230
361
382
343
354
732
388
406
348
375
239
430
358
262
412
390
361
370
333
356
323
369
355
356
378
381
375
386
384
339
348
363
380
342
350
369
439
358
367
387
366
402
357
348
702
344
338
403
414
306
320
307
377
342
372
375
376
433
372
368
377
404
400
310
411
423
657
373
415
383
341
221
384
401
295
400
380
342
308
402
358
220
401
423
411
369
360
413
355
315
355
256
297
387
239
389
334
310
381
410
265
395
379
411
320
392
421
351
358
306
233
393
416
234
414
407
374
365
305
349
304
359
371
413
354
344
360
377
360
345
337
352
420
371
368
371
454
361
415
436
350
359
390
389
374
414
286
389
447
316
318
336
374
360
407
392
368
384
370
363
385
359
353
331
374
354
411
414
381
436
390
285
372
373
299
352
357
407
365
408
362
258
410
358
371
375
392
399
304
315
411
228
317
375
197
346
306
376
437
419
219
352
389
364
378
383
425
448
362
333
203
405
400
259
431
1184
371
387
391
337
317
395
343
352
337
387
422
338
355
365
385
385
398
365
342
357
425
404
405
381
430
387
350
410
465
361
318
376
393
1679
319
347
405
371
398
378
409
439
352
357
348
364
330
315
387
414
361
398
378
370
410
294
366
371
299
392
376
410
319
358
358
241
419
368
378
344
346
430
341
347
326
215
360
404
230
389
313
344
362
409
203
347
432
351
309
364
382
347
414
305
209
348
384
203
393
379
352
374
431
346
321
362
351
365
323
349
423
371
385
366
345
354
378
316
340
354
353
316
414
389
388
412
381
974
352
369
314
384
401
370
316
327
363
401
343
348
409
435
376
392
378
386
360
331
392
405
375
381
363
361
354
275
370
359
264
394
386
410
330
342
335
229
358
350
375
344
363
388
331
379
442
252
290
324
210
349
346
319
431
427
199
371
370
521
413
390
428
381
375
391
226
344
432
230
417
413
401
415
364
375
323
393
375
373
338
349
392
340
405
316
351
356
343
325
340
404
408
439
362
380
419
361
344
400
362
364
304
372
411
302
304
330
383
372
421
375
413
428
409
353
422
335
381
318
409
435
398
386
340
388
393
294
392
388
292
416
379
409
404
369
364
224
389
407
366
346
404
348
336
359
415
229
278
372
268
356
323
365
360
398
227
379
322
373
317
373
386
384
370
436
249
334
403
256
363
408
355
374
357
354
341
418
367
359
353
335
390
366
403
341
378
359
410
334
358
360
409
295
365
393
433
360
343
362
347
387
288
353
391
288
366
432
403
368
405
373
413
416
400
375
415
408
413
356
365
377
394
391
372
411
353
206
330
416
310
405
387
330
340
353
339
202
406
373
383
369
339
330
339
309
323
251
319
351
246
391
328
342
386
424
220
400
352
422
315
396
433
367
422
327
245
369
412
269
360
376
365
361
379
362
304
408
369
356
321
350
346
379
340
365
382
359
367
311
380
304
410
408
407
375
405
376
343
351
351
377
331
362
403
335
339
334
367
372
361
430
366
390
369
367
405
340
346
342
354
380
358
364
365
370
390
308
340
369
300
388
396
366
317
370
378
242
413
394
372
369
358
380
317
366
418
234
336
359
225
360
308
323
350
430
287
327
400
391
321
405
366
382
357
372
271
364
382
243
387
421
353
372
363
410
356
390
341
405
345
328
380
414
383
355
339
341
367
344
335
373
376
408
403
379
397
385
379
384
418
709
347
422
389
300
329
433
403
364
352
355
366
401
413
407
376
355
345
346
414
412
389
390
351
350
360
197
392
363
311
368
378
368
405
386
356
222
412
385
355
353
387
404
304
318
300
226
275
351
245
390
283
329
387
388
234
391
352
332
353
405
392
406
382
362
220
356
394
249
385
353
371
379
357
343
348
392
403
373
352
346
350
373
400
344
326
388
406
339
356
361
433
406
354
362
400
353
387
351
406
347
350
404
402
319
350
333
380
348
371
357
426
414
363
350
422
369
349
331
406
373
384
391
387
348
361
245
347
385
304
402
394
440
419
346
342
206
393
387
405
391
374
347
333
375
298
271
293
385
224
359
339
307
414
371
224
372
351
413
353
406
403
352
373
316
238
353
386
254
387
402
352
375
371
402
332
366
369
345
345
343
423
361
364
344
324
389
359
317
336
334
371
326
398
392
368
381
389
356
370
344
317
420
388
297
325
350
384
336
369
361
358
414
385
391
344
373
381
347
360
381
373
381
341
375
353
197
390
423
316
377
349
337
326
345
353
233
412
374
385
356
402
381
331
342
432
215
308
348
236
390
304
336
392
396
239
394
351
381
342
434
384
450
341
318
195
364
385
234
361
422
377
397
354
349
286
411
348
364
364
374
379
375
337
384
349
351
412
341
356
372
384
328
395
359
361
361
395
349
378
384
329
380
405
285
337
372
390
375
350
377
409
402
374
349
374
415
351
330
348
407
408
391
378
432
388
260
368
374
305
414
344
359
411
334
407
227
355
378
391
399
352
415
304
358
722
290
305
378
237
397
354
375
407
405
213
358
369
363
353
373
381
368
363
391
215
352
315
190
387
406
368
376
351
361
320
434
363
413
352
344
341
383
380
407
374
351
386
320
370
367
414
331
345
362
345
377
320
379
353
409
367
380
348
340
328
372
402
386
348
364
438
418
378
346
369
391
428
321
388
386
379
381
360
357
368
263
411
380
309
410
372
343
359
338
361
238
390
384
374
374
347
396
320
364
428
222
307
407
259
366
346
343
386
416
234
375
371
352
384
423
357
337
411
320
293
358
391
266
392
393
362
384
448
358
311
433
366
402
399
339
400
338
338
351
346
367
376
321
363
361
360
317
366
427
379
352
378
371
341
392
361
370
374
343
317
375
359
385
403
341
416
363
421
378
393
384
440
347
350
347
385
404
367
412
402
262
417
367
278
362
375
333
340
370
367
235
372
364
347
345
345
372
342
375
402
211
315
412
200
412
337
359
354
367
202
390
388
373
347
379
427
449
363
444
208
422
383
227
411
413
384
363
376
407
308
379
364
391
401
323
353
378
382
342
346
358
409
359
435
336
382
309
364
391
443
351
387
390
400
381
326
377
374
289
349
353
365
360
404
377
358
401
370
405
389
382
391
346
387
391
354
348
388
436
400
255
362
378
322
387
387
410
324
398
363
193
691
373
351
336
373
385
329
340
295
199
301
331
240
394
358
382
344
430
224
391
383
423
385
391
424
351
386
341
235
393
407
232
388
419
352
381
338
331
304
359
368
378
370
402
369
349
334
393
365
345
354
592
352
359
427
264
337
361
389
577
348
365
380
410
329
378
398
321
343
329
374
424
336
377
353
366
340
400
362
344
357
322
388
401
391
362
393
381
368
218
380
376
296
432
379
364
407
353
417
220
338
393
350
402
406
375
331
347
405
218
328
362
228
381
310
355
374
364
234
347
396
409
295
371
412
408
364
347
215
345
368
219
341
373
339
405
326
365
334
374
348
344
327
328
336
314
371
343
319
383
352
336
379
360
387
325
314
359
403
386
352
408
352
356
325
394
387
379
285
363
338
408
378
345
417
376
359
341
382
376
404
378
384
386
368
377
409
350
387
227
396
410
332
363
399
377
323
354
410
224
292
371
379
376
374
340
298
340
407
213
348
352
221
336
314
345
332
355
241
356
378
376
336
352
375
432
342
346
211
395
383
231
368
361
408
362
410
321
319
370
341
338
349
353
356
359
387
374
371
368
354
327
403
360
392
357
368
421
369
352
353
344
367
366
315
366
382
294
309
364
402
390
349
372
407
380
355
369
365
408
381
378
402
373
365
359
353
403
376
236
355
383
269
406
356
361
409
349
388
220
363
362
425
384
379
364
311
352
305
205
283
358
224
386
301
311
326
348
223
335
351
420
343
387
351
351
345
391
240
379
373
228
367
367
382
389
670
366
321
416
336
376
322
322
348
355
359
366
361
345
372
342
384
349
353
319
394
360
406
405
373
390
407
344
322
345
361
314
315
386
339
389
949
465
665
400
357
330
339
358
332
352
346
373
367
358
387
349
359
253
384
368
303
391
377
347
333
561
381
190
339
382
369
1173
380
369
312
345
656
202
307
372
210
384
304
374
370
382
266
324
355
381
304
382
369
372
341
342
245
370
401
225
390
390
371
391
351
337
366
358
350
340
323
368
367
309
377
322
339
377
418
337
387
343
396
315
348
355
366
360
357
354
406
382
357
358
364
359
329
326
375
379
359
373
395
390
328
1115
378
414
368
361
367
365
342
384
359
343
365
221
352
348
278
357
372
372
371
353
335
224
333
368
357
387
352
383
292
341
303
197
342
368
199
368
322
349
381
355
247
354
420
380
328
403
375
369
361
311
260
370
367
236
389
384
379
387
347
357
332
380
353
372
312
334
366
310
377
376
338
384
346
335
401
337
384
314
378
353
409
369
339
364
381
383
341
338
370
308
329
320
365
359
332
370
376
395
346
384
401
357
356
334
364
410
1278
368
403
399
411
216
373
374
306
382
364
381
296
369
335
230
347
353
409
369
345
400
287
364
322
193
276
402
246
362
301
364
374
409
219
379
371
351
333
390
345
361
344
359
207
395
378
190
325
376
381
357
333
336
286
394
341
349
301
311
379
344
369
318
354
354
365
320
404
362
386
283
370
347
407
370
363
340
388
407
336
359
357
326
338
324
361
339
331
357
363
374
363
377
382
373
389
312
387
356
343
400
385
353
380
193
368
345
539
374
401
386
303
363
356
237
386
400
390
362
351
347
323
350
335
227
289
357
205
362
329
308
376
356
228
324
396
414
313
409
344
379
365
334
278
376
381
213
386
337
340
333
367
360
329
375
335
370
339
351
354
427
389
323
364
381
403
319
699
364
386
316
396
354
355
336
367
336
404
374
354
367
382
342
300
349
338
341
330
368
356
344
357
336
392
360
344
330
342
368
364
379
352
353
373
225
387
407
302
374
379
351
406
373
373
208
338
350
377
357
371
348
322
350
337
233
308
370
225
325
329
314
406
365
228
388
380
345
317
393
356
374
362
329
278
370
387
250
360
379
305
354
404
368
310
361
328
333
335
343
415
359
374
341
335
398
416
338
356
364
407
414
341
436
405
348
364
355
401
380
297
346
381
313
336
352
384
382
364
347
356
387
355
378
413
353
400
435
317
348
369
393
375
345
371
236
364
398
317
363
362
364
306
366
345
226
336
380
399
369
339
415
338
322
356
194
338
313
273
327
325
330
412
382
221
397
380
346
325
357
381
363
313
358
232
334
390
207
398
392
400
371
370
337
306
384
315
332
333
365
388
310
369
303
314
355
357
329
386
393
405
306
376
408
400
348
352
369
338
373
317
390
392
320
314
394
354
404
346
373
372
380
395
371
335
375
358
345
364
359
314
368
370
340
362
181
358
392
312
350
357
358
340
349
337
185
332
334
387
340
372
335
310
325
324
197
279
357
206
345
333
317
350
372
205
374
387
369
344
340
366
402
382
359
220
365
306
233
371
669
356
387
378
323
321
371
374
404
360
333
361
340
382
350
370
359
395
322
356
357
353
327
361
374
384
382
1105
349
355
409
318
341
362
293
302
313
357
346
579
420
403
400
333
321
379
359
366
395
352
350
345
377
394
369
375
234
344
340
318
355
372
451
319
362
364
247
324
387
348
413
379
358
291
335
751
209
318
364
228
292
289
321
360
360
236
369
366
338
311
361
368
361
391
434
195
363
339
219
362
407
327
377
390
385
332
404
350
392
359
321
373
330
374
342
297
342
404
327
385
371
367
338
361
348
419
334
370
370
362
406
296
386
383
313
320
352
389
381
365
441
378
423
356
342
334
396
355
308
384
346
347
376
391
385
378
219
388
342
307
374
374
382
323
331
381
222
335
378
424
361
386
353
288
347
411
227
284
350
225
387
313
326
371
398
194
348
382
374
314
362
383
403
347
343
248
357
342
236
370
401
349
359
389
331
325
381
312
338
324
367
398
334
392
338
338
400
356
349
363
368
359
358
341
373
422
356
383
388
401
342
342
357
353
324
306
346
387
383
352
327
360
359
378
362
364
375
402
377
374
376
358
345
412
367
343
258
370
338
279
354
345
357
314
343
414
221
323
374
429
420
372
370
334
361
403
228
298
377
221
358
310
343
420
358
243
400
361
379
325
375
356
357
360
362
229
329
347
271
310
402
341
1665
379
366
280
398
360
344
347
319
355
330
355
336
313
422
334
317
380
377
408
404
363
375
388
393
350
336
408
375
340
360
380
344
335
356
323
364
330
418
374
427
357
355
436
375
443
359
340
366
397
361
405
355
372
194
356
579
288
357
405
363
357
355
364
194
321
383
381
390
357
382
314
353
415
209
290
368
229
402
303
339
441
373
220
368
348
345
327
380
346
378
390
360
279
393
359
268
335
377
371
336
338
344
315
404
342
361
329
326
659
329
379
312
313
343
359
618
341
384
357
306
375
349
356
343
285
374
388
397
345
361
362
343
330
322
362
420
337
374
348
365
370
401
343
356
359
322
380
378
342
368
390
378
372
234
342
371
259
351
359
356
325
344
359
216
337
378
380
402
363
390
327
363
305
214
300
360
243
330
325
346
384
378
197
339
382
413
319
349
327
345
366
319
203
368
357
205
336
347
320
361
387
353
310
377
340
369
328
325
413
368
401
321
352
382
334
337
339
373
360
302
359
338
400
361
369
377
393
367
346
383
373
334
284
353
365
392
344
403
353
330
399
354
345
365
342
342
377
385
348
350
408
350
381
230
367
372
288
372
354
364
360
402
367
234
342
373
1517
381
367
362
326
364
323
190
314
353
199
362
296
328
352
367
188
366
411
387
314
384
369
400
374
392
211
371
362
220
331
356
370
358
348
329
301
371
342
375
314
341
398
323
332
327
344
378
335
316
383
368
356
310
361
357
419
378
337
340
400
356
321
408
386
332
349
434
392
394
406
343
372
359
418
415
425
354
366
383
390
381
381
401
439
373
382
258
377
406
302
404
389
383
357
407
416
299
391
454
386
381
404
393
330
359
330
239
331
386
249
403
363
360
407
354
249
376
398
387
360
404
407
375
588
363
214
404
402
214
392
362
400
341
398
349
325
375
387
381
410
342
381
359
458
361
409
390
371
348
379
383
377
358
398
369
406
443
403
450
404
410
673
433
416
322
326
397
400
367
404
381
420
368
351
430
369
411
370
352
387
354
369
731
366
378
373
247
414
367
274
374
401
344
327
396
387
295
387
378
386
372
381
369
329
315
335
241
337
357
267
386
320
372
346
375
229
390
387
437
327
526
362
381
358
353
207
243
407
186
426
384
411
386
431
340
356
402
365
388
350
346
416
350
385
351
341
403
375
372
450
342
445
341
375
422
401
404
398
432
404
404
355
399
353
318
326
344
373
407
382
379
368
368
357
388
405
384
372
370
380
428
331
312
376
355
355
221
355
388
317
409
375
402
394
449
386
260
266
363
404
404
388
429
257
361
313
203
352
425
234
317
324
358
406
411
269
408
365
386
298
387
379
424
362
345
252
285
366
228
413
344
385
386
407
336
359
364
379
380
368
331
381
328
429
346
408
376
369
370
404
373
367
321
369
384
367
396
370
410
431
384
331
382
418
354
291
388
368
407
441
371
370
396
368
392
387
406
374
304
386
383
393
398
392
404
390
251
372
382
295
408
390
389
397
369
323
210
330
359
419
405
420
431
358
375
321
235
321
372
223
389
338
359
403
374
287
358
381
315
323
434
370
398
364
343
220
433
391
250
391
406
378
413
413
351
386
405
386
387
368
353
394
361
408
329
397
369
406
338
449
388
413
307
383
375
385
381
379
386
402
416
317
375
391
354
318
343
418
404
405
355
353
380
424
364
392
406
352
372
368
368
379
336
400
375
414
226
362
380
337
390
382
386
292
383
373
211
367
363
367
384
368
344
302
437
357
233
339
403
228
412
356
349
437
378
265
352
364
349
342
404
381
365
508
303
241
390
415
265
371
366
377
373
371
359
352
384
359
377
338
353
409
352
454
412
310
362
411
363
403
359
395
339
374
414
386
390
404
414
391
386
371
425
382
295
334
330
390
368
379
415
351
431
364
393
394
410
387
329
403
385
380
385
379
376
403
223
327
411
307
414
402
386
319
399
381
196
390
394
410
374
330
354
330
356
307
246
333
341
279
408
318
338
377
369
277
371
371
408
336
388
380
363
406
330
205
398
402
195
364
410
384
369
428
326
307
402
380
365
357
355
395
333
362
393
398
390
418
323
378
345
410
325
354
411
404
408
381
380
419
406
328
367
431
334
319
334
383
363
400
386
410
410
378
415
406
428
376
345
413
361
375
387
404
361
383
286
373
407
315
363
376
375
325
422
369
267
364
362
417
384
379
385
359
363
336
233
343
438
231
372
316
348
391
403
275
438
333
402
365
415
377
381
371
359
290
388
410
239
383
383
360
385
369
340
315
390
363
403
407
330
407
377
355
381
351
363
359
330
336
345
438
358
378
385
354
376
404
435
411
414
311
392
373
378
329
322
362
391
407
383
382
374
365
430
378
394
368
322
388
387
398
414
359
337
386
293
426
393
299
407
402
370
359
380
371
1274
402
376
407
343
388
352
312
384
356
234
328
435
224
386
337
356
365
385
238
362
378
363
329
435
435
377
408
359
294
431
405
245
354
360
376
405
409
371
378
359
369
374
377
367
394
353
368
368
399
369
382
346
372
366
412
317
396
387
383
408
412
597
380
377
324
404
415
382
345
393
371
362
397
373
356
365
356
403
372
339
387
355
412
386
340
404
386
401
413
200
385
365
299
429
344
351
313
350
377
210
387
411
924
387
367
243
191
429
413
237
329
392
265
394
306
358
380
377
254
259
357
399
331
401
372
369
385
362
284
418
441
285
354
371
397
416
360
352
336
414
365
350
822
365
384
362
411
353
374
382
356
359
217
400
338
222
401
363
400
428
406
393
377
364
324
401
382
330
303
332
369
351
388
372
420
392
445
392
404
428
369
362
928
393
407
368
390
372
409
265
367
426
331
1146
346
393
405
358
393
233
390
381
367
402
367
335
370
367
314
224
324
385
230
368
364
347
356
411
265
354
366
436
232
361
359
332
411
290
211
401
353
254
362
402
309
1877
403
356
362
401
382
377
340
339
366
344
422
375
339
383
377
351
432
390
393
445
402
417
389
426
381
438
410
360
321
390
399
310
313
320
340
373
397
407
363
379
444
399
394
407
352
329
332
362
359
366
405
361
411
222
387
386
293
402
387
373
339
422
366
277
412
400
421
411
400
371
298
433
361
219
333
399
283
389
340
341
401
372
248
366
358
361
329
426
368
361
404
309
213
685
378
194
343
377
305
335
360
354
312
413
368
376
359
354
421
356
413
354
409
380
404
343
402
355
441
358
398
393
384
415
382
432
391
380
390
416
383
339
564
375
368
403
415
408
363
401
381
401
370
372
367
345
407
365
338
401
383
367
350
222
513
380
291
402
356
2062
415
432
414
266
398
441
429
399
393
401
318
360
375
240
360
394
224
398
364
369
364
360
251
367
353
377
330
393
376
281
354
332
293
399
359
190
324
387
286
381
413
353
400
410
347
362
353
351
409
340
365
347
329
371
385
349
382
368
381
405
340
424
373
393
365
361
381
358
324
402
380
376
328
390
368
375
378
404
363
374
362
411
388
422
385
339
374
413
387
381
418
391
379
224
351
382
302
406
370
385
403
432
393
215
390
375
387
392
378
360
322
354
402
229
335
351
223
401
336
350
365
384
283
375
410
368
349
444
398
281
407
334
203
419
364
268
379
413
255
372
398
337
376
398
343
381
344
351
363
361
411
352
346
380
383
330
400
410
350
340
383
383
353
410
398
420
390
391
343
444
422
336
329
431
389
369
404
376
381
418
450
394
403
385
377
341
374
383
357
390
333
383
353
218
320
416
328
362
369
357
360
393
377
232
388
351
392
407
421
356
323
358
335
229
321
433
243
362
362
348
366
366
275
320
364
369
338
380
364
292
407
340
218
389
348
242
361
383
304
412
378
350
310
402
336
367
351
373
381
325
403
386
353
392
424
339
400
341
415
338
396
396
407
378
380
408
394
418
361
371
408
316
318
338
352
376
415
352
368
411
360
389
405
365
332
354
371
418
355
390
386
371
433
253
369
383
333
372
402
385
406
379
397
238
334
371
407
388
393
366
333
355
400
217
314
356
220
387
343
345
374
353
249
352
378
389
334
430
353
350
389
515
241
418
371
294
331
387
406
350
405
364
345
383
356
369
335
353
437
349
413
347
340
350
407
335
399
402
379
333
386
358
413
376
412
416
387
386
352
398
404
344
327
314
350
361
411
403
406
355
346
407
386
394
368
341
390
360
388
380
361
389
398
224
343
390
317
354
383
388
358
429
376
231
357
373
401
413
373
401
346
346
401
224
347
406
267
370
334
326
378
398
267
338
372
348
307
378
396
365
406
374
289
447
394
216
339
406
376
355
381
354
334
372
340
348
342
346
392
340
381
352
400
337
382
336
387
383
383
320
387
373
378
408
380
364
365
412
328
399
405
339
300
321
356
375
350
354
387
366
376
394
348
388
327
347
443
390
365
430
365
383
355
251
354
375
274
411
371
393
411
406
336
216
352
354
418
384
401
359
314
350
336
227
332
379
278
333
356
339
417
378
227
373
371
367
322
404
362
385
351
338
241
354
386
248
397
341
387
384
361
356
368
369
334
377
1066
360
376
362
410
308
363
388
375
354
389
383
371
314
345
389
381
388
407
346
390
375
314
394
401
342
288
337
370
360
391
365
354
385
358
395
350
401
337
315
381
401
339
385
340
355
368
210
344
353
333
411
435
331
327
344
372
220
349
382
379
358
391
396
292
358
409
200
314
379
196
366
326
325
368
386
226
346
364
405
315
375
397
365
418
376
229
339
370
250
369
339
402
391
402
331
325
343
328
337
365
341
354
355
414
395
296
381
364
332
309
334
375
303
373
362
377
331
381
376
429
368
348
370
373
318
308
432
752
392
366
371
387
368
331
366
366
374
335
366
398
348
317
403
379
369
359
218
369
347
315
401
401
401
323
369
1028
221
342
387
352
348
387
352
326
329
336
195
289
403
214
347
342
338
348
344
279
391
376
361
319
370
402
393
416
339
208
370
392
244
356
405
358
356
407
386
354
404
343
355
343
328
392
353
392
349
348
392
362
339
362
349
360
315
373
376
383
355
372
380
401
407
325
389
380
351
295
415
362
452
355
376
384
349
368
391
340
427
358
345
401
379
349
407
371
340
362
230
356
420
311
385
364
376
359
344
347
232
342
364
386
405
360
374
319
349
318
231
313
384
223
354
341
329
414
357
227
405
361
389
351
394
378
406
423
312
201
381
370
215
352
394
375
361
374
366
325
357
319
365
355
361
344
343
413
326
345
372
354
325
1044
368
384
305
324
365
358
379
371
373
407
374
309
382
343
332
287
342
358
366
365
343
348
343
391
386
367
339
337
336
416
366
398
362
384
376
353
238
403
390
298
404
398
359
318
385
376
241
333
357
357
380
347
405
343
330
356
187
315
405
227
385
343
334
338
408
219
358
365
385
394
372
384
360
360
313
237
350
403
231
372
368
362
390
369
329
320
358
314
342
362
344
337
315
356
313
331
376
355
328
400
333
394
358
344
416
391
408
335
354
403
367
314
390
376
357
317
362
333
390
384
367
385
360
371
363
382
375
379
315
358
371
339
344
361
369
376
219
390
369
299
401
414
367
413
381
381
197
344
349
350
369
410
313
295
347
356
217
313
402
189
393
310
342
345
370
866
389
375
386
338
376
369
349
398
336
227
360
393
220
339
373
408
397
389
322
334
341
330
350
348
985
360
354
406
389
324
384
339
341
403
390
374
412
371
410
373
359
350
388
401
379
317
402
355
352
322
353
359
410
398
341
379
349
371
386
373
400
362
350
370
369
341
404
378
400
371
249
331
413
297
378
365
378
340
370
355
247
339
353
382
374
408
365
336
392
305
224
327
378
236
333
323
343
382
396
186
391
410
375
341
345
342
365
370
329
199
364
414
224
409
355
359
377
404
341
327
405
352
386
325
343
339
360
376
391
326
370
382
326
374
373
391
358
372
409
385
386
369
406
400
384
330
359
339
342
305
362
362
363
353
361
355
372
367
406
410
378
374
351
379
377
372
401
365
368
368
197
358
413
310
394
391
364
359
371
351
206
386
353
385
374
346
358
303
344
329
233
291
357
226
387
311
322
383
375
222
400
401
345
333
381
418
423
355
336
200
362
354
186
404
377
354
384
368
365
300
390
332
355
363
360
371
373
359
330
342
353
372
308
403
332
374
358
407
388
374
381
340
335
416
343
313
381
339
339
317
326
348
384
370
362
356
346
368
319
344
369
415
343
366
399
337
346
374
369
357
221
346
370
263
352
354
382
289
359
383
236
364
404
352
373
381
364
342
328
400
228
307
393
284
363
324
348
410
412
218
374
379
385
340
410
376
402
375
349
224
381
373
198
387
362
337
386
366
348
338
353
320
374
357
320
351
313
368
313
343
347
366
305
375
373
375
293
365
347
372
373
363
367
386
371
338
711
371
344
286
326
345
414
368
359
391
356
356
365
364
347
372
335
410
375
333
378
374
361
372
211
362
369
300
345
370
392
359
350
347
233
321
363
410
378
410
342
336
1103
296
224
327
337
209
275
299
315
406
366
228
390
362
366
318
407
380
381
421
343
230
370
373
229
390
372
403
358
373
406
334
342
337
373
334
369
361
349
358
391
372
349
347
307
377
373
384
329
396
407
358
356
373
377
390
388
337
407
368
343
303
365
328
430
400
381
377
358
370
346
367
385
381
314
347
369
374
414
356
405
367
231
394
363
296
371
406
405
321
383
366
219
364
395
369
381
414
374
308
352
336
206
326
331
270
357
309
352
405
346
236
367
371
393
334
416
404
401
353
348
236
380
353
211
355
380
374
393
352
347
325
403
368
406
327
369
408
353
362
380
306
311
337
359
369
361
398
357
338
363
403
384
371
347
379
385
355
405
347
350
308
359
345
412
363
354
426
385
384
406
362
366
405
330
425
357
395
405
342
387
337
225
353
374
300
352
399
391
303
363
335
215
327
403
368
366
354
376
356
326
335
226
313
350
255
361
321
321
389
380
212
399
377
347
323
405
347
393
383
338
270
351
375
191
347
373
386
387
381
329
327
400
354
382
342
332
371
340
339
326
331
315
363
337
355
349
375
333
404
355
387
405
333
340
409
362
308
354
380
351
350
372
369
392
344
339
386
374
387
339
333
395
338
348
387
380
359
386
345
341
361
197
344
367
307
373
362
359
340
357
356
257
347
341
345
385
377
339
325
323
321
220
321
383
234
361
309
614
379
373
210
389
410
402
355
384
359
351
357
315
208
359
387
212
390
407
377
409
354
353
345
360
332
374
328
362
365
355
341
372
339
345
364
318
359
369
363
403
390
367
366
394
372
377
373
390
337
375
419
348
292
361
436
380
402
339
383
354
355
378
365
381
328
320
385
340
367
415
373
379
350
254
356
411
295
346
363
383
325
359
388
236
358
364
375
366
407
408
336
347
335
192
328
376
267
363
292
358
391
314
216
339
370
379
309
370
391
393
353
325
227
347
403
247
331
343
368
360
318
354
361
373
354
368
315
331
339
341
403
340
361
374
385
336
332
347
393
406
365
347
354
405
376
352
385
385
284
407
386
354
300
357
352
389
400
366
383
394
380
392
337
363
376
350
383
356
388
406
304
402
411
235
402
369
246
385
418
372
311
371
383
192
338
379
348
353
352
409
291
349
336
212
307
374
228
363
324
312
339
361
277
363
350
385
340
358
362
409
363
336
255
366
349
219
398
406
342
392
366
308
323
402
330
348
333
351
342
325
373
327
321
369
339
332
357
351
324
322
348
396
367
345
362
367
379
382
306
357
378
352
279
381
362
450
348
354
386
391
408
343
339
374
362
346
357
404
351
371
372
393
351
242
353
411
300
347
363
360
409
385
355
219
330
385
361
385
408
354
343
350
335
242
303
387
256
330
316
315
370
396
234
359
389
386
343
430
346
376
339
323
207
357
377
210
385
379
355
391
344
345
363
402
337
345
356
359
384
348
402
348
326
384
359
339
381
369
434
295
354
380
352
407
368
334
400
366
357
377
687
386
308
392
383
444
367
352
398
386
333
339
354
396
347
394
350
372
370
360
357
325
359
244
371
384
317
434
378
367
324
370
371
1026
341
351
390
369
353
377
314
340
404
197
312
368
182
348
309
326
380
376
274
319
388
343
385
377
359
369
360
312
225
338
376
218
362
400
330
410
367
312
327
368
316
358
316
343
406
316
374
360
315
359
339
325
402
389
329
341
354
421
355
369
344
338
345
391
344
405
335
318
315
344
369
382
363
376
349
402
418
340
363
411
382
358
404
402
369
365
342
365
370
206
354
335
281
423
354
354
295
332
353
195
353
382
352
355
400
348
278
364
324
241
297
411
211
329
292
311
388
373
211
375
395
400
378
392
377
338
408
324
238
380
376
219
358
352
332
355
363
307
319
382
334
370
384
345
415
350
381
325
320
390
383
325
336
358
405
416
348
361
355
369
347
335
411
348
326
380
373
345
325
328
359
351
398
385
358
370
389
347
354
326
380
320
383
341
343
365
336
374
405
261
335
372
262
435
380
376
330
365
344
259
363
392
333
389
356
352
318
331
315
185
304
352
217
283
276
317
358
347
255
390
365
354
370
402
345
355
355
372
230
345
378
241
346
376
344
365
382
326
297
370
346
357
392
321
378
324
371
364
338
357
391
374
365
339
354
322
389
350
363
348
355
347
359
373
305
380
385
318
288
328
375
368
394
403
371
376
343
356
333
363
357
339
385
365
355
457
380
369
383
206
332
400
317
438
341
366
361
326
370
203
360
363
400
346
399
365
307
337
431
202
301
345
240
337
292
351
409
372
243
704
348
369
321
367
339
367
371
361
253
304
385
240
369
342
344
407
391
330
345
364
351
346
330
319
407
315
367
343
315
337
344
355
375
353
378
358
358
354
364
347
408
328
340
379
327
370
361
296
292
307
376
383
358
347
358
405
332
334
372
357
366
340
346
371
384
375
359
379
389
241
344
351
281
384
432
374
315
346
371
210
392
384
347
402
381
386
306
324
325
212
316
352
231
331
325
323
348
409
199
347
364
386
344
371
421
380
1078
341
250
391
404
233
369
349
357
361
365
353
353
382
326
360
331
323
378
317
384
318
306
360
339
347
442
352
383
324
350
380
359
380
403
389
329
359
371
349
374
337
315
314
350
353
367
324
353
367
380
351
335
393
392
356
361
401
359
373
402
376
378
195
371
350
287
362
344
372
312
411
366
226
322
379
385
360
397
369
323
334
310
233
308
1112
199
353
304
311
360
360
219
334
360
366
321
401
386
350
348
331
207
359
345
221
321
340
345
383
331
327
300
413
329
345
320
356
376
353
381
337
324
368
357
373
408
340
366
410
402
351
436
343
369
337
355
423
291
352
412
324
316
327
373
356
345
367
354
379
345
362
354
352
391
338
368
381
382
357
393
399
405
240
334
361
285
360
344
374
332
328
344
220
360
366
374
371
345
391
330
308
413
194
297
341
213
357
349
318
379
357
194
346
366
384
346
320
369
1737
367
323
195
392
348
218
357
347
381
340
348
345
318
378
317
400
365
1039
366
322
374
375
332
361
367
359
402
336
377
338
398
356
406
349
380
391
378
376
316
681
420
298
310
344
379
373
348
406
410
367
340
339
353
357
357
330
349
349
330
333
361
350
372
240
387
393
292
348
404
387
355
306
362
257
387
401
401
341
379
352
296
362
402
212
322
373
198
371
353
321
368
360
185
339
363
389
323
366
388
378
426
322
234
373
388
202
388
357
354
367
341
319
317
410
324
393
336
326
371
308
364
331
318
410
358
292
402
366
380
316
367
362
392
363
400
389
350
356
311
376
367
324
317
2067
349
367
367
348
346
348
350
333
369
378
368
342
424
347
357
364
365
355
380
243
391
379
305
1705
390
325
304
392
355
214
378
376
346
348
390
357
327
369
331
187
307
347
225
344
328
321
405
377
191
349
405
343
323
916
360
342
342
335
242
360
351
193
369
364
430
371
349
326
318
412
319
310
379
322
417
317
369
314
300
363
344
333
342
366
341
313
365
341
353
356
356
370
418
355
340
342
405
309
286
333
362
336
382
363
391
347
334
352
321
361
349
369
414
402
335
363
382
357
379
246
334
386
309
354
346
362
328
368
360
259
369
391
375
385
361
351
311
319
318
196
360
356
206
341
334
842
372
374
229
344
414
363
347
377
354
375
371
327
205
347
377
200
364
338
359
350
446
371
332
383
360
344
354
326
429
310
367
343
303
386
385
301
382
370
360
434
370
341
403
407
379
340
392
349
301
349
363
341
286
323
389
393
340
405
352
344
394
387
355
400
364
351
375
354
350
357
353
401
345
250
334
372
286
378
358
348
312
348
345
263
365
374
356
385
371
359
324
313
326
212
578
330
234
329
321
314
382
369
211
348
391
368
343
383
399
354
339
334
204
423
342
219
355
372
323
366
356
348
316
352
318
404
363
393
364
343
369
311
362
362
371
316
372
343
340
407
369
368
1862
337
401
351
348
346
357
375
386
317
314
324
366
342
362
374
379
355
350
326
337
356
385
321
348
371
398
348
374
385
422
199
396
407
263
405
424
380
358
380
392
274
364
390
399
360
371
377
284
347
355
220
2216
375
225
392
306
324
386
367
216
358
375
394
309
374
371
362
406
331
257
402
2277
264
336
363
378
434
313
359
266
343
320
369
323
321
2022
342
387
323
285
359
337
330
323
301
321
326
384
276
388
360
325
389
355
339
258
330
348
351
307
325
358
336
341
370
364
349
383
352
332
366
351
351
372
355
333
381
393
378
366
259
370
329
288
360
335
354
298
335
379
232
344
1378
356
350
365
403
305
397
317
206
302
387
217
341
301
342
400
354
237
311
381
349
331
379
357
372
364
315
280
390
369
265
347
405
344
339
378
369
348
381
326
374
372
343
403
323
373
315
316
370
370
315
422
327
376
312
388
342
418
351
352
342
381
371
333
370
379
333
298
328
353
360
335
353
363
361
351
365
377
355
360
340
367
366
333
381
366
355
415
264
348
683
284
352
361
415
298
343
340
221
371
382
377
362
382
362
311
327
306
210
317
342
233
326
364
385
363
370
238
341
408
372
313
415
366
369
342
307
247
353
352
187
360
366
342
379
346
363
323
1693
312
624
381
364
386
318
360
333
356
624
328
302
369
418
373
407
385
355
394
377
399
401
818
389
367
340
375
339
323
339
342
380
346
364
330
413
408
282
373
383
362
308
391
348
352
354
321
372
350
286
414
363
281
351
371
366
403
375
339
212
360
356
355
371
383
354
339
328
313
202
300
370
223
346
307
335
344
397
208
373
380
391
313
415
424
352
406
353
211
374
431
189
366
379
388
384
354
346
309
402
334
353
379
371
370
307
364
361
334
365
375
318
403
362
361
302
396
353
352
367
337
340
384
337
330
375
1970
291
306
331
279
359
321
380
306
409
359
314
357
341
352
319
368
363
333
405
374
352
961
219
358
347
263
365
400
343
295
360
334
218
358
375
401
376
385
351
305
391
318
188
303
365
218
386
322
322
1991
388
206
355
400
218
243
375
398
355
352
348
203
350
370
198
354
363
376
365
300
314
313
403
310
409
315
346
388
328
371
373
364
379
395
345
382
364
348
329
332
362
372
344
329
344
398
412
307
345
368
284
316
344
403
363
1087
341
340
345
381
344
352
337
339
337
374
367
358
344
387
346
419
218
336
370
272
355
401
412
360
356
364
234
349
354
368
349
362
345
304
351
320
217
1041
337
210
359
319
307
346
368
203
382
398
349
291
363
353
412
376
343
187
391
350
228
355
345
359
409
366
352
308
375
310
342
332
339
397
335
367
312
353
350
362
332
405
378
367
404
410
397
395
352
344
384
361
343
296
353
373
376
312
320
371
335
335
393
384
355
362
380
365
339
336
595
349
357
362
361
353
352
387
210
364
367
286
390
368
364
359
347
355
210
399
370
351
356
404
348
314
390
402
198
321
348
221
374
298
313
374
367
220
332
970
376
308
383
388
368
343
328
221
344
387
227
392
411
362
349
330
331
340
401
318
345
324
313
382
319
385
320
318
389
347
295
369
358
377
314
411
369
343
382
338
341
378
343
330
1161
376
339
333
335
363
389
334
342
383
362
1232
404
401
361
339
322
387
349
359
359
368
371
354
269
317
411
284
376
337
377
317
359
358
222
351
341
342
385
363
359
306
460
315
192
273
336
219
319
313
352
350
371
188
331
348
338
317
360
437
367
432
340
205
419
388
205
350
389
395
345
354
372
291
336
325
406
329
411
376
315
384
335
320
344
346
294
380
360
380
284
355
371
421
377
344
379
361
355
313
375
390
305
340
312
388
351
333
361
337
338
363
366
368
358
359
393
345
363
356
371
376
338
365
226
346
405
319
349
356
394
318
344
345
202
358
379
396
341
395
380
313
315
294
176
288
375
218
316
290
325
360
364
193
415
346
249
219
349
396
397
338
366
232
317
402
234
349
381
361
357
377
306
330
418
377
336
352
359
360
345
345
405
299
360
406
346
293
345
396
357
378
408
360
352
383
346
365
363
300
343
357
346
324
335
384
365
378
372
396
344
360
361
360
360
380
469
372
389
389
354
394
347
363
234
339
334
297
383
403
406
444
351
341
251
390
380
357
328
377
352
307
336
366
241
297
365
265
356
339
314
367
362
213
331
381
371
325
392
382
346
364
336
211
391
379
230
386
676
360
360
351
327
295
380
317
673
336
347
365
302
356
325
330
386
373
349
350
340
386
318
372
1828
354
338
369
404
382
364
303
389
356
332
300
315
389
364
355
369
411
387
370
351
381
370
342
323
369
437
357
423
395
375
389
223
354
410
326
399
370
386
406
370
337
237
359
357
378
366
365
406
294
358
314
227
328
356
270
367
302
333
364
371
219
344
361
376
361
406
401
400
345
340
263
338
389
232
370
345
374
365
359
320
311
353
339
366
348
355
342
380
386
353
333
379
378
317
356
351
357
322
412
376
408
375
369
381
403
380
319
391
379
297
326
350
402
384
356
403
351
371
377
373
375
335
353
349
2361
358
358
406
360
387
378
238
346
369
256
382
391
373
408
344
351
247
324
360
404
372
362
360
287
346
338
220
296
379
200
370
334
339
349
384
247
345
355
370
332
381
399
389
365
311
233
356
384
236
356
348
350
354
374
349
323
378
350
405
331
348
344
329
408
356
330
379
390
333
458
370
372
404
407
350
367
359
371
359
402
426
342
349
341
305
306
339
364
351
379
373
359
359
351
362
355
348
378
346
370
402
335
393
400
389
379
245
326
349
306
377
369
365
358
341
375
230
392
336
386
383
341
355
334
332
405
202
298
358
225
387
343
345
409
389
211
349
367
373
374
393
421
369
382
333
205
374
389
232
351
356
373
345
361
305
325
367
357
361
341
314
374
342
368
335
331
334
390
324
348
334
369
302
398
383
350
405
361
400
380
408
318
347
335
336
313
343
392
356
391
371
642
374
406
359
406
378
364
335
389
382
409
369
367
385
364
240
412
365
308
371
410
367
319
355
361
239
350
353
389
368
348
385
294
319
403
237
320
363
321
368
336
321
367
372
216
351
1896
352
373
379
391
365
345
307
200
351
393
254
370
351
404
380
343
321
336
394
338
373
337
326
349
325
380
314
307
391
430
328
392
342
363
323
361
389
349
388
376
377
399
399
301
360
346
298
342
347
388
404
369
382
366
385
357
359
365
359
379
312
377
371
370
399
370
370
367
216
386
375
313
362
378
384
361
376
342
210
333
367
388
371
375
362
299
336
328
230
298
378
249
362
339
343
363
378
203
336
409
361
1581
392
366
366
380
366
214
347
403
206
393
350
404
368
360
317
303
386
366
362
340
376
373
357
379
345
358
353
408
331
347
359
361
337
359
371
362
411
331
385
348
382
335
360
347
318
300
325
362
384
367
349
393
373
362
367
384
365
328
322
369
402
364
377
391
354
351
228
376
327
260
408
393
349
380
396
327
221
347
352
348
346
392
402
282
325
326
216
319
404
244
364
303
339
363
387
211
405
373
386
335
403
366
359
340
319
210
379
316
253
333
383
372
376
355
350
338
366
341
387
374
319
355
317
383
317
348
358
383
321
345
366
345
326
342
365
354
345
349
391
386
409
292
409
377
292
329
319
396
390
356
373
411
361
386
362
364
353
337
343
374
391
348
368
372
370
402
250
357
350
264
404
342
380
314
377
345
226
372
354
369
352
362
399
299
358
325
218
297
354
248
361
301
310
351
364
182
412
331
465
364
416
383
365
353
340
257
375
389
226
376
382
338
1236
390
337
330
360
339
365
330
344
367
349
341
329
1813
387
384
331
364
339
372
406
360
366
373
377
353
359
358
362
336
366
345
314
334
334
346
340
357
372
349
386
407
325
402
349
375
314
376
389
385
376
367
378
366
231
357
359
264
371
356
365
2057
400
342
230
355
364
391
385
388
363
298
391
399
264
324
384
255
355
339
339
372
354
213
349
377
431
325
404
334
374
348
318
233
363
383
223
374
342
319
365
379
334
316
365
336
377
327
366
361
395
363
406
324
383
363
363
368
335
361
270
371
422
348
359
380
386
347
384
340
374
385
312
297
334
390
390
372
343
383
375
391
349
350
345
359
332
361
382
350
372
373
375
383
233
355
396
276
371
385
345
319
341
340
194
385
360
363
362
359
383
336
330
324
214
311
369
240
348
331
312
374
379
220
389
360
346
347
409
374
356
362
330
259
346
349
226
388
351
375
347
362
332
332
379
341
376
341
346
348
345
428
384
325
380
355
307
371
360
389
405
379
376
395
360
345
366
367
389
308
366
354
313
325
360
389
367
371
388
359
406
361
405
362
367
329
347
388
393
337
384
365
347
366
217
389
363
296
361
391
322
419
386
347
257
391
402
368
340
365
376
323
345
358
203
316
374
209
391
300
314
368
341
197
388
355
376
335
373
384
344
347
287
211
342
377
225
399
348
417
362
359
370
315
357
327
362
340
357
343
356
378
383
369
367
411
318
380
385
379
293
367
391
351
375
386
381
369
403
322
346
369
313
288
334
349
396
384
390
384
372
351
368
340
340
360
347
382
352
406
390
372
370
382
257
399
346
313
372
349
396
358
355
357
224
346
337
366
376
339
340
294
352
357
229
289
333
192
364
315
336
362
375
271
395
411
386
324
349
351
360
407
359
204
343
354
227
393
377
374
352
369
322
325
338
351
370
322
333
357
372
381
339
347
382
387
324
372
351
357
358
371
368
391
376
368
366
394
364
280
382
357
342
320
356
375
344
355
394
408
365
353
347
368
364
390
336
374
419
337
378
363
370
399
236
359
342
306
359
354
353
331
371
350
254
348
343
373
369
345
354
316
339
359
192
289
356
229
359
322
348
381
368
216
327
386
371
321
406
383
371
345
309
236
345
403
235
394
363
388
373
374
345
320
370
284
397
356
356
349
343
400
324
319
389
355
321
351
313
355
361
358
380
373
358
361
407
352
374
298
364
351
332
299
334
359
368
399
352
352
364
383
325
396
366
388
331
359
420
371
381
382
375
391
223
400
380
263
365
401
410
358
356
348
223
349
343
384
373
394
342
314
337
355
255
320
369
217
378
320
324
364
388
199
347
377
350
335
411
388
431
380
319
215
350
389
212
353
355
356
354
372
316
331
370
361
387
323
385
351
322
341
333
320
366
385
312
356
344
375
357
357
426
369
364
356
334
339
366
293
341
366
301
294
343
396
347
402
362
382
379
360
371
390
390
357
352
376
376
339
337
380
348
382
238
391
341
266
371
343
360
321
344
341
243
351
354
384
371
349
407
322
315
296
195
289
412
204
387
324
1353
658
351
228
339
367
369
305
386
393
430
379
313
215
359
350
229
366
387
384
407
391
332
329
376
327
396
349
325
353
299
354
306
329
380
384
316
372
339
412
302
334
378
391
343
379
405
389
366
316
353
385
294
296
357
376
351
350
372
378
402
387
404
343
381
376
337
373
357
348
359
386
373
349
215
392
382
280
371
385
341
330
361
336
222
362
361
352
343
374
364
296
434
331
217
333
335
241
374
316
352
377
389
197
362
383
358
351
405
397
360
321
345
228
402
410
232
423
405
338
370
429
323
330
353
347
414
329
328
368
339
350
394
326
400
357
353
391
360
388
356
375
392
407
331
383
408
411
358
325
403
404
367
294
360
399
388
363
390
362
362
383
402
392
370
391
338
365
405
352
385
364
378
369
260
346
411
335
367
402
379
408
383
358
225
391
352
375
346
391
411
313
373
334
245
337
351
257
389
322
371
367
385
209
390
406
398
340
389
389
368
384
353
243
377
416
244
394
412
406
395
348
333
304
381
359
354
348
373
412
351
365
326
322
380
371
318
402
404
380
328
403
396
415
413
342
394
365
405
404
485
380
347
298
356
366
407
369
350
418
349
375
355
373
422
406
350
359
407
416
378
369
367
358
241
415
367
348
362
385
374
406
407
364
195
350
362
405
406
380
342
320
431
409
263
353
332
321
391
350
337
445
388
231
318
363
366
342
420
383
362
386
331
213
359
404
212
397
436
357
391
409
334
352
385
373
413
314
287
322
345
371
352
349
363
398
309
376
316
394
329
365
382
413
410
372
391
663
404
339
402
377
311
298
324
367
370
376
432
385
346
391
334
431
368
399
321
377
394
376
363
375
384
1555
256
357
414
273
337
364
411
404
380
353
213
362
400
412
350
357
377
290
348
404
249
307
380
216
363
336
339
384
380
245
359
426
348
315
381
355
392
381
336
231
392
356
240
1278
374
399
367
349
340
323
365
315
407
325
379
389
324
454
368
323
358
387
413
362
331
395
337
379
478
408
404
384
394
367
391
317
1197
391
336
313
349
366
374
362
377
391
401
468
373
406
363
364
356
361
344
322
373
362
346
337
207
391
395
272
381
392
359
313
365
350
218
361
402
434
390
360
378
314
393
356
235
321
379
246
363
349
342
413
373
248
367
397
375
310
372
351
387
364
333
265
376
365
247
385
350
352
406
406
329
308
351
352
408
347
370
379
333
429
352
430
371
362
324
405
352
386
404
422
410
402
374
379
385
357
413
316
392
372
336
312
329
404
380
403
385
379
378
439
370
354
416
375
342
386
387
364
384
350
375
370
239
367
357
287
386
400
372
357
342
377
224
386
350
386
371
380
382
328
392
319
202
319
393
250
403
316
327
398
391
232
411
339
369
286
401
378
409
412
313
239
360
386
201
367
350
709
359
375
340
334
366
326
381
335
349
348
351
374
373
353
378
362
343
355
361
371
341
382
381
403
336
345
410
400
403
328
315
400
304
306
329
397
350
380
341
347
597
365
409
334
385
385
341
391
372
371
392
351
385
381
268
354
383
279
358
371
393
357
682
366
259
392
336
362
413
352
358
318
335
404
248
648
344
248
355
335
339
377
423
235
358
382
353
365
370
383
394
385
432
243
369
362
339
334
402
344
371
341
350
381
375
332
405
320
350
343
346
375
326
338
356
351
330
337
345
396
328
388
395
403
378
371
389
358
391
323
417
384
346
291
350
389
378
407
408
731
377
399
399
373
409
358
329
367
419
365
359
365
369
367
269
341
406
296
392
348
398
358
365
314
228
393
382
388
357
355
361
320
338
359
226
306
421
234
389
316
361
391
367
206
359
395
373
331
365
404
376
369
391
194
355
401
239
360
435
361
388
391
353
277
379
325
345
350
325
389
370
413
345
318
392
374
345
404
384
367
404
410
375
406
374
431
385
415
434
314
351
369
322
302
313
405
362
381
433
373
381
364
372
380
376
366
310
383
378
324
377
372
388
365
249
357
412
299
361
377
364
357
387
335
217
359
383
373
325
370
354
379
355
356
200
311
414
232
356
359
343
433
394
215
354
422
365
357
367
377
382
409
363
263
390
368
293
364
366
381
387
382
354
304
401
329
354
319
323
405
346
340
382
314
343
378
317
358
364
374
406
394
347
345
371
401
416
373
408
324
370
408
330
338
344
401
378
405
368
363
371
371
371
388
364
331
345
353
421
420
370
447
361
358
612
307
369
289
365
376
375
321
357
354
194
371
376
420
343
400
371
332
390
332
233
332
402
288
360
371
305
427
447
219
367
371
360
317
364
383
374
379
345
255
390
370
215
395
404
431
397
350
343
317
361
373
552
317
369
407
354
369
1499
309
355
384
400
386
351
425
418
337
394
398
377
343
368
401
413
329
389
403
341
302
318
373
380
405
404
359
349
410
419
307
343
429
317
417
352
380
406
416
348
358
256
367
377
271
382
360
360
326
377
366
189
367
403
420
375
410
390
343
359
337
258
308
369
254
372
321
312
371
408
246
353
413
348
333
365
414
392
384
316
264
392
404
195
321
371
358
381
328
342
332
358
339
359
335
387
411
322
370
400
325
386
373
308
384
363
363
423
356
369
384
375
371
353
401
394
330
381
378
328
315
314
364
368
363
400
406
388
395
435
395
372
394
364
382
381
367
363
415
382
381
264
338
369
318
348
377
363
323
364
355
233
372
402
454
338
417
369
324
344
337
284
305
343
279
395
352
329
351
371
213
388
370
430
310
381
418
369
393
342
221
392
371
213
396
407
338
403
377
328
331
333
357
386
366
342
369
301
450
331
306
404
378
369
402
391
435
290
348
368
391
409
371
399
389
396
326
456
366
376
326
332
367
357
387
361
408
401
353
327
373
358
352
317
379
407
365
408
412
356
391
248
366
356
296
343
362
353
338
395
368
213
388
329
447
351
348
360
337
338
440
241
297
359
220
409
361
321
371
398
233
343
374
375
324
385
356
372
368
372
308
333
374
210
406
386
380
385
345
356
358
338
329
402
350
370
356
332
395
337
349
386
352
354
332
340
376
298
397
370
400
414
384
386
380
422
365
401
394
323
297
343
362
367
366
383
371
392
340
426
362
377
377
342
682
356
378
392
346
370
363
267
336
356
306
392
374
361
1152
396
372
189
387
358
370
348
353
388
328
354
312
221
315
352
250
394
327
346
357
378
214
333
395
458
309
402
394
401
379
354
190
396
401
210
394
373
365
388
375
311
345
369
370
411
358
335
329
347
406
344
253
338
388
358
417
328
406
338
403
399
391
371
400
364
385
386
357
377
405
318
289
322
421
354
367
335
376
351
335
366
367
429
419
339
418
389
389
366
385
397
426
276
337
371
304
431
354
374
357
382
370
197
397
334
446
353
345
365
326
323
359
207
324
383
239
385
313
368
398
450
197
391
389
388
347
387
408
355
351
325
210
403
404
213
414
386
335
378
372
339
319
362
281
368
342
338
397
329
408
335
300
401
337
397
399
334
383
404
364
382
421
392
376
374
396
413
339
361
362
359
301
392
364
369
374
360
379
369
373
393
380
372
384
316
350
380
339
376
351
366
444
270
392
393
255
424
398
350
290
381
341
220
370
362
442
366
364
377
322
335
311
199
300
421
236
391
343
308
385
387
2182
391
372
380
334
390
380
365
369
316
211
357
392
211
391
376
405
356
345
386
382
325
345
404
323
341
391
355
359
370
294
391
382
326
379
369
377
326
379
368
416
376
351
386
437
430
312
335
401
351
302
392
345
406
385
373
355
361
339
404
373
425
328
359
386
385
325
377
407
393
353
241
363
393
279
409
349
325
358
399
366
245
353
401
367
296
368
399
317
359
358
251
333
432
261
354
320
352
422
371
190
369
381
389
362
429
399
355
365
300
190
356
352
1232
396
371
384
375
325
351
337
379
374
380
368
341
416
360
371
348
344
375
338
313
351
362
411
411
366
354
383
393
341
389
398
387
309
363
349
372
342
327
397
406
366
383
368
347
390
432
328
379
360
316
405
393
357
361
386
349
371
223
395
389
318
388
370
370
328
374
363
247
395
353
346
389
362
346
350
370
308
231
292
382
237
443
366
334
422
350
224
390
384
413
330
407
420
383
379
331
214
393
372
264
400
370
2088
400
361
323
330
382
326
436
336
368
441
332
357
421
359
369
337
365
370
346
408
359
378
397
2039
382
374
449
422
384
321
414
394
357
312
335
368
399
341
383
399
368
349
393
440
375
388
318
363
449
334
315
393
2141
365
225
394
397
282
379
357
266
322
364
345
315
368
383
404
335
381
452
368
339
234
250
265
411
265
275
289
374
431
371
232
352
328
377
2133
419
435
458
375
296
240
403
376
252
388
416
356
350
366
329
346
387
348
321
343
321
351
337
367
353
329
359
372
371
400
354
377
322
379
407
325
383
349
413
345
425
305
424
353
306
350
371
351
420
379
369
362
403
334
396
371
380
361
298
369
408
338
383
406
356
377
215
351
357
361
357
375
632
293
345
418
212
389
388
355
431
412
400
325
365
353
226
287
408
226
353
328
343
364
411
195
353
365
366
310
368
418
390
403
356
205
377
365
222
362
405
368
390
388
330
376
380
340
354
1837
565
370
324
394
413
348
405
702
347
332
298
390
406
387
410
363
351
390
401
348
431
336
367
349
319
301
331
379
362
377
446
442
385
345
351
381
334
402
337
392
366
354
361
410
415
413
213
360
365
284
371
386
404
357
373
407
285
388
403
298
307
363
427
356
325
357
225
321
439
247
424
325
288
365
409
220
353
364
401
303
390
422
374
343
354
194
390
405
214
385
398
350
366
383
319
338
389
371
350
358
386
381
336
405
337
340
356
387
374
366
344
381
318
353
386
416
399
371
433
385
401
337
389
380
337
303
360
405
373
348
409
382
370
348
360
369
387
407
329
390
380
384
416
387
413
402
238
390
380
287
362
356
391
404
376
418
265
412
360
359
328
380
403
301
358
302
268
297
426
210
370
309
365
407
328
234
350
375
433
373
368
374
385
414
391
256
405
407
281
346
388
343
358
379
326
322
370
332
375
383
354
392
315
380
361
350
364
463
328
362
333
383
404
402
374
405
370
428
362
380
384
318
417
381
313
335
372
367
404
314
392
370
395
411
348
365
393
376
333
359
378
357
398
383
392
370
221
373
369
310
407
360
337
330
397
362
195
396
360
392
404
390
410
304
437
358
234
310
401
256
1153
298
342
403
413
229
373
421
420
300
366
371
402
373
313
227
363
377
227
388
391
348
420
408
306
326
325
345
421
372
348
384
338
376
374
378
394
377
359
356
386
386
326
386
385
379
395
416
389
382
406
348
406
368
295
313
363
390
434
350
377
372
374
361
381
372
392
340
340
679
356
392
389
408
433
369
209
350
366
327
379
319
350
327
378
373
191
394
375
362
411
433
374
336
341
300
255
293
376
225
324
329
416
401
420
242
347
370
401
317
378
402
398
326
327
210
371
382
265
370
350
346
362
357
330
321
384
343
348
330
379
390
1680
367
364
335
378
367
331
310
366
397
362
374
390
412
362
365
401
357
374
316
401
387
304
301
357
381
2142
327
383
359
370
406
384
387
410
370
313
370
420
374
391
360
436
374
217
389
390
280
392
347
345
356
333
357
187
367
370
386
403
400
355
337
358
296
285
299
378
209
389
290
357
359
385
262
363
350
421
333
420
370
362
373
348
236
436
415
258
351
363
351
383
369
316
313
361
404
379
350
383
372
341
370
350
361
340
364
333
355
372
354
404
371
363
413
360
342
434
407
397
320
408
377
328
337
328
380
405
351
427
382
388
359
364
354
389
372
315
389
368
368
380
408
408
438
222
356
357
324
359
366
385
1267
352
383
270
407
359
348
384
368
413
312
343
320
224
291
433
252
386
298
327
370
359
218
357
361
475
245
385
377
387
382
342
216
363
405
247
353
377
355
387
365
351
331
399
365
372
366
339
377
343
420
374
360
385
372
344
352
453
356
339
368
398
368
381
409
431
391
378
350
350
355
311
343
353
392
381
340
420
333
395
367
379
428
350
390
325
417
378
358
370
378
369
406
238
399
414
296
442
348
351
411
395
391
262
396
353
362
337
408
367
319
344
424
224
332
377
224
355
292
334
400
344
463
346
368
432
333
378
422
361
340
327
261
417
418
225
387
381
316
361
441
349
315
376
361
363
337
374
371
331
375
364
346
348
368
309
365
362
391
412
338
331
352
383
373
383
379
410
293
403
380
334
307
433
407
362
432
385
364
370
358
470
420
369
373
356
369
434
356
380
361
381
369
228
389
357
287
403
382
377
330
349
367
238
393
351
350
2273
423
419
334
392
357
230
300
381
216
325
325
353
374
422
212
356
365
411
296
371
403
411
380
352
228
359
399
218
362
352
348
367
379
324
309
402
380
391
335
338
390
318
351
366
339
405
384
343
405
376
408
319
376
355
366
369
361
414
392
388
300
361
420
306
301
302
393
382
405
360
356
414
357
2229
386
356
378
321
361
402
366
399
382
354
379
241
375
349
314
405
400
392
331
373
379
268
371
389
350
402
423
419
335
438
414
235
298
374
217
347
332
348
390
371
208
370
359
410
313
417
445
350
369
356
210
360
402
257
348
394
374
363
344
319
323
349
347
401
384
371
389
1954
399
382
362
412
381
390
439
412
383
337
378
208
434
367
266
425
383
389
322
439
376
328
328
339
410
402
368
372
415
376
374
351
344
393
384
326
407
352
382
481
395
319
392
202
331
381
348
362
400
658
319
331
371
216
369
382
362
453
355
380
326
374
429
268
293
355
305
328
381
329
421
344
227
343
360
430
343
406
430
346
348
344
201
374
434
243
378
381
377
384
358
316
329
375
415
389
364
346
418
330
699
417
341
367
360
338
409
363
530
326
346
354
348
339
332
412
364
377
369
405
369
361
305
328
314
379
305
393
378
412
335
362
383
364
385
266
372
403
407
374
355
389
241
137
395
357
344
388
432
329
182
342
350
238
1884
361
343
350
380
379
308
365
402
254
289
341
281
347
292
380
379
402
214
363
408
403
296
367
403
343
371
326
216
389
356
234
381
351
392
381
414
314
326
359
348
407
362
345
387
380
389
383
355
360
448
355
386
374
350
358
320
367
359
357
345
367
404
423
327
439
368
317
328
373
377
348
382
354
376
360
328
348
406
369
377
322
399
391
352
365
374
385
374
190
399
344
341
376
376
366
358
377
376
274
378
372
357
346
369
376
347
343
411
244
324
360
222
362
345
343
404
388
219
343
372
387
316
403
370
2246
375
362
193
500
406
253
336
387
431
368
359
312
320
367
340
381
356
370
366
357
377
356
329
359
409
379
378
2344
373
405
364
390
350
388
390
371
362
392
318
385
374
337
314
351
402
379
399
417
364
409
343
470
310
360
385
336
373
382
404
358
369
400
400
238
347
367
345
346
425
342
356
359
374
192
389
337
347
390
355
399
283
354
357
222
305
360
217
388
327
368
433
375
238
399
391
368
369
364
401
373
360
441
207
380
400
203
352
356
389
401
414
341
305
360
355
357
334
361
397
314
401
359
319
377
354
379
354
341
354
358
362
367
362
353
350
361
409
422
364
404
387
314
314
331
381
379
375
365
364
418
361
354
626
380
404
334
393
380
362
470
409
413
431
222
389
426
307
401
339
432
440
378
352
255
387
366
364
380
356
394
336
404
331
226
283
373
243
330
369
320
355
360
230
344
414
421
292
435
376
392
427
336
220
389
1698
249
425
404
412
416
387
404
351
423
360
412
353
357
372
319
409
321
345
374
372
349
352
399
411
463
401
409
446
392
381
434
446
417
354
383
405
338
331
364
414
376
404
440
402
412
385
422
371
393
413
378
439
412
405
372
431
417
406
246
407
408
348
401
433
410
422
366
404
236
403
343
394
458
449
390
356
340
414
314
346
432
228
397
325
346
411
410
271
393
425
382
375
374
431
400
364
370
199
373
413
278
428
425
444
437
390
338
365
368
358
382
371
385
425
348
376
396
346
394
415
410
390
367
418
343
410
428
368
375
404
403
401
1941
354
381
377
317
331
342
379
398
401
417
367
413
429
391
410
379
397
343
433
392
416
388
377
410
369
224
386
364
343
404
379
378
402
410
388
245
361
390
430
352
437
395
359
325
358
207
347
430
271
387
358
389
400
405
283
415
413
427
334
429
420
400
408
370
195
358
373
249
398
378
382
393
406
349
365
728
382
404
332
410
346
2266
384
366
363
432
386
405
412
407
422
337
397
396
442
379
339
360
418
371
331
404
435
324
329
329
332
374
652
390
384
390
406
346
371
384
440
380
408
430
402
386
371
403
410
241
393
359
302
727
423
409
402
409
413
205
394
373
372
365
402
692
336
317
400
297
324
409
239
1624
396
380
371
382
226
359
365
407
366
411
385
390
393
1887
212
374
430
225
389
391
435
440
379
312
327
417
369
418
352
362
384
366
375
355
353
412
384
358
375
370
375
327
403
337
415
358
400
416
384
428
377
381
353
339
366
320
406
402
397
373
312
438
384
377
428
372
409
426
419
443
420
399
417
430
433
221
346
401
331
418
414
362
439
390
410
253
326
334
417
412
407
380
345
340
328
228
320
432
232
397
323
339
411
383
257
375
375
391
350
364
414
397
408
349
253
372
411
259
385
404
365
365
387
431
326
404
335
402
383
414
461
339
390
361
367
433
407
392
408
391
377
340
410
364
376
430
401
358
393
406
354
400
400
382
322
332
399
387
430
416
360
381
376
427
410
359
406
368
358
399
398
397
421
389
433
227
385
419
322
373
414
353
403
370
2430
246
354
410
444
430
434
360
315
313
398
254
300
434
236
378
368
353
394
412
226
394
410
418
364
440
398
403
387
337
246
369
419
235
412
423
410
399
354
348
337
418
377
379
368
357
411
360
432
377
357
415
385
348
384
328
408
404
414
406
400
381
419
369
438
424
946
385
434
310
296
360
368
434
433
374
387
405
386
374
402
407
402
359
1510
372
402
381
379
1676
334
230
465
411
293
415
394
399
359
1623
380
559
386
402
438
346
429
356
340
345
411
242
313
385
569
373
325
361
356
370
246
410
382
376
339
443
410
413
353
292
239
357
383
250
382
376
373
411
344
385
357
363
343
343
365
376
372
379
365
323
348
418
406
407
402
388
379
356
413
416
419
363
375
414
372
416
315
419
379
366
336
340
338
376
406
425
379
1259
425
373
333
368
419
405
400
406
444
405
366
422
411
281
436
420
303
411
393
375
311
372
390
251
361
411
392
407
402
360
373
346
310
265
376
403
266
392
340
361
369
390
284
354
370
401
323
414
418
403
380
316
221
391
380
257
394
408
418
411
384
379
307
384
401
420
351
333
455
344
384
363
408
434
442
351
441
370
401
423
370
392
401
401
435
443
396
424
356
381
407
345
312
326
402
402
366
432
409
392
390
433
384
355
433
326
456
419
414
373
432
410
388
268
370
379
303
444
395
388
405
402
379
242
386
365
385
451
403
391
353
349
357
298
358
393
276
357
315
377
408
384
249
390
382
370
350
390
452
355
404
433
246
349
402
253
348
404
376
411
388
346
376
387
389
415
335
361
356
442
374
392
327
406
354
369
406
390
398
945
386
394
446
403
400
388
416
429
363
404
361
354
330
343
436
401
408
375
364
459
398
434
389
368
344
333
406
405
374
387
364
394
433
239
386
418
300
383
412
375
434
402
408
1715
410
403
406
384
435
400
318
316
322
1808
323
391
220
409
1485
495
420
407
262
351
413
426
355
413
371
399
418
351
262
353
351
260
424
415
419
401
333
364
368
397
348
373
358
351
381
364
402
389
324
358
1774
1805
408
332
371
299
374
408
409
411
375
402
441
416
378
432
377
373
347
320
388
411
410
424
381
370
418
419
399
364
381
363
412
417
388
367
440
438
422
2207
412
411
332
371
410
346
423
379
371
212
320
376
392
358
397
402
348
354
343
262
364
417
264
382
342
384
390
411
213
402
448
396
298
388
385
436
360
413
224
347
397
229
422
416
368
380
408
344
344
404
349
420
412
935
406
352
407
352
392
377
343
419
391
342
424
325
373
1738
374
403
397
368
370
413
381
428
370
322
313
387
274
372
341
399
409
418
418
409
396
432
362
324
450
437
379
380
415
409
394
245
369
425
324
405
378
410
336
362
409
231
392
413
414
387
451
396
343
349
337
255
395
404
221
411
322
355
430
421
234
430
416
416
338
390
413
418
385
415
240
348
374
259
382
403
411
379
412
391
344
370
403
336
366
399
369
397
395
374
314
424
411
359
332
402
313
360
405
387
410
386
400
412
369
404
349
406
442
326
302
362
363
420
393
387
386
429
377
414
420
416
444
337
405
400
394
415
439
375
403
231
413
407
321
406
408
383
361
387
390
203
370
381
1651
429
408
379
316
329
404
215
318
435
212
393
307
351
420
383
254
407
381
357
363
422
420
586
423
366
245
394
417
239
364
372
374
443
377
359
340
366
373
349
370
422
409
403
360
364
356
372
397
331
360
381
429
413
364
400
414
363
425
1561
404
452
331
391
419
380
408
406
366
386
387
456
373
357
397
393
373
438
429
377
361
401
440
374
383
389
416
236
361
415
298
385
368
350
402
386
422
217
357
371
411
405
403
429
353
348
456
245
326
405
233
352
365
408
446
412
273
367
426
412
324
384
429
435
382
360
289
351
431
249
397
404
381
367
391
348
354
420
357
418
342
359
349
320
389
360
337
385
423
412
398
340
361
358
433
435
374
368
386
422
443
405
369
415
418
343
308
361
453
2125
366
381
412
366
418
425
412
417
380
336
2171
446
366
407
363
409
362
256
414
383
277
432
393
2107
403
396
399
237
423
388
413
384
424
335
308
351
376
248
305
386
238
383
326
335
417
412
266
380
376
366
335
395
414
395
420
328
205
406
452
234
407
365
381
373
337
366
348
372
377
951
354
344
367
356
355
348
351
456
335
336
376
370
376
300
390
379
405
389
382
376
374
366
344
410
427
320
321
333
415
401
376
393
383
401
422
404
378
373
357
336
415
428
355
401
371
442
726
250
1682
476
351
408
373
355
435
394
346
273
400
368
417
393
393
415
313
352
429
239
373
414
282
1956
377
337
484
311
292
365
417
388
336
417
441
431
390
342
289
640
399
229
398
434
435
428
1774
390
331
413
353
406
362
348
357
336
355
333
338
395
396
373
412
411
356
319
412
416
406
421
378
390
402
1151
333
418
421
335
311
414
449
369
397
363
362
429
397
410
388
409
410
324
407
404
340
381
379
375
427
236
417
363
321
389
369
327
409
396
396
264
413
371
356
453
1364
423
323
359
335
286
351
424
283
388
363
356
418
385
264
387
415
382
382
449
356
357
408
397
235
396
410
230
384
425
388
377
367
383
344
416
354
327
355
351
447
393
373
380
333
372
411
320
337
396
416
324
398
439
409
425
382
369
402
380
333
409
337
305
296
410
339
342
367
352
339
348
355
349
336
343
345
321
453
360
343
406
342
377
335
204
325
351
314
375
339
361
407
372
373
201
352
328
359
369
332
349
280
331
326
179
280
375
195
357
317
301
359
347
228
347
342
370
315
234
366
361
299
324
182
342
343
189
320
352
352
334
403
309
292
373
331
344
322
326
333
317
343
308
312
352
321
305
338
374
356
317
330
367
335
363
368
388
344
343
331
395
386
299
321
320
400
433
400
324
336
1204
337
371
401
359
353
368
360
363
419
350
415
350
368
238
358
386
308
352
349
398
286
347
362
212
354
412
401
353
384
353
304
320
335
262
300
394
286
367
350
337
349
371
221
394
383
377
295
361
376
404
324
325
236
361
377
245
373
389
376
352
405
322
326
359
348
365
335
343
446
370
358
349
333
428
376
334
376
382
354
296
374
364
350
394
381
363
366
394
296
366
550
388
340
334
404
412
410
380
366
386
347
369
348
386
390
2013
426
369
409
385
419
359
395
210
388
382
307
359
405
420
359
345
362
232
351
379
396
348
380
358
345
329
356
1714
317
361
218
334
321
387
1835
353
238
381
398
362
323
379
366
425
413
307
208
348
361
250
427
417
358
353
410
276
355
328
363
376
343
378
350
330
400
327
305
307
355
364
385
360
378
338
378
400
400
352
348
368
389
409
345
375
390
302
307
338
361
305
373
344
377
388
370
380
348
398
405
396
401
382
346
358
378
379
407
212
350
398
345
378
403
338
339
396
364
239
362
386
370
353
928
379
293
357
310
256
319
410
221
341
309
341
352
349
205
342
367
355
347
367
382
446
381
326
193
389
417
245
402
356
383
374
409
334
331
366
375
355
336
353
384
341
379
339
367
359
412
364
404
383
359
327
367
370
374
361
375
371
378
382
360
390
392
306
338
333
405
416
385
356
371
366
392
403
384
348
371
376
437
403
354
403
397
379
381
243
357
362
272
384
322
410
341
360
352
219
356
367
374
368
383
385
310
336
311
193
307
348
264
349
314
321
364
346
193
363
348
369
327
383
382
380
362
324
205
352
403
205
367
359
383
411
648
343
287
330
387
358
379
367
366
345
403
328
331
349
343
344
367
378
375
328
371
393
370
365
420
379
405
384
322
383
404
315
303
328
434
386
391
370
404
680
339
349
346
349
358
342
415
348
351
396
407
349
406
205
368
418
326
391
360
388
332
354
608
324
361
370
369
355
404
361
311
326
316
239
309
346
487
369
320
364
339
372
211
341
351
352
361
370
367
394
369
852
229
347
404
238
412
346
345
376
339
333
316
377
357
342
317
329
415
309
384
369
314
353
394
325
350
372
390
403
391
369
373
361
403
358
371
417
351
407
389
317
335
346
403
406
384
363
362
380
386
357
321
381
382
362
414
359
391
355
371
389
372
241
360
389
311
373
349
381
415
347
346
212
336
385
390
370
393
353
313
334
356
220
336
390
255
334
308
337
364
373
218
367
362
352
297
373
401
400
358
352
234
351
370
247
385
412
373
417
366
362
324
420
353
309
375
367
440
337
1662
355
305
359
361
332
324
390
370
358
368
356
374
344
417
381
390
383
310
359
404
298
344
337
393
368
399
374
366
373
366
374
346
391
399
350
403
391
367
418
384
349
414
220
346
396
1880
366
361
382
327
379
382
212
357
373
370
406
447
361
304
366
353
236
325
352
276
384
264
335
414
349
197
334
376
389
298
374
1654
400
346
314
195
375
431
235
377
342
356
344
358
314
259
386
361
365
308
330
363
334
365
350
340
407
371
327
393
374
355
330
394
373
410
369
366
360
407
386
336
351
377
294
331
408
393
403
360
378
348
358
360
361
376
354
365
334
386
511
383
362
370
384
405
235
389
407
354
376
367
366
307
369
359
206
342
392
363
402
375
361
295
348
321
217
312
348
269
544
323
320
371
343
232
381
367
357
326
356
381
413
324
332
226
346
383
240
387
383
363
617
344
354
359
370
355
366
395
587
359
320
388
323
333
361
374
367
369
359
1502
408
366
390
387
365
473
378
388
402
310
367
362
347
340
324
417
375
375
410
347
343
376
349
339
384
370
349
418
380
353
388
390
367
415
236
387
378
311
387
388
395
328
351
372
228
354
366
371
351
368
378
314
351
333
208
309
390
258
388
311
314
364
361
214
367
401
389
321
354
345
380
355
355
230
369
404
201
365
365
346
351
407
373
334
373
355
381
333
366
1716
343
339
366
318
359
393
331
372
409
370
304
386
350
351
364
410
347
383
375
332
383
350
313
355
343
406
391
353
361
357
390
380
379
351
347
355
376
409
386
359
350
343
353
378
253
373
369
320
408
373
409
358
374
359
234
344
374
380
362
414
348
319
2193
401
260
309
363
259
362
290
314
367
379
201
386
358
349
322
391
370
384
425
354
190
347
402
216
372
352
345
408
385
341
326
370
341
363
345
322
374
351
377
332
356
410
343
327
382
383
364
404
348
401
369
378
411
392
365
410
305
351
368
346
338
339
371
418
364
367
365
375
379
383
365
395
364
364
391
356
387
378
407
350
403
220
334
404
321
321
352
363
321
341
348
228
393
388
371
395
381
376
316
355
319
213
305
324
260
332
299
350
371
371
223
362
385
351
317
371
377
403
347
389
240
371
421
214
363
393
368
349
396
400
362
412
402
364
1876
346
405
356
373
346
347
347
379
332
386
392
359
333
364
363
361
365
404
380
375
439
359
366
550
318
328
335
413
372
457
406
355
394
390
406
367
387
362
362
413
360
390
381
409
404
378
222
401
378
313
377
389
382
403
382
391
234
388
388
357
374
442
362
314
317
308
215
297
376
232
324
308
324
406
330
210
351
358
428
304
378
354
402
363
329
233
370
367
200
392
401
356
364
392
372
347
376
381
379
339
324
361
329
408
340
324
381
364
356
316
404
383
438
347
368
356
373
398
359
402
369
342
364
363
292
321
351
397
400
412
380
345
360
347
350
352
385
365
346
379
352
370
357
385
368
375
219
373
381
274
368
354
411
408
349
370
245
348
391
358
364
368
342
322
310
314
208
312
368
220
366
309
320
371
351
245
345
349
374
284
355
350
374
367
357
216
349
406
208
417
421
332
396
1806
339
326
387
328
355
334
337
353
319
362
364
307
372
335
321
348
383
361
340
375
2459
338
353
410
338
411
356
327
411
420
243
341
330
372
354
350
394
370
294
339
340
339
341
366
346
392
378
338
346
384
363
381
230
347
342
316
352
428
388
306
361
335
237
408
363
358
354
370
359
301
323
310
224
287
400
199
335
323
321
341
363
195
378
368
362
419
376
352
355
385
334
233
374
337
263
332
341
350
347
328
382
350
336
321
390
358
372
404
346
412
333
294
377
406
339
403
387
380
307
394
340
420
390
371
363
384
377
358
355
376
316
325
356
361
357
335
411
322
387
365
399
350
372
419
337
376
412
306
360
406
345
351
202
358
408
284
363
379
387
315
371
376
201
365
364
365
365
407
401
329
329
633
287
310
376
266
271
266
318
343
358
243
340
389
359
351
390
384
341
375
324
254
366
366
2211
358
330
339
360
366
317
320
372
325
348
331
322
351
315
341
312
382
362
375
347
404
339
409
316
329
349
352
385
364
383
359
362
300
403
334
319
328
327
390
371
348
381
346
403
391
376
346
352
353
347
368
345
348
344
367
340
383
237
352
336
295
411
402
353
315
328
353
234
371
366
342
349
379
379
310
310
403
183
332
310
240
338
300
322
348
359
245
326
370
378
336
393
383
390
382
301
248
340
357
247
341
341
354
369
389
370
308
342
350
378
342
331
357
308
370
329
325
376
366
346
353
383
353
338
362
358
346
360
382
359
422
410
321
358
378
310
315
338
318
356
343
342
386
392
408
350
389
353
368
334
399
390
351
392
364
402
348
209
391
355
283
371
358
370
311
366
356
205
390
385
362
377
377
343
290
337
316
181
292
372
217
350
388
311
358
409
206
350
368
362
324
365
385
362
406
323
223
369
348
227
1821
384
389
370
409
368
308
409
349
401
360
362
416
332
362
359
319
386
2115
318
387
376
368
302
359
399
348
404
399
358
423
354
336
382
364
296
312
323
400
353
346
376
389
414
368
334
329
350
381
330
405
405
363
349
364
345
386
205
364
336
296
357
417
378
360
647
378
214
357
353
385
332
344
393
291
352
287
177
301
369
229
2613
251
297
365
356
193
334
924
368
312
373
366
342
426
306
195
386
377
283
376
354
352
356
362
313
314
1026
324
694
336
325
359
335
371
320
342
716
340
298
409
377
389
305
348
389
348
375
362
359
381
389
367
356
345
292
347
332
353
349
373
371
360
407
368
366
364
343
345
336
370
375
358
353
371
365
344
258
386
356
282
347
373
356
303
359
349
212
343
359
384
350
363
381
338
327
314
219
321
395
213
323
298
314
378
380
226
338
356
351
317
594
418
390
321
347
219
214
375
199
353
371
383
389
313
346
345
413
327
402
332
337
360
327
361
308
304
375
360
312
368
343
368
356
366
348
387
346
368
386
350
359
353
381
388
293
361
342
352
349
335
380
375
345
395
340
350
357
322
346
352
405
360
346
388
399
433
195
360
372
272
351
413
353
313
352
344
187
388
350
348
375
385
379
304
351
409
218
299
386
261
302
325
334
374
371
204
352
372
386
332
400
388
418
415
374
201
311
353
205
372
369
384
371
376
342
328
356
351
375
374
364
393
352
379
331
307
404
387
340
377
384
393
314
385
364
370
340
360
344
343
360
380
341
372
356
301
329
377
316
341
384
355
370
345
340
352
348
349
308
367
390
354
402
408
367
414
193
375
344
271
376
355
385
340
360
351
202
363
362
380
360
371
340
297
361
300
204
290
385
203
329
347
388
364
424
210
339
409
369
317
370
376
357
439
308
261
391
662
191
355
348
380
340
348
357
322
345
334
395
362
363
381
328
357
359
325
417
340
360
366
348
358
324
418
390
421
378
351
374
345
339
314
364
407
307
319
375
347
582
321
402
388
395
365
357
333
361
369
316
348
381
346
358
371
365
355
271
397
368
289
349
537
346
406
369
366
199
388
342
386
378
357
417
298
654
322
233
323
380
247
333
288
331
378
388
197
349
355
375
328
370
368
413
346
304
195
373
366
215
355
341
381
369
349
351
324
356
310
404
367
356
366
309
352
329
302
337
365
295
385
382
376
403
352
371
355
377
338
406
376
346
310
354
381
312
324
325
386
346
373
378
382
351
368
383
367
348
367
349
365
359
379
368
362
400
372
204
346
344
296
364
422
357
341
365
359
220
344
359
384
332
405
358
313
315
315
201
295
359
201
348
294
349
362
417
258
299
358
438
341
373
403
377
344
310
248
342
381
237
365
351
340
417
351
314
300
407
348
347
341
342
334
334
359
358
314
362
375
314
393
402
306
303
385
342
358
374
343
403
348
415
320
416
395
334
334
324
384
342
351
376
350
364
376
359
376
359
339
332
359
353
355
370
403
368
342
223
331
387
259
364
352
352
322
398
370
226
363
381
349
351
430
352
292
333
291
216
268
361
212
345
303
307
369
374
215
352
355
354
310
384
377
368
387
329
211
370
371
181
349
355
398
355
343
335
336
366
328
365
329
357
367
315
392
346
313
344
378
341
377
375
347
406
349
374
391
393
352
407
344
368
321
413
377
330
303
314
360
363
351
360
376
367
398
342
353
366
319
339
380
385
333
356
376
366
351
213
380
374
251
383
340
378
320
361
669
225
380
420
410
364
373
353
323
432
315
205
284
376
190
307
310
328
344
355
196
342
387
334
321
361
401
418
399
317
266
361
369
236
369
359
368
373
341
358
330
361
324
352
341
327
371
324
379
348
334
405
412
566
386
341
362
297
347
355
369
628
399
346
369
356
315
408
400
289
277
347
352
353
382
362
384
401
363
348
366
365
390
330
356
380
347
338
360
403
337
212
365
369
274
353
358
370
292
356
352
196
360
382
880
357
413
349
308
340
318
189
303
406
227
341
340
336
380
2457
257
329
390
365
302
409
373
373
394
360
246
340
382
211
373
352
342
354
2059
328
300
363
327
369
906
421
355
374
359
380
308
363
364
314
230
364
376
157
427
364
354
359
347
390
345
356
330
352
381
313
314
314
388
339
360
336
362
367
361
355
345
379
346
336
885
387
386
353
348
386
389
257
357
387
290
258
343
361
301
282
378
223
388
347
401
314
371
390
296
391
305
195
335
404
223
387
321
308
377
380
195
339
357
335
306
364
380
346
364
315
248
351
362
192
387
355
381
385
349
370
294
392
353
403
371
335
360
322
382
322
332
381
386
344
382
417
363
295
377
345
429
369
349
379
340
361
318
380
386
299
348
333
352
386
364
348
363
340
359
336
344
341
381
325
366
389
345
338
395
384
379
250
373
337
292
355
342
361
302
384
341
238
356
391
353
357
403
399
315
428
306
192
322
370
237
332
305
325
409
398
210
335
351
366
321
387
302
348
356
667
197
389
371
214
392
400
352
365
357
399
317
344
320
386
392
366
357
316
343
331
306
354
362
369
416
350
342
322
375
350
355
407
362
387
353
427
344
380
354
315
519
308
361
341
358
359
371
346
364
367
352
342
349
334
418
361
366
352
386
376
367
260
342
577
338
430
360
406
327
368
349
206
395
389
386
384
597
336
288
326
306
198
277
362
190
361
339
331
393
364
246
379
400
373
333
369
375
375
415
349
224
352
412
213
390
375
377
383
379
347
327
355
310
384
356
389
379
339
392
359
354
389
385
318
391
350
362
290
419
394
348
372
343
365
1621
381
330
350
403
302
314
319
357
352
325
401
341
358
381
338
356
337
373
334
402
395
372
385
413
341
358
240
409
382
323
330
388
348
357
402
366
204
405
335
367
366
365
407
307
362
356
214
303
372
276
342
300
368
391
356
239
352
371
433
335
412
391
377
376
354
215
397
382
245
363
367
373
362
430
334
340
353
356
357
350
366
397
375
379
401
331
385
315
382
360
361
423
319
393
369
421
354
377
402
381
405
306
431
386
354
309
343
406
388
342
404
362
409
336
402
367
360
364
339
357
435
372
439
362
394
405
215
380
355
287
398
397
353
358
315
364
225
421
354
348
326
385
390
904
403
313
290
331
391
243
396
311
372
368
366
235
342
436
438
299
409
401
371
390
350
207
359
405
273
416
401
341
377
391
309
320
347
404
366
332
384
396
338
369
379
323
390
382
349
357
338
353
338
343
373
386
399
364
444
407
392
313
381
354
320
313
363
359
435
394
412
373
404
330
354
381
367
350
672
401
353
362
399
410
398
378
231
385
347
300
340
343
391
357
370
371
235
399
348
404
406
372
397
2269
349
357
242
295
378
248
342
300
353
364
396
205
402
385
433
333
410
391
370
351
425
207
402
405
258
358
380
370
363
2319
336
325
394
354
376
330
354
386
335
366
350
356
359
366
351
378
368
381
316
416
359
346
394
346
410
344
395
359
405
335
330
343
290
418
359
388
431
372
359
332
378
343
405
331
305
403
402
372
381
356
362
376
207
389
367
307
405
358
377
418
349
360
298
370
373
355
445
401
363
331
311
318
267
318
419
300
339
292
331
394
369
211
357
427
433
293
422
413
384
329
332
224
398
430
257
393
403
351
377
388
353
345
384
381
359
352
365
234
303
359
360
360
369
394
346
403
353
390
309
389
344
440
347
385
440
390
395
319
412
409
350
305
337
432
377
339
405
353
446
344
350
415
334
388
339
395
399
363
368
352
410
398
199
371
390
300
357
342
346
338
374
374
216
340
351
345
364
405
401
311
349
420
224
295
373
224
323
326
345
371
358
259
357
414
415
309
412
447
403
320
320
238
402
404
251
362
390
400
395
391
338
350
370
387
354
342
376
321
341
388
334
363
351
381
336
406
354
364
332
395
381
340
368
398
386
401
399
301
401
361
1761
340
326
379
440
424
369
409
405
367
379
398
379
390
353
398
394
383
387
356
385
356
212
358
354
306
374
391
402
356
388
351
185
388
368
367
414
392
386
352
350
326
227
308
352
213
332
309
314
392
358
214
331
383
408
311
391
443
360
369
391
193
417
385
235
405
346
361
372
367
333
303
367
341
377
350
380
408
337
370
396
370
369
364
356
408
362
359
318
368
360
414
403
359
371
353
712
358
389
381
321
343
345
389
402
383
407
396
393
335
373
365
356
359
330
390
401
352
378
407
430
320
222
398
424
309
388
384
354
343
348
359
221
387
353
359
404
354
390
336
375
307
247
296
389
200
395
323
335
387
347
208
375
390
405
296
2201
421
385
378
388
202
392
404
275
349
395
341
385
388
344
353
400
364
399
352
339
380
313
367
330
344
372
406
383
405
374
369
327
377
374
366
385
366
381
399
376
321
398
383
319
351
326
402
385
361
419
358
370
433
379
391
340
363
336
434
383
365
362
375
428
367
240
367
387
337
359
400
396
322
350
353
252
423
348
428
408
403
391
299
374
337
256
345
368
205
417
351
345
409
347
238
331
368
409
292
373
362
347
420
329
238
365
372
253
364
369
387
411
440
319
324
358
362
361
334
358
386
391
381
338
328
370
405
358
356
349
374
315
397
365
393
1934
1919
440
402
408
325
403
404
357
305
366
353
429
403
412
411
386
335
346
364
372
345
353
398
391
342
371
363
344
416
249
363
365
316
393
432
340
320
412
377
220
391
369
357
407
361
411
324
363
402
239
312
428
223
369
342
336
404
407
262
370
408
409
372
389
392
364
352
357
217
684
379
231
388
378
403
384
443
331
310
364
342
417
337
396
387
361
407
362
330
357
379
361
435
353
372
324
330
381
352
392
358
375
386
379
354
409
353
348
638
335
376
343
399
369
374
385
333
380
351
378
386
325
403
365
342
349
357
415
364
225
381
570
304
355
402
364
404
379
373
250
389
376
429
693
343
379
280
399
356
247
305
377
211
390
341
339
368
410
253
406
354
404
287
335
426
376
386
305
236
415
408
229
372
403
340
424
411
352
319
344
344
378
339
337
400
309
386
404
358
393
385
390
389
362
343
407
390
367
357
383
346
361
356
432
332
408
372
319
317
390
376
387
338
370
397
382
321
355
398
364
368
340
357
430
396
409
379
369
435
218
341
360
316
372
345
333
358
388
337
195
401
356
405
348
408
392
306
366
338
284
293
405
282
337
315
323
402
424
219
354
375
400
327
371
434
384
376
308
215
387
412
2144
413
403
364
356
375
351
309
387
367
380
336
348
372
370
401
357
322
351
379
334
419
335
385
404
351
355
416
324
373
361
415
383
323
380
378
341
333
340
430
402
321
406
341
353
339
390
389
374
377
336
401
371
406
372
404
366
343
190
361
388
316
382
357
383
325
372
360
221
392
343
399
331
378
398
289
338
357
242
302
370
216
442
323
318
402
393
214
338
399
429
308
385
401
373
417
385
233
363
354
216
359
393
347
339
415
336
331
416
371
366
333
394
398
326
407
355
332
371
393
343
409
362
405
403
391
371
392
326
360
388
385
426
308
369
385
343
311
327
332
382
360
2070
359
403
362
317
397
360
383
325
363
375
406
371
413
434
405
217
368
411
344
382
382
429
339
366
365
188
390
357
366
388
385
411
351
393
337
242
316
398
189
387
327
360
433
381
256
355
348
416
356
382
385
366
478
411
195
421
399
224
350
400
310
381
391
321
325
364
373
385
359
344
368
325
365
354
343
365
359
331
355
374
351
432
348
387
379
351
357
376
407
409
335
326
384
317
299
354
374
423
382
364
389
403
341
359
393
375
402
357
368
357
365
368
374
345
385
235
369
389
319
360
381
352
323
382
359
291
387
352
361
431
379
371
353
375
303
272
291
364
280
386
318
349
368
417
218
361
411
386
313
404
363
386
389
393
230
398
400
220
365
404
320
382
355
320
326
385
382
354
353
333
408
316
382
325
366
402
377
385
432
327
374
301
376
388
377
400
339
374
409
397
332
392
379
296
308
327
389
401
373
352
385
363
358
325
392
347
369
323
371
361
366
375
364
407
401
319
367
410
305
407
399
329
338
364
355
258
389
374
377
370
365
411
375
328
417
231
346
357
196
392
287
365
383
396
248
337
396
377
306
396
398
349
380
349
199
402
385
248
351
417
358
383
392
348
336
367
356
380
358
339
353
322
382
365
332
353
370
361
394
304
395
325
352
365
349
371
420
351
356
376
356
373
354
290
338
390
408
368
373
420
352
404
331
446
399
410
394
347
387
372
349
377
407
387
379
253
326
391
284
404
410
336
420
381
388
196
417
348
373
354
343
351
324
319
318
237
290
410
233
364
318
367
389
396
240
334
363
405
315
390
391
345
366
371
209
396
377
277
360
365
337
385
381
373
297
380
346
408
334
389
408
326
409
407
352
349
380
362
432
348
353
326
410
341
338
401
376
360
343
430
329
373
389
321
313
390
411
379
546
378
379
374
339
370
431
366
389
360
375
367
347
355
364
406
432
193
389
377
322
367
393
331
317
396
418
213
413
364
356
400
368
390
317
355
320
285
302
370
246
352
322
335
383
366
227
344
411
358
290
385
389
365
392
349
240
365
383
213
360
391
348
377
449
324
333
389
334
401
342
364
373
311
356
347
369
376
388
310
367
294
389
338
360
390
393
377
330
382
352
388
287
404
347
292
283
340
360
395
411
374
358
390
398
364
400
376
364
343
396
369
358
401
369
381
364
254
330
382
258
415
359
365
403
337
359
235
349
370
371
374
359
353
297
350
287
212
324
403
253
352
337
316
394
347
216
425
320
366
323
407
369
376
384
323
202
345
351
194
413
368
431
358
316
340
348
364
341
373
280
374
348
351
373
403
322
334
327
324
369
354
383
294
399
382
350
350
383
373
362
366
328
350
364
274
299
325
359
369
403
377
369
341
367
396
333
354
379
326
357
347
362
368
339
407
390
235
354
359
265
365
390
407
406
358
360
223
349
322
367
400
371
406
311
344
336
191
295
344
248
372
302
315
369
384
200
356
394
408
313
373
421
399
327
347
211
336
365
236
379
401
364
365
369
330
313
375
352
432
329
311
347
341
388
383
332
361
371
337
390
334
386
305
395
422
381
380
381
368
354
365
280
396
338
317
246
396
361
413
290
358
410
385
375
392
388
406
357
327
390
434
296
367
338
371
408
230
406
370
307
358
388
323
403
362
355
248
333
321
374
330
357
386
286
336
1241
187
307
377
241
312
332
333
377
368
260
329
344
359
315
384
412
401
328
333
208
391
345
218
389
343
401
351
346
369
340
380
325
398
322
350
358
340
375
335
323
387
354
363
352
334
382
337
398
419
392
362
355
402
401
361
326
410
376
298
310
307
378
386
355
364
381
338
383
393
384
382
348
305
342
365
337
387
351
341
381
227
362
354
268
374
423
346
315
362
333
266
389
431
385
342
358
401
315
329
302
227
302
360
218
386
302
314
369
366
208
389
410
376
329
390
374
404
355
366
240
359
371
224
361
361
377
368
366
326
332
394
342
358
323
328
340
358
343
312
356
362
396
329
369
352
388
308
345
379
349
401
315
392
352
424
312
368
377
327
324
342
401
357
360
391
390
368
361
351
369
348
379
311
404
380
345
388
361
364
388
184
370
342
294
357
323
403
337
331
344
210
353
363
371
382
349
372
292
348
336
190
322
406
258
333
310
333
378
347
248
334
352
447
351
349
373
353
388
324
202
361
389
230
389
372
347
352
347
337
308
364
346
364
1825
335
341
361
393
315
319
380
388
321
387
356
410
337
371
377
346
395
363
366
388
370
346
353
383
327
321
359
318
342
386
1030
382
380
358
400
407
332
348
345
383
354
359
392
395
390
357
215
414
362
315
374
379
368
334
351
356
228
370
357
378
363
374
434
296
351
358
200
299
360
239
383
305
330
402
370
202
350
389
344
310
421
414
375
330
322
201
354
391
229
386
386
373
349
335
318
326
370
384
358
371
346
391
348
337
327
294
325
356
336
374
346
409
319
362
380
370
374
348
348
379
390
299
410
366
304
299
363
372
352
712
371
365
353
407
392
364
387
350
351
349
406
355
391
405
359
365
230
386
366
262
375
401
338
325
360
356
241
358
360
351
359
365
375
336
353
320
259
307
382
286
326
332
349
366
345
234
337
354
355
319
430
407
348
345
346
204
359
336
198
357
380
367
374
361
312
321
387
368
365
341
309
347
355
348
406
359
335
365
351
356
339
368
310
357
369
358
344
361
392
380
366
299
368
382
319
318
336
388
402
335
388
352
380
367
414
380
348
356
334
402
350
354
402
390
368
356
1319
402
368
270
366
352
342
323
359
334
228
368
379
396
357
357
400
311
317
304
227
314
374
223
328
292
313
348
357
243
370
350
346
348
370
374
347
368
339
259
354
399
255
389
369
352
390
391
332
328
370
324
379
349
380
369
342
380
2091
312
400
365
342
354
343
409
301
396
366
368
354
356
364
390
379
330
407
307
302
315
332
373
353
361
373
385
380
405
355
408
360
392
343
392
380
378
373
374
344
361
227
364
380
299
383
366
341
356
375
347
234
367
