19
145
32
19
72
18
36
181
89
39
19
28
17
201
49
44
26
24
27
145
24
196
31
18
29
102
107
17
20
40
23
24
29
23
48
23
34
24
36
96
41
84
40
27
40
117
151
144
167
38
23
27
45
28
78
53
117
23
108
87
42
124
206
22
24
52
91
21
23
38
130
43
130
125
25
147
32
150
27
14
19
36
33
18
29
214
197
156
198
35
39
35
193
37
17
138
162
98
16
22
149
190
45
26
134
121
34
20
225
82
28
15
30
95
19
234
102
156
180
33
41
97
87
36
132
170
18
26
156
24
16
167
139
23
50
112
32
116
21
40
74
31
27
41
241
184
93
28
16
32
14
103
42
108
159
35
35
164
33
36
53
43
25
33
26
160
136
121
24
25
32
33
136
33
28
92
126
23
151
171
33
20
42
71
34
119
86
153
29
51
18
184
53
24
15
30
173
33
28
128
148
31
17
240
125
143
30
130
34
37
28
17
42
25
32
24
149
124
23
126
15
14
22
112
38
41
57
146
124
65
233
19
26
23
18
198
96
225
118
17
31
77
119
134
26
27
26
200
206
24
90
25
139
36
144
104
25
25
22
26
27
215
24
138
17
27
24
169
27
133
131
34
27
65
21
22
82
27
24
42
143
18
34
22
58
51
189
22
15
117
32
38
64
31
119
180
23
36
97
90
27
32
30
113
159
23
122
101
34
115
24
35
160
20
37
30
82
33
19
17
39
37
127
170
132
31
195
96
34
17
33
24
39
33
16
70
208
191
16
197
54
140
79
130
144
134
16
111
18
46
235
14
67
43
39
46
19
243
143
161
23
161
18
36
141
37
23
22
95
50
147
162
43
21
34
152
223
26
168
63
33
26
171
172
18
159
135
15
104
189
139
107
22
137
29
27
117
22
171
209
34
47
17
153
25
86
21
106
24
40
36
181
139
28
20
131
163
168
153
28
42
174
25
30
152
21
150
30
19
169
204
33
32
25
24
27
155
36
16
104
52
154
35
48
232
177
22
104
27
33
25
22
40
178
46
106
152
38
44
203
159
143
25
89
45
78
17
36
21
74
21
16
40
194
24
35
31
226
70
47
226
91
28
206
27
164
107
38
52
32
185
93
39
208
113
119
129
27
151
207
127
35
26
31
19
20
92
124
107
146
37
54
34
28
194
56
70
51
23
189
168
23
115
25
240
58
162
77
142
151
165
22
16
137
79
23
45
128
49
141
112
24
43
228
133
99
145
18
20
37
20
16
39
48
40
62
13
52
184
114
25
22
96
27
32
191
40
17
45
23
29
28
20
42
25
30
44
126
166
149
160
169
148
25
169
124
113
17
95
167
22
126
29
34
24
108
74
36
24
30
26
126
27
49
90
21
19
25
143
130
175
33
135
57
30
150
16
181
31
34
36
73
26
113
39
127
37
221
171
16
181
67
38
18
128
18
95
126
37
24
147
82
96
25
26
33
26
203
23
26
13
152
29
124
60
148
166
190
225
153
35
24
126
12
71
39
23
197
24
81
19
150
38
36
40
19
30
18
16
159
40
196
102
26
32
190
36
176
32
36
30
83
111
61
150
222
196
48
151
21
51
54
171
24
27
22
39
46
92
39
20
17
29
22
34
147
191
32
165
18
22
191
17
206
16
36
24
101
31
93
189
143
215
23
20
17
37
31
100
20
213
73
27
83
26
39
155
35
151
33
14
145
34
173
137
37
137
22
172
31
40
36
115
22
37
85
15
13
38
15
54
79
22
62
21
169
31
18
22
94
31
30
98
19
28
166
153
28
84
16
221
18
137
206
98
42
23
159
91
168
149
34
28
34
172
18
130
206
128
104
224
17
22
165
147
29
138
135
40
86
32
24
28
23
16
48
205
40
17
12
102
139
135
185
155
33
152
17
27
42
65
28
25
210
204
24
178
123
169
481
49
95
25
18
25
18
12
88
116
22
29
236
202
101
16
182
19
69
186
82
109
43
28
53
19
31
32
160
28
251
54
27
26
130
164
17
25
42
33
151
119
165
32
98
168
26
24
48
53
37
38
30
31
220
129
207
93
15
128
42
58
142
19
22
121
41
33
24
21
162
229
47
175
128
152
26
125
25
122
70
20
88
17
234
235
50
22
75
35
33
158
123
39
133
24
24
138
50
132
40
183
25
161
37
38
24
34
16
120
27
31
127
186
122
226
137
54
36
28
178
25
31
29
27
53
27
16
24
20
187
123
32
21
50
21
39
45
261
29
33
81
74
90
36
60
37
13
25
34
60
19
28
78
142
43
18
159
20
201
28
26
23
194
186
119
18
35
23
28
42
23
19
29
54
174
34
175
25
21
34
43
38
71
253
33
198
124
23
36
22
143
191
20
154
14
33
30
61
14
47
20
16
28
40
174
37
75
93
177
63
208
20
52
74
41
31
182
17
23
172
21
44
31
110
137
185
116
141
51
211
35
44
172
18
31
22
16
57
144
129
35
30
40
148
25
198
60
20
34
46
37
177
39
46
193
167
155
148
129
32
26
19
231
154
19
30
109
86
22
131
14
20
36
183
124
179
152
24
161
131
85
160
18
31
27
138
158
27
222
33
130
150
38
142
21
43
30
21
111
26
142
97
28
96
215
176
142
51
100
26
167
26
196
140
117
17
87
42
176
26
36
17
18
13
63
207
39
31
30
105
140
101
30
39
116
149
216
158
139
24
106
39
53
84
36
35
42
29
36
187
66
26
19
167
18
31
118
217
31
140
117
45
126
55
16
24
35
18
22
50
26
18
22
112
207
25
22
145
25
127
84
24
23
187
104
21
19
136
38
34
29
22
32
17
122
145
147
23
105
29
51
274
149
23
46
28
134
30
192
51
107
39
25
38
47
15
229
140
98
31
118
25
176
19
25
54
44
200
53
24
154
163
126
26
92
19
51
75
26
39
55
33
177
56
23
132
37
55
26
23
22
36
19
65
29
24
93
47
119
75
111
158
156
96
117
20
107
27
41
39
165
46
190
30
20
21
45
21
16
30
142
23
26
21
44
21
113
32
22
149
63
27
21
162
118
108
22
37
110
23
28
102
17
128
38
210
51
32
31
77
25
26
155
10
35
19
16
17
74
208
93
26
30
78
141
197
153
48
23
30
48
97
195
150
46
53
30
18
26
161
41
36
25
22
28
148
40
73
106
124
161
110
42
37
31
14
49
66
178
36
49
29
31
24
35
19
183
43
138
126
43
47
23
207
188
23
36
28
170
199
167
31
23
37
34
16
170
19
118
191
16
40
24
30
27
22
148
23
16
155
82
246
27
140
98
129
38
43
55
175
154
156
113
16
17
47
39
132
24
96
127
24
115
34
26
24
37
41
42
17
28
103
126
235
112
25
125
119
124
151
35
180
26
213
110
102
16
143
87
145
22
184
27
24
10
24
59
24
107
93
19
242
136
153
17
20
43
229
136
49
64
211
22
58
88
29
38
173
21
173
24
182
123
104
119
224
14
100
22
15
166
17
34
18
31
71
35
41
75
200
25
183
181
25
170
169
37
30
35
30
139
88
182
82
107
27
27
31
13
17
18
29
23
89
23
32
24
33
20
15
135
163
17
17
52
13
32
27
28
29
13
16
46
145
121
120
173
128
27
22
158
23
128
21
33
171
42
40
175
18
107
165
168
102
17
19
137
182
39
31
16
37
105
17
27
16
219
17
17
22
20
22
162
113
112
15
15
14
137
185
145
167
165
27
151
182
128
21
25
142
103
96
45
142
13
120
30
141
23
35
30
16
12
50
26
221
24
13
17
19
69
13
24
33
20
174
18
109
226
146
17
152
14
138
28
96
120
18
72
142
203
19
100
119
19
31
17
30
178
119
102
139
109
145
13
21
18
17
138
23
23
18
16
18
17
27
125
36
132
18
142
47
23
99
17
127
23
29
38
150
13
146
19
213
21
16
173
60
123
33
35
37
13
22
139
36
17
193
131
76
54
43
17
29
43
18
107
23
40
143
154
46
19
155
15
33
207
72
138
33
86
92
40
22
142
190
21
58
23
140
54
35
142
18
130
26
170
13
11
136
95
18
22
29
131
22
107
18
18
90
30
22
18
127
120
19
25
98
203
26
16
149
18
149
179
24
194
147
130
130
26
86
22
135
24
14
15
39
27
35
66
25
88
23
29
16
31
190
178
216
32
14
93
89
29
13
73
19
14
161
167
95
46
136
21
20
17
71
181
30
68
83
89
34
18
161
133
163
28
13
211
131
14
130
184
19
16
99
196
21
24
22
29
154
38
32
24
96
119
28
203
180
176
112
138
38
28
95
178
19
74
19
18
20
25
12
34
13
17
15
142
23
18
145
135
21
31
15
95
97
225
14
24
166
144
40
158
169
202
17
71
123
131
18
20
16
40
19
127
29
145
210
193
18
144
133
20
35
31
169
33
146
43
112
18
132
147
17
20
174
30
27
134
30
17
35
169
28
17
33
248
14
116
195
38
34
90
146
25
27
139
20
150
15
31
36
214
227
204
28
121
138
25
180
39
13
12
27
90
113
127
32
14
185
28
19
21
66
139
175
30
22
74
17
114
18
235
165
14
18
45
233
129
42
22
113
17
133
119
118
14
22
163
18
187
117
19
13
21
71
139
38
115
14
170
126
94
34
64
247
182
23
22
18
66
39
174
164
20
194
18
36
119
140
149
14
41
134
215
20
23
99
30
122
17
138
158
32
127
24
18
186
24
33
18
129
148
17
31
116
137
33
13
41
14
30
22
150
165
104
159
121
109
23
14
94
36
266
82
121
138
125
42
16
262
34
159
34
24
36
108
79
30
38
12
22
45
105
112
144
125
18
29
19
142
190
29
46
23
17
22
130
19
22
31
29
27
15
81
173
84
132
16
135
207
169
28
98
21
33
111
113
28
74
142
119
15
163
15
18
32
88
19
81
126
37
33
162
133
57
161
20
26
165
17
16
20
114
15
149
29
22
22
23
12
25
137
246
12
147
110
22
17
33
244
155
15
19
88
216
21
124
26
30
31
15
25
159
157
133
184
100
54
80
16
129
201
19
60
38
28
128
26
28
93
185
21
32
19
127
22
16
28
126
21
214
19
183
34
29
202
192
28
32
83
28
21
24
137
19
143
23
28
84
14
152
31
78
142
217
35
32
36
114
25
21
13
149
19
18
148
36
43
24
172
14
13
156
14
94
21
38
13
23
32
86
14
172
21
133
38
17
211
36
214
131
122
33
75
64
18
17
14
21
27
184
168
34
20
20
20
137
37
24
30
14
27
16
29
87
38
50
35
160
117
16
20
129
143
13
23
168
16
17
196
137
142
28
21
39
26
17
177
35
47
18
33
152
190
18
27
28
117
13
16
136
200
18
242
28
130
20
130
22
30
236
36
19
194
13
14
31
23
17
115
114
86
160
27
149
32
228
16
159
44
29
144
128
145
15
24
28
26
29
39
26
215
31
91
29
18
97
144
14
15
53
35
178
20
157
25
16
37
133
19
203
21
37
125
152
34
119
107
130
14
113
17
22
27
121
37
48
105
23
118
29
131
46
17
162
87
145
126
163
76
16
17
116
17
14
136
29
46
30
18
181
15
245
123
199
470
20
25
24
21
21
35
47
23
114
32
14
40
12
146
13
18
206
31
41
93
16
134
25
20
101
16
31
112
22
17
29
100
25
186
29
159
147
134
56
24
105
17
17
20
127
166
26
17
23
28
172
22
160
13
18
213
129
136
20
27
18
17
30
14
108
38
22
164
117
27
99
162
16
15
23
128
13
171
71
19
20
31
15
121
14
35
100
83
48
127
200
20
131
29
18
217
15
134
48
148
31
13
32
17
13
166
122
132
169
136
20
20
42
94
31
106
31
22
25
14
75
106
64
57
135
15
213
21
105
20
14
18
138
141
20
193
85
17
18
24
14
75
16
144
197
40
23
21
82
20
142
204
113
173
105
68
20
28
18
26
14
252
121
191
29
186
258
32
16
25
191
174
23
152
70
129
114
31
20
126
91
69
21
35
167
30
158
27
145
155
33
83
17
150
87
153
156
19
13
123
163
32
121
172
86
24
175
145
141
13
44
129
33
35
176
16
16
16
193
135
31
21
31
23
160
15
144
241
14
19
136
143
128
22
23
19
168
15
22
131
18
163
113
209
34
26
45
17
119
20
29
23
13
35
166
25
22
19
17
33
139
27
14
148
13
24
23
133
32
20
13
124
169
36
14
33
159
26
21
32
85
23
124
40
141
20
33
30
141
167
14
114
138
130
103
39
132
32
91
40
36
193
120
35
38
26
20
19
147
28
21
194
24
144
21
18
216
83
18
29
139
40
151
162
109
20
119
158
14
19
123
17
35
122
19
23
16
16
17
131
204
107
31
15
29
121
111
30
19
18
14
177
23
176
36
16
16
20
16
93
194
12
96
142
148
118
15
88
25
12
13
48
259
20
239
93
163
32
123
28
44
31
13
140
141
201
30
104
157
34
24
95
15
16
117
38
20
100
140
19
18
138
36
152
22
12
43
50
155
161
126
22
33
81
18
48
49
16
23
25
25
30
99
13
31
153
14
133
129
122
128
32
23
32
30
22
111
62
13
88
20
18
18
172
107
14
202
173
143
47
90
16
185
30
20
42
138
116
113
13
157
31
18
16
21
19
155
16
13
116
102
168
220
23
79
19
28
100
52
37
23
192
20
94
152
192
26
17
141
15
18
18
185
18
29
33
185
178
29
35
18
93
29
17
127
165
72
80
126
135
103
72
19
28
94
141
19
39
193
38
98
25
24
19
33
27
194
165
22
26
161
98
178
138
27
19
43
173
28
242
276
57
25
13
27
40
14
12
35
21
21
25
88
217
52
27
184
26
24
29
24
103
32
189
13
37
18
16
41
122
249
12
13
11
16
16
183
19
19
47
200
27
17
209
30
88
25
17
142
117
22
137
17
23
208
22
32
124
18
52
233
113
28
42
24
33
97
26
36
63
17
37
62
134
28
16
116
18
17
18
96
25
187
104
21
51
33
11
127
191
26
38
30
18
154
23
22
181
129
33
73
12
23
152
36
190
155
15
149
146
22
154
16
14
13
15
16
22
172
16
21
19
26
103
18
23
16
14
123
21
28
19
17
30
18
194
40
26
35
11
152
23
24
27
29
156
31
208
112
148
213
28
43
213
210
15
21
34
138
183
42
17
22
40
18
15
160
39
14
16
33
18
13
211
30
103
197
132
55
33
19
18
84
16
22
251
17
48
145
99
14
44
19
38
73
19
80
15
18
187
18
128
149
178
19
13
18
23
16
37
83
86
23
155
82
28
119
34
143
17
142
103
131
169
28
158
48
32
33
117
39
23
157
34
27
39
94
30
130
17
123
19
34
24
167
17
138
35
167
19
132
103
114
138
33
20
15
19
161
21
88
20
65
12
54
14
31
92
147
118
157
213
19
40
172
19
227
121
14
19
21
13
33
18
130
44
123
198
187
187
19
21
29
164
173
28
25
38
23
105
34
32
14
28
131
14
131
28
21
85
23
13
126
114
152
19
32
123
142
50
36
17
147
18
23
23
99
30
111
18
79
116
27
203
31
174
123
15
155
17
26
153
17
167
24
28
31
220
24
93
14
190
196
17
25
118
117
27
15
104
90
38
27
69
93
146
13
29
107
111
228
35
13
13
106
22
15
21
136
158
34
22
22
140
110
22
21
25
18
79
19
78
162
30
91
13
37
144
19
24
18
129
38
35
14
30
28
38
30
20
208
14
186
178
52
24
33
14
25
32
103
36
18
18
158
12
17
21
17
111
165
24
36
33
17
19
117
14
19
19
123
145
16
19
22
31
196
204
35
100
200
233
15
41
191
22
99
87
176
126
193
30
63
147
130
38
107
83
136
18
127
138
14
204
160
18
116
81
188
157
26
27
42
13
167
63
43
18
195
115
18
212
20
188
30
258
28
31
28
132
232
51
113
34
24
90
91
28
211
189
32
148
140
26
29
26
21
31
13
25
25
14
157
136
134
126
142
122
196
14
102
23
17
32
17
125
22
136
183
18
153
199
31
25
232
13
47
19
17
32
17
22
13
29
20
62
97
88
149
14
16
135
21
161
17
14
27
165
13
256
243
133
22
20
20
222
138
137
45
209
120
28
17
17
169
129
125
148
128
80
160
25
25
17
22
71
176
142
83
17
13
137
34
77
72
27
148
36
101
13
16
151
17
30
28
107
23
35
66
52
20
143
14
28
159
13
22
200
17
151
138
200
123
182
161
24
19
20
28
224
20
18
17
32
20
101
16
23
22
126
100
172
143
32
32
148
13
22
131
15
98
14
42
15
186
17
28
13
31
238
149
30
16
15
18
12
19
31
17
15
24
27
143
19
141
131
93
12
16
22
16
25
12
99
120
69
41
27
13
27
23
17
13
195
136
16
164
92
205
173
19
20
118
17
15
29
109
108
166
154
169
18
95
171
62
29
149
13
15
68
23
14
76
129
155
69
15
157
17
49
28
47
16
13
17
32
83
217
32
18
94
163
26
36
13
32
133
168
32
18
158
89
207
34
26
144
15
21
192
26
88
174
17
144
33
52
32
19
30
23
96
95
112
22
230
159
23
24
23
158
15
182
118
212
38
32
13
75
25
143
19
20
192
24
159
30
118
102
32
13
19
25
35
138
16
16
35
30
39
23
28
12
31
13
129
21
33
157
37
16
13
34
17
15
31
33
18
142
118
129
17
141
152
18
20
16
199
19
145
37
86
27
22
154
37
12
11
252
32
202
214
184
40
29
179
32
137
17
124
16
157
16
19
18
19
121
23
32
34
80
14
108
137
29
125
15
75
123
141
156
23
16
16
27
91
31
201
18
72
30
84
23
100
21
128
138
140
134
155
29
15
197
186
20
23
179
14
18
247
26
183
114
52
201
30
18
24
67
105
92
16
23
123
130
28
277
27
99
125
154
22
103
121
16
17
35
22
87
19
18
34
26
31
126
43
184
18
35
16
29
20
45
16
118
185
216
213
87
11
33
55
126
30
15
110
247
115
32
46
73
33
21
18
140
17
93
17
26
127
30
171
170
16
13
16
175
18
18
15
15
105
196
139
71
13
156
22
136
25
18
196
32
16
237
14
136
147
15
123
110
18
177
32
157
154
149
75
85
37
162
31
29
78
20
105
141
239
160
42
29
22
143
141
84
142
15
34
19
74
93
137
32
69
126
19
33
22
15
25
16
38
182
193
37
122
18
17
13
113
99
34
23
80
191
129
102
98
15
18
181
19
25
115
161
24
19
22
165
25
28
34
17
19
19
18
134
20
129
19
85
27
18
17
97
188
193
180
23
107
44
141
19
20
139
21
20
42
45
133
151
24
53
40
27
14
16
18
12
35
171
24
136
18
208
131
124
153
22
30
14
20
68
47
165
136
20
17
95
336
175
141
73
25
140
20
88
27
207
54
140
110
32
114
25
129
17
223
27
29
74
25
14
13
231
219
13
42
183
20
17
61
213
29
22
170
148
17
117
172
16
20
210
14
259
33
144
218
19
47
31
109
69
18
19
13
113
194
16
21
157
152
139
23
30
159
18
21
22
18
111
198
14
21
87
192
146
245
122
13
81
19
143
112
15
104
90
18
31
213
218
14
30
20
12
39
21
103
38
22
17
152
19
125
14
16
19
13
139
170
127
92
26
15
36
16
30
151
29
155
29
14
162
49
39
19
138
14
171
22
48
33
15
38
28
17
157
239
149
36
17
164
180
166
37
27
116
24
174
114
29
141
144
160
229
25
154
28
144
98
25
168
51
23
31
123
45
16
94
154
167
14
15
19
16
13
19
27
117
120
95
12
134
162
119
17
122
25
33
34
88
19
28
159
206
123
34
28
28
18
17
22
175
143
151
19
22
197
84
121
29
119
19
14
28
62
106
241
33
113
33
17
110
14
228
19
23
189
133
89
34
183
18
138
122
21
108
15
39
122
19
28
117
23
43
222
116
17
19
12
24
15
17
18
17
180
103
121
208
27
159
22
209
56
118
127
29
157
174
31
110
141
164
84
134
17
161
163
43
120
15
142
181
98
198
14
18
171
28
15
31
41
129
63
33
39
25
113
177
174
173
133
172
112
19
83
159
212
158
130
16
186
152
91
169
198
201
115
24
159
174
11
158
114
101
197
33
21
16
31
41
14
111
125
17
29
34
152
20
39
17
138
135
149
20
139
21
48
20
221
89
22
20
32
27
31
20
27
12
179
14
131
15
17
20
107
36
25
149
150
24
19
19
70
100
31
22
108
121
18
160
22
193
169
27
104
283
20
22
107
253
30
211
28
172
46
30
14
121
144
23
68
97
159
20
126
183
85
132
38
110
24
35
29
12
34
13
18
84
115
132
88
114
151
34
195
32
42
25
31
64
16
17
111
76
31
38
16
18
127
19
138
100
23
188
29
105
25
136
67
18
22
18
85
97
188
20
44
95
38
149
28
30
240
161
36
193
32
121
20
21
86
27
28
137
19
80
17
209
75
158
37
133
84
15
116
23
25
119
18
121
187
35
139
64
20
23
37
210
50
76
24
36
14
104
141
119
129
33
33
132
33
208
213
121
163
85
188
30
36
97
23
13
140
25
121
31
31
44
19
19
15
23
23
121
101
18
22
31
117
17
32
150
132
124
18
17
18
24
32
29
16
91
43
17
24
128
14
167
22
239
24
18
130
33
169
27
128
113
26
111
17
35
26
206
28
20
89
113
28
172
77
15
36
224
36
100
21
14
24
135
202
142
29
12
13
17
30
144
30
29
37
27
117
44
46
28
175
14
125
108
113
17
17
156
31
36
100
22
19
21
206
97
161
18
35
152
20
127
22
14
77
92
17
17
23
43
14
167
161
149
85
13
51
44
34
18
235
106
24
140
138
22
156
158
150
33
30
85
153
21
18
31
17
14
211
13
48
124
178
104
16
22
16
14
46
29
127
127
136
13
208
13
133
20
200
30
36
39
123
168
125
121
17
91
180
62
25
147
17
17
115
29
153
14
31
37
150
23
216
141
121
19
124
129
126
130
14
86
14
15
18
28
156
184
26
31
137
28
22
17
15
25
98
145
18
123
16
129
27
14
175
140
193
158
202
30
13
169
13
208
124
191
66
23
184
98
130
22
105
31
190
28
103
127
16
136
41
22
133
28
37
196
27
211
194
32
20
236
258
167
61
33
162
147
15
49
31
34
15
33
140
97
93
89
163
44
32
61
166
13
123
64
21
193
52
18
15
27
19
18
147
204
130
17
35
17
30
16
130
43
89
43
125
131
141
117
181
35
29
18
231
111
22
20
183
29
31
16
166
31
92
130
181
97
23
27
31
184
121
36
29
117
23
13
135
160
22
96
19
52
238
24
31
222
193
175
36
133
148
22
163
135
80
21
13
36
251
18
24
21
52
137
13
25
32
114
108
31
103
23
21
114
157
142
19
177
20
15
28
121
104
180
190
17
20
20
18
199
142
227
18
175
14
36
13
125
142
14
13
23
19
21
37
28
133
225
116
51
32
22
125
33
177
13
21
122
124
183
29
16
178
33
141
138
32
23
180
59
75
196
18
35
144
31
33
40
166
16
14
149
38
29
67
31
95
119
109
14
19
24
214
31
90
17
108
33
115
89
24
107
114
43
13
202
46
156
127
30
130
207
31
125
24
173
150
14
29
17
126
133
178
160
17
26
133
103
163
127
29
13
28
109
18
85
22
96
174
13
18
32
125
29
164
123
18
164
41
13
13
22
26
91
23
16
145
179
27
32
88
13
141
175
127
124
19
20
18
92
185
150
20
168
21
114
95
20
30
12
104
136
136
14
83
25
167
18
116
180
14
187
195
236
21
54
129
24
44
20
93
37
172
19
36
33
37
30
106
18
34
200
32
23
174
27
38
119
81
29
23
29
22
136
144
26
164
26
24
22
12
21
180
221
123
236
34
58
12
94
183
31
175
23
160
19
157
13
57
163
44
29
31
21
143
33
140
37
16
17
18
130
119
17
34
18
30
24
112
158
181
176
122
136
97
73
26
18
35
161
39
40
138
34
117
136
34
22
115
90
121
142
28
168
13
39
24
13
101
136
122
25
39
34
126
144
214
186
23
108
18
30
33
205
131
20
24
24
13
125
142
168
35
143
34
132
41
15
112
17
21
35
26
33
98
184
74
98
19
29
19
17
38
124
21
130
22
18
179
13
14
175
32
185
129
32
40
156
33
159
139
117
34
27
13
38
31
24
16
173
185
179
221
18
126
31
32
157
30
44
33
37
100
14
137
19
80
39
149
142
119
20
17
24
18
112
21
40
198
72
82
119
17
24
14
118
44
135
17
26
21
12
163
21
14
102
97
107
15
31
94
38
29
23
142
197
48
86
98
19
32
99
156
31
171
25
35
192
111
18
161
120
35
13
14
109
29
103
207
38
110
193
195
106
103
36
155
121
209
21
24
16
36
35
40
102
91
164
28
124
96
27
115
16
20
25
18
132
19
18
34
26
38
18
103
22
159
53
90
30
96
111
41
22
45
22
18
26
189
158
103
14
115
31
26
17
18
210
16
40
13
33
125
22
17
41
27
17
105
32
168
151
12
23
185
13
33
38
13
36
17
17
25
19
212
128
161
16
57
14
33
142
38
26
133
134
24
31
202
30
15
254
19
163
23
28
116
128
15
22
18
27
145
15
194
19
27
14
22
121
29
25
14
134
15
20
57
188
13
41
159
27
27
27
17
13
19
223
140
19
185
51
124
180
20
19
122
210
34
100
17
138
28
143
29
103
218
122
210
168
117
194
18
148
198
33
19
143
30
39
144
154
18
13
155
20
148
16
161
132
23
112
20
16
65
30
20
128
172
152
155
60
24
23
123
62
13
31
96
194
17
49
18
15
14
96
23
196
13
218
26
37
17
20
41
16
154
74
25
18
163
164
18
212
92
22
21
146
109
20
25
120
142
109
201
127
14
20
324
57
161
167
130
173
17
25
14
161
183
17
16
18
32
21
14
17
100
56
18
55
202
15
91
140
139
22
29
146
18
46
99
18
142
164
148
134
91
126
78
20
136
122
33
81
26
21
13
193
21
21
18
83
159
147
30
125
20
33
24
144
140
15
12
21
129
31
27
94
13
93
25
186
189
14
33
68
24
137
224
31
168
142
109
38
36
40
33
26
199
37
17
107
104
13
16
142
164
18
18
109
33
31
22
16
14
28
78
13
151
32
110
27
17
49
113
35
147
23
35
35
21
38
127
18
163
17
203
145
16
88
13
50
14
117
20
22
18
144
15
113
157
21
117
215
133
28
150
30
119
176
136
13
163
15
34
154
201
14
48
93
80
112
66
41
23
31
13
104
39
195
115
99
151
135
105
168
152
16
40
15
18
19
142
59
19
200
37
22
84
96
155
200
30
128
16
146
35
143
23
15
18
21
12
24
36
32
19
142
141
18
17
151
27
31
22
30
15
34
53
19
27
15
22
44
175
106
111
177
134
23
124
43
81
22
189
100
109
28
214
114
19
27
19
14
96
110
24
88
14
84
31
17
207
33
50
123
18
21
18
180
19
132
17
115
215
26
44
37
32
15
188
113
82
249
17
155
118
17
224
137
17
121
53
13
56
56
34
22
146
105
78
30
225
21
18
30
96
24
112
17
25
25
34
126
91
20
17
157
24
125
114
115
16
35
115
17
21
13
17
20
32
20
14
28
33
35
20
193
28
15
158
35
173
23
20
221
105
20
25
133
26
16
87
21
196
140
140
130
181
102
25
127
16
176
26
18
104
35
34
15
33
34
39
40
27
18
16
140
134
19
141
22
19
15
137
26
31
16
110
27
129
23
16
30
17
22
12
145
159
181
19
31
16
11
34
28
31
36
180
44
18
147
43
78
121
75
125
153
21
134
17
104
18
125
80
35
15
15
19
224
141
172
228
122
128
15
50
23
15
23
174
19
21
13
20
23
43
13
226
89
24
85
17
28
199
28
91
23
158
38
25
87
188
27
29
125
148
150
30
22
91
20
24
15
259
143
127
20
18
227
21
118
79
149
168
22
17
182
145
190
100
93
21
120
145
21
15
152
128
40
17
151
22
29
104
18
134
12
19
108
18
74
39
221
140
150
28
69
130
32
73
34
137
20
23
34
35
176
137
13
189
14
15
84
32
258
145
29
40
16
69
189
16
13
127
230
128
14
17
151
44
14
139
201
18
16
97
129
17
32
23
73
13
164
15
97
116
111
18
125
32
163
18
18
157
135
185
135
44
194
24
16
189
174
39
117
33
19
28
27
26
15
82
31
102
135
18
99
23
26
18
22
22
22
17
21
124
77
27
134
20
26
37
66
23
145
17
31
17
30
20
134
23
172
16
98
80
30
13
17
33
42
139
154
126
16
15
134
120
19
169
227
32
17
21
34
183
37
24
46
22
77
29
109
110
31
15
184
113
30
154
17
170
171
29
210
36
29
13
34
13
161
114
13
37
21
16
40
158
26
28
25
22
160
18
35
115
19
160
12
199
139
25
26
13
19
20
28
55
15
15
37
126
17
38
32
178
21
154
100
17
16
204
152
26
29
23
127
33
17
95
19
244
27
194
18
18
14
148
112
54
125
209
187
19
16
22
184
17
137
19
145
127
110
132
166
23
29
18
158
132
134
198
163
21
112
26
35
87
18
190
31
103
31
143
26
145
92
29
23
20
201
28
171
14
124
14
173
19
17
123
18
15
29
24
21
24
54
21
18
41
88
18
19
168
39
177
158
18
26
15
29
15
28
13
217
19
163
203
137
43
152
75
127
133
30
18
20
135
15
32
85
173
18
83
13
140
20
14
38
75
19
188
14
89
143
119
40
20
191
13
141
209
50
53
147
92
26
22
136
39
124
23
103
202
30
36
15
18
181
33
150
120
14
16
102
151
75
118
14
17
96
139
71
13
163
203
142
148
20
30
58
24
145
33
35
106
143
149
100
18
23
122
32
18
86
34
18
26
126
85
20
132
134
72
23
155
121
20
117
21
17
95
197
23
20
30
209
30
177
29
29
30
31
123
25
121
157
30
15
187
15
30
22
191
136
125
13
31
156
229
169
86
18
28
197
118
67
25
23
108
27
19
17
260
14
17
13
16
130
15
15
183
205
23
15
196
180
159
142
30
144
58
131
30
38
36
14
21
208
16
139
191
151
19
16
19
19
213
23
100
205
27
72
112
16
151
97
103
134
32
28
114
170
20
174
148
18
92
43
168
218
35
28
144
33
32
231
21
25
33
133
36
132
59
50
113
21
13
194
166
121
14
18
144
115
18
34
30
106
27
134
17
23
26
116
18
145
16
45
63
163
52
13
23
100
19
185
14
205
155
33
143
135
34
38
19
144
22
29
15
39
55
145
44
191
15
44
18
14
157
126
38
98
18
176
28
174
12
196
35
30
18
22
120
99
29
23
31
18
101
102
13
20
18
25
16
159
102
47
159
90
25
129
103
94
43
116
188
176
118
117
176
14
46
26
18
17
21
16
30
42
28
18
17
32
125
190
29
14
243
18
96
13
157
45
25
141
73
127
38
135
31
109
30
12
173
17
122
29
35
16
101
69
102
31
152
28
179
175
132
16
18
84
21
25
20
139
36
29
181
27
34
124
26
13
223
34
199
30
15
160
19
23
21
17
18
36
40
12
135
88
178
16
211
100
153
21
20
94
69
83
13
173
22
29
194
30
32
159
94
13
142
167
146
32
18
22
166
118
30
21
161
116
165
15
33
124
140
27
205
163
38
152
99
28
197
38
174
29
17
19
13
17
14
139
18
17
34
211
33
37
14
26
106
19
36
236
20
144
135
16
25
177
30
140
195
177
14
23
149
146
118
18
30
27
21
19
201
138
14
126
17
171
216
37
23
163
17
17
140
26
25
33
169
139
192
27
16
126
38
29
30
165
21
25
17
165
43
226
18
16
176
205
31
15
123
14
113
146
125
18
21
26
18
121
213
153
84
175
154
31
32
25
15
18
34
92
23
109
34
45
157
140
89
129
130
105
120
44
28
22
15
26
13
22
17
26
101
141
185
30
21
145
28
120
24
34
14
119
17
17
103
169
37
232
139
187
164
102
25
22
112
193
76
167
13
150
180
33
18
160
12
23
176
123
182
155
25
34
86
97
128
155
89
80
17
24
36
116
33
170
82
192
18
117
36
148
167
201
118
19
18
26
224
36
33
33
13
24
16
258
18
132
35
32
118
107
14
123
32
28
140
19
139
33
33
126
35
28
133
23
170
30
19
63
25
18
17
18
17
137
103
32
24
199
18
122
88
20
117
17
21
24
20
33
50
21
18
31
216
148
26
69
95
15
182
30
15
19
27
162
14
32
16
43
176
90
91
22
19
161
32
118
189
23
13
120
19
32
91
19
45
32
22
29
188
169
63
157
19
27
18
151
149
17
28
118
29
142
28
102
241
204
16
113
17
13
133
18
11
155
101
25
156
145
156
17
16
192
26
58
17
14
32
180
18
45
34
150
29
126
18
40
28
20
149
78
23
128
142
18
175
28
147
171
15
98
32
42
123
124
25
21
145
16
22
93
183
20
17
17
23
81
133
188
14
102
25
18
206
142
32
234
18
139
145
63
26
35
63
178
42
17
135
158
26
164
16
158
88
36
127
114
13
21
16
16
167
492
33
40
24
23
143
148
19
116
153
15
244
25
226
22
25
26
174
130
86
36
13
19
24
66
27
83
22
103
22
30
51
41
133
37
16
28
212
145
253
176
144
149
18
30
165
16
15
135
143
40
162
18
23
16
23
15
13
25
160
21
104
132
45
17
52
138
25
153
115
36
35
86
14
225
26
16
234
16
13
21
44
15
13
21
28
27
16
18
115
177
18
157
23
33
121
32
18
69
127
50
184
19
14
187
136
30
31
169
111
20
164
20
94
185
36
28
19
18
38
18
28
32
47
16
235
192
221
134
27
22
34
29
28
149
22
13
29
32
28
16
208
124
18
24
125
156
62
18
85
111
162
135
31
17
18
23
17
185
18
174
19
63
150
33
33
112
146
65
31
35
152
167
114
165
85
145
29
16
13
35
40
23
19
120
24
33
88
164
19
43
199
28
18
148
14
32
138
19
16
143
192
149
113
32
104
146
33
13
30
102
16
240
37
81
111
18
19
32
131
17
37
21
132
34
164
15
148
23
20
19
16
160
14
23
72
118
164
155
18
143
83
24
32
17
118
110
183
111
25
28
32
16
30
23
111
19
35
28
34
27
33
174
13
18
27
15
24
14
16
22
36
28
136
13
57
23
19
14
46
22
217
34
18
162
52
118
163
13
24
32
12
156
157
16
30
23
143
233
14
133
136
20
17
130
37
18
185
186
17
20
15
112
18
117
132
156
176
145
233
86
34
17
32
17
164
16
91
17
17
47
163
71
167
25
134
216
16
21
103
182
13
34
75
13
150
25
25
26
99
154
19
36
24
154
187
29
22
38
113
17
32
18
153
127
194
13
107
168
180
17
48
16
30
47
194
35
50
158
28
133
136
14
22
19
196
120
79
28
224
136
133
14
193
94
129
12
190
30
31
15
142
32
171
24
173
143
132
21
28
119
205
50
89
177
112
135
123
100
23
179
19
15
142
22
122
121
113
93
46
15
219
143
241
131
78
122
99
156
13
30
122
15
38
33
17
146
129
166
28
107
136
106
23
84
154
27
18
14
121
50
13
13
23
23
29
187
139
29
144
19
22
23
18
23
99
33
112
153
23
100
17
90
22
178
29
139
26
23
121
17
15
100
15
213
102
23
179
137
133
25
204
160
18
22
31
34
21
93
26
121
173
31
22
174
16
16
17
36
121
26
18
20
15
117
142
17
29
17
19
17
203
27
17
44
17
98
14
95
192
16
10
13
124
121
104
17
18
85
27
154
13
86
18
17
22
115
217
176
233
31
14
130
14
17
31
113
18
19
111
28
163
25
16
16
23
31
224
38
21
16
46
153
93
15
22
96
23
16
173
32
22
31
32
141
20
31
97
193
16
28
22
37
149
79
81
19
17
26
34
27
33
17
154
35
42
34
17
131
98
24
132
29
137
18
100
42
22
20
24
155
212
16
63
16
32
93
243
100
52
84
116
23
15
15
195
23
159
30
128
29
40
30
14
116
119
28
102
80
14
33
122
88
142
31
24
135
18
13
112
16
20
28
17
13
32
101
110
14
148
14
31
24
28
37
21
83
16
21
182
16
18
31
21
14
15
113
18
15
38
63
15
34
38
126
31
13
60
13
120
33
29
183
234
166
252
150
138
29
93
19
17
25
34
20
20
18
199
29
14
214
137
29
137
27
24
22
19
24
121
159
115
32
20
23
31
119
148
26
19
111
79
19
13
157
15
20
27
207
13
20
20
149
29
152
136
42
27
52
137
26
116
113
35
111
14
230
146
148
93
143
15
201
17
49
27
123
28
30
37
21
91
18
215
148
64
19
147
140
247
18
29
19
108
16
155
17
32
129
25
219
32
19
26
167
172
148
107
128
13
195
204
76
14
154
147
110
30
22
231
31
16
24
17
22
13
87
24
190
17
47
64
115
31
21
34
231
17
15
64
184
30
30
15
21
198
13
107
15
50
21
23
14
78
137
179
143
128
30
19
131
103
19
177
208
15
37
128
15
22
125
17
29
201
117
111
186
130
22
12
16
12
15
24
189
19
29
45
118
177
53
14
22
22
14
53
169
112
23
13
151
95
136
17
186
129
34
207
43
17
218
168
101
15
14
19
218
156
29
19
41
174
18
43
31
81
124
23
227
23
121
124
174
156
141
19
17
33
186
148
12
17
138
22
191
112
211
13
48
183
19
22
210
25
17
135
156
83
102
37
231
31
24
17
41
141
87
168
18
32
18
106
210
138
155
138
17
39
22
38
155
29
22
16
19
21
29
125
196
30
15
29
42
16
12
14
19
89
28
21
31
20
109
118
15
13
34
30
145
167
45
27
32
14
153
160
23
114
15
29
30
14
144
124
121
25
17
22
21
37
15
184
23
34
32
26
140
169
32
166
142
143
17
228
94
161
43
32
25
21
25
112
189
20
33
14
59
45
31
135
17
112
160
19
25
115
18
103
14
21
13
203
22
29
34
148
42
16
24
19
119
150
41
213
114
171
22
16
16
34
19
27
22
23
107
33
116
22
77
24
30
134
135
36
121
96
19
213
36
192
169
18
46
134
15
107
16
28
27
25
67
28
94
152
22
21
36
18
99
114
228
30
135
59
30
25
111
14
42
64
29
28
20
16
30
35
13
116
120
15
132
98
127
68
131
29
96
31
143
17
22
147
43
85
135
42
19
104
43
233
30
17
21
159
191
171
21
145
37
78
159
22
28
206
23
105
18
14
159
32
18
122
185
172
154
45
101
17
114
49
51
14
18
18
168
33
138
29
172
170
14
18
18
22
131
21
52
30
98
16
14
88
128
31
33
117
13
19
13
132
199
21
148
122
100
130
28
22
72
147
143
21
13
26
93
17
130
105
145
29
20
123
31
14
129
202
13
16
133
32
74
21
188
116
23
13
23
22
13
155
20
121
114
22
22
17
194
17
19
117
133
163
18
13
185
22
146
80
131
29
22
14
17
22
19
31
21
45
14
33
103
113
43
13
98
20
14
222
170
41
26
33
25
29
17
28
16
160
185
16
152
23
16
176
28
26
98
113
29
177
32
13
130
13
28
23
29
161
14
134
125
114
150
145
35
198
157
138
130
24
159
31
174
51
16
21
146
31
26
14
142
20
56
131
138
29
46
23
30
146
162
25
24
220
112
85
19
194
17
22
157
18
29
189
16
16
90
24
71
32
22
137
19
22
11
86
42
16
27
200
240
196
24
95
27
150
84
25
111
153
18
145
83
11
32
161
49
27
11
19
23
19
30
26
14
25
118
33
127
157
19
156
28
28
106
19
14
23
124
20
160
27
172
106
19
36
153
154
26
112
192
32
86
116
32
34
174
11
121
17
19
16
52
31
35
34
45
89
21
22
34
214
21
124
12
17
14
18
111
133
181
119
120
225
16
37
75
24
19
54
12
182
13
16
16
32
141
16
137
24
18
128
145
14
28
176
17
21
23
120
25
160
35
17
16
179
16
30
30
101
112
14
19
189
89
29
14
214
128
18
20
17
89
21
21
32
141
18
21
16
79
17
148
99
15
159
183
39
80
135
23
24
130
60
19
144
19
21
13
27
17
162
120
49
72
14
120
115
18
101
24
166
25
14
14
154
53
18
21
16
16
129
29
16
21
20
127
120
23
13
25
150
17
29
41
16
27
31
145
18
37
39
22
13
116
34
12
24
33
72
53
156
27
96
104
209
17
20
20
25
18
123
16
27
49
96
22
16
19
16
21
17
144
19
19
15
110
18
104
22
34
178
182
36
17
204
13
21
187
263
183
146
142
184
18
142
37
23
38
132
28
18
24
15
13
106
80
23
61
30
134
57
138
14
22
149
22
16
162
17
29
50
144
22
172
22
22
94
29
56
133
42
17
100
19
118
17
162
23
96
24
21
127
25
158
19
18
21
528
34
182
17
76
42
157
129
23
90
133
15
29
80
19
162
47
157
132
45
185
141
13
27
14
22
111
13
122
33
26
32
17
17
28
210
136
19
137
19
162
232
24
128
110
31
20
30
14
13
17
103
145
28
23
155
21
15
14
18
164
14
71
92
95
158
17
19
152
16
19
98
24
19
28
23
36
23
27
29
114
151
14
42
20
204
123
25
196
32
99
122
18
97
16
17
28
75
30
131
123
133
24
28
26
91
269
230
21
15
124
19
18
118
85
187
17
120
21
146
185
19
17
125
30
20
29
163
30
127
15
24
75
21
16
215
18
17
103
15
22
145
37
77
20
30
36
26
138
36
34
235
15
29
19
13
42
18
28
30
101
185
216
127
159
22
91
62
31
24
112
32
82
116
19
163
28
126
21
31
121
18
19
138
36
48
76
106
21
19
19
15
21
31
165
37
17
53
140
22
183
116
26
78
92
135
143
24
96
19
118
19
144
179
23
143
26
122
176
109
130
16
209
189
25
31
19
139
197
156
216
16
105
101
112
26
27
111
39
17
162
22
22
58
13
36
116
236
36
167
22
105
21
167
19
18
25
19
175
25
105
32
20
17
14
30
65
100
154
121
116
18
29
33
44
36
35
22
134
91
154
40
156
17
130
86
15
37
186
126
30
109
112
123
219
39
47
29
31
137
25
179
132
18
34
33
22
16
27
180
25
28
37
107
176
31
112
18
100
28
101
16
50
45
36
31
17
160
15
28
148
45
29
119
184
110
165
18
155
23
21
27
134
32
152
26
13
18
14
64
118
101
127
37
91
177
25
111
176
32
78
91
17
29
124
128
83
202
120
141
31
20
17
116
69
17
74
14
170
200
22
23
14
158
80
14
149
94
165
16
201
19
37
44
126
16
206
19
129
24
167
146
254
37
15
21
213
182
15
18
231
18
123
138
22
182
93
28
18
98
70
157
17
49
32
13
102
25
148
153
26
23
147
259
130
204
14
18
136
17
143
159
152
88
31
23
23
20
17
123
123
110
157
14
33
37
240
236
126
103
160
18
126
176
156
16
28
18
159
15
208
152
98
22
17
41
15
131
137
187
124
19
196
185
17
169
40
119
18
17
200
19
137
21
22
147
127
14
33
96
150
45
80
234
160
19
16
152
137
119
15
24
117
31
142
16
24
192
157
29
24
89
26
17
17
77
155
79
163
20
29
175
30
15
31
177
194
113
17
20
139
17
26
97
22
17
15
85
107
26
145
60
18
145
187
18
31
14
34
21
29
88
166
39
69
108
152
18
34
124
14
130
17
18
109
16
12
17
110
19
17
27
22
131
42
33
29
32
216
25
166
18
22
207
180
33
16
156
22
15
18
49
83
24
38
171
18
32
152
32
180
200
15
122
147
134
25
103
160
149
33
143
142
23
214
23
17
33
160
138
19
33
219
18
129
217
137
19
139
17
131
15
28
48
165
17
48
21
23
14
22
161
153
19
13
157
170
18
27
34
38
19
15
13
17
26
123
20
28
77
21
126
24
25
19
16
37
203
186
37
97
28
220
18
514
70
69
247
482
46
41
145
532
147
186
104
78
215
96
47
76
341
209
46
33
254
51
27
129
188
36
41
48
52
36
211
398
30
170
170
136
214
434
74
39
82
134
182
638
234
155
345
218
500
117
152
38
47
456
283
59
30
175
455
190
337
193
435
57
538
58
41
406
45
156
164
380
48
23
31
45
184
118
224
175
27
34
23
22
51
34
181
154
41
66
67
265
32
117
15
130
57
94
38
45
28
214
37
249
442
408
278
101
35
265
100
240
42
15
285
40
33
216
24
36
69
60
231
22
180
44
69
112
178
51
68
36
285
55
71
103
231
229
258
38
243
58
25
133
119
23
577
140
32
87
28
278
165
31
16
477
40
47
96
67
24
41
90
25
22
238
30
251
472
176
654
271
90
35
150
193
240
434
57
93
97
222
159
40
299
33
447
60
44
193
138
118
447
141
165
135
60
26
59
40
245
227
44
19
112
405
29
79
305
369
262
252
29
292
50
421
145
227
26
37
36
156
105
72
246
287
422
74
91
63
39
67
427
23
376
162
317
152
69
296
519
40
202
110
68
35
99
133
261
33
25
234
14
111
229
49
71
46
36
45
35
270
114
42
34
153
414
168
14
213
29
41
25
159
50
304
165
160
436
27
90
23
29
154
28
162
380
47
134
160
311
184
314
219
134
28
23
93
138
243
237
196
73
501
127
139
26
329
58
52
17
34
15
214
212
221
42
289
500
56
64
116
49
310
153
32
80
157
256
68
376
188
323
140
37
89
395
41
33
104
219
104
96
245
122
516
145
41
160
170
23
62
14
319
52
182
85
334
25
148
410
56
28
18
74
261
13
73
45
238
42
207
68
34
20
51
18
59
30
386
239
39
45
128
22
124
193
27
33
186
70
144
151
38
139
208
28
37
241
43
225
504
275
68
143
510
176
209
20
168
110
86
293
63
403
207
366
454
216
296
357
376
104
458
109
70
100
22
212
204
30
38
23
122
167
24
53
73
193
76
67
91
172
24
30
41
175
435
282
74
191
258
44
366
40
144
115
343
429
157
72
88
237
579
133
80
198
27
90
165
94
258
48
196
18
221
474
449
172
57
162
133
396
382
18
127
203
31
74
29
23
117
25
41
44
51
150
18
35
46
22
45
73
183
185
276
28
36
377
134
39
182
449
308
33
532
56
564
148
34
164
153
111
233
441
152
141
162
524
60
115
304
179
135
454
41
51
89
387
29
149
294
158
284
201
21
461
103
345
82
153
157
308
515
41
226
38
45
221
38
157
203
166
284
47
210
433
65
25
40
112
196
442
106
96
26
271
44
66
36
42
249
212
22
167
270
82
37
531
155
198
217
150
35
270
77
29
148
183
262
45
25
50
243
406
410
41
184
33
390
335
15
433
145
38
121
226
406
199
324
478
138
23
40
39
42
98
239
56
16
399
141
47
122
334
41
43
35
186
50
276
29
20
184
302
268
25
465
14
28
199
20
25
87
173
177
35
34
315
204
17
48
263
93
163
147
30
161
14
239
482
119
58
30
213
715
130
100
82
145
126
107
82
73
77
34
62
82
159
161
244
119
139
56
238
28
70
144
50
66
51
352
202
17
27
442
101
230
41
18
66
18
218
45
154
90
217
30
127
419
49
35
32
68
90
19
84
555
102
49
420
292
190
43
128
136
20
229
142
149
228
32
75
65
162
75
67
354
357
33
44
638
435
21
99
103
586
44
31
165
82
18
67
22
42
25
292
106
101
36
18
52
28
252
338
90
424
263
61
23
241
37
110
447
31
121
246
138
28
23
44
22
178
180
31
31
15
58
62
165
233
305
443
18
254
32
73
286
236
98
109
79
114
29
202
24
143
216
27
25
30
86
504
403
160
229
20
246
29
79
145
323
114
464
50
50
61
612
106
476
14
138
22
232
46
301
44
36
33
35
167
187
450
281
28
67
44
32
38
99
23
68
36
192
20
122
61
136
69
27
27
42
288
74
360
46
52
12
46
62
14
361
131
32
405
135
58
163
119
133
246
121
69
232
319
194
30
67
50
203
225
193
145
58
43
221
50
423
364
150
236
156
22
241
156
119
52
152
276
137
63
247
42
78
115
67
55
113
371
208
76
149
226
332
236
504
88
37
24
64
25
310
20
139
453
404
146
210
382
331
59
60
23
35
62
133
60
193
432
94
470
509
85
95
34
12
167
39
352
122
233
73
60
84
36
69
72
158
248
448
78
17
176
332
140
13
27
95
456
169
237
191
29
28
173
389
32
156
62
226
195
293
26
78
443
62
123
220
34
63
39
80
164
445
176
57
185
189
115
102
28
109
23
32
259
359
84
62
107
54
186
92
17
50
173
22
54
180
112
28
115
251
29
139
84
131
33
290
145
118
36
24
146
369
34
50
444
90
45
139
291
35
37
452
444
178
107
230
58
20
115
476
358
50
406
193
33
35
156
144
36
76
40
137
107
22
71
157
28
82
74
199
79
46
56
29
391
145
235
228
196
27
52
130
248
118
18
49
422
452
148
230
74
39
41
185
17
45
25
46
150
69
491
266
34
207
39
241
26
94
260
409
79
541
51
41
35
150
69
157
130
688
86
99
55
68
30
87
500
464
504
155
103
468
242
495
29
20
25
19
44
28
89
381
100
264
37
156
323
168
210
356
262
46
109
346
56
107
31
30
97
151
194
186
30
40
27
42
124
30
29
25
142
233
31
489
83
86
23
54
37
36
40
162
386
43
155
72
78
114
38
347
193
112
22
30
140
37
260
165
138
86
59
510
195
196
100
245
123
220
60
127
235
30
100
128
83
671
69
36
112
42
23
25
168
34
55
252
120
126
40
75
175
46
143
38
136
278
78
65
17
358
111
112
46
179
224
30
211
238
22
61
65
31
106
74
81
320
306
298
18
53
409
381
115
375
59
218
176
226
21
520
101
213
49
25
505
186
140
25
178
75
58
203
709
71
62
209
76
33
163
239
450
66
99
116
226
523
23
112
26
20
28
119
111
228
307
273
185
43
61
250
62
74
26
164
350
282
55
40
154
123
105
243
37
26
178
507
98
119
475
132
36
45
44
32
175
114
81
212
32
278
20
75
44
16
36
117
128
62
174
252
33
548
48
177
128
138
154
219
17
140
54
28
29
209
223
28
37
699
165
438
236
29
72
12
92
236
96
20
177
40
239
14
26
17
509
180
37
147
318
97
287
248
83
157
15
25
35
111
212
114
180
72
105
289
45
296
153
119
25
31
181
68
37
142
32
42
446
232
221
143
45
78
35
25
147
63
168
161
66
208
141
33
369
239
111
17
30
27
119
41
23
94
45
65
77
37
483
272
50
146
127
33
48
343
109
172
57
24
216
139
210
161
24
341
159
74
89
193
31
24
227
36
32
435
100
82
96
102
116
46
31
33
36
31
28
136
205
31
28
420
46
233
21
41
70
477
495
22
73
215
146
167
427
68
348
85
489
27
116
273
68
269
25
52
375
39
275
149
26
37
375
277
103
163
55
94
580
213
262
115
34
74
25
166
336
83
39
33
23
223
326
21
420
312
32
30
46
54
315
53
103
31
94
103
29
61
42
55
25
132
46
37
78
137
120
63
37
131
597
329
70
338
34
41
37
29
26
41
85
18
226
18
40
44
155
260
24
64
32
152
454
30
75
81
22
183
356
19
106
118
347
370
40
96
166
89
303
32
51
211
149
131
54
94
29
299
510
68
117
356
104
34
34
320
26
223
117
540
38
99
176
172
186
175
80
37
128
153
150
209
31
160
124
85
484
49
264
512
173
427
25
55
513
518
48
81
28
389
29
291
50
40
142
89
41
184
457
30
23
72
145
228
148
183
40
82
161
93
440
437
30
70
555
89
66
327
72
85
159
183
70
346
176
27
139
36
70
37
64
151
110
229
85
52
44
422
28
164
60
52
40
180
261
397
44
41
32
120
21
108
167
27
235
173
210
20
170
106
100
125
99
82
20
99
26
50
459
23
40
184
47
83
279
185
60
214
55
237
360
208
71
65
269
238
82
45
488
75
35
29
40
284
53
127
209
141
43
197
38
185
81
90
227
147
38
144
51
124
50
43
77
71
147
73
212
410
34
28
245
39
20
109
40
179
401
32
27
37
96
456
105
240
401
33
309
47
131
147
332
227
500
151
27
209
29
37
70
146
400
145
60
266
274
58
187
87
31
28
35
18
18
32
335
398
59
37
110
179
38
266
36
24
201
144
105
170
284
37
411
163
36
227
98
497
103
46
482
23
81
60
27
136
84
227
31
62
77
18
48
203
63
310
47
152
36
188
29
225
112
51
169
19
142
82
200
50
157
158
164
50
259
440
44
38
141
100
63
275
67
42
32
428
192
42
169
41
567
78
421
40
206
273
389
27
69
639
112
49
126
141
97
18
421
344
78
36
231
58
30
219
298
300
216
387
144
53
241
283
310
70
17
216
117
202
314
39
297
32
98
59
81
39
19
42
32
26
334
153
232
104
112
34
37
57
16
20
49
182
168
445
74
209
228
326
189
54
17
32
569
54
205
48
105
139
433
134
92
420
403
183
28
209
245
51
40
136
29
248
310
282
63
30
94
409
101
16
177
142
519
137
97
123
371
123
326
151
36
275
52
195
32
321
57
36
55
219
276
22
45
512
172
477
32
166
233
468
58
52
62
121
50
117
223
24
249
30
33
104
155
277
73
22
301
25
17
98
327
94
478
33
280
396
502
198
222
90
23
245
199
194
286
382
118
142
21
88
369
33
25
43
100
52
21
106
162
59
596
63
36
25
189
90
38
331
44
212
443
200
59
22
545
153
68
185
77
62
29
688
200
52
47
211
27
29
50
281
173
134
180
401
187
57
47
103
27
540
80
196
59
490
122
228
166
39
505
88
130
145
135
50
325
28
59
422
43
45
498
165
94
74
65
40
20
53
502
560
36
149
45
89
40
329
278
223
151
397
122
94
125
209
108
255
217
52
32
25
156
60
17
81
76
315
327
171
690
80
32
144
34
47
58
527
20
216
43
104
27
208
36
209
32
158
247
39
189
25
169
326
54
36
46
13
219
228
61
224
28
27
59
13
290
27
99
224
25
26
395
186
109
178
45
459
41
189
28
18
83
65
401
20
294
15
59
148
344
188
116
42
231
27
52
140
478
464
17
76
36
28
40
110
113
497
208
45
269
35
525
92
121
488
199
100
28
91
540
168
89
79
43
39
110
369
498
201
58
199
52
28
59
17
32
155
187
39
202
249
16
108
135
41
45
28
69
22
238
74
35
23
233
244
285
53
161
36
127
74
30
64
48
110
62
132
25
160
273
24
20
119
133
96
33
82
45
226
305
461
66
48
188
142
116
51
47
19
221
215
27
16
38
42
74
160
17
68
156
209
421
200
89
100
24
24
251
127
51
227
452
171
300
120
261
359
241
417
143
103
314
60
114
351
27
213
37
422
108
484
383
44
270
492
15
430
406
82
52
120
33
163
526
195
90
54
102
179
107
54
173
140
268
61
430
31
235
24
35
32
439
135
32
36
115
430
287
111
234
156
38
77
44
32
264
51
79
123
67
168
62
152
40
245
23
21
273
165
73
43
148
134
37
45
197
28
253
21
160
35
368
185
31
258
187
214
284
532
30
130
114
34
90
99
26
327
122
56
141
138
233
508
44
16
47
95
201
484
154
30
41
27
217
28
27
32
79
60
153
56
29
366
86
57
153
35
310
264
259
79
56
90
169
382
242
32
35
305
214
27
16
318
202
22
41
407
149
98
33
222
228
16
210
79
117
103
167
55
47
31
120
85
96
131
15
170
22
105
257
22
51
183
126
44
49
26
117
286
31
374
26
445
244
28
48
182
36
192
196
327
49
399
325
546
87
21
32
23
28
138
428
168
161
41
20
646
24
128
102
36
398
499
47
30
297
34
439
35
212
37
52
22
53
400
236
45
219
412
37
143
115
206
418
425
26
90
301
27
81
286
49
17
44
46
64
44
37
136
472
40
40
36
30
254
49
175
134
37
131
229
23
125
221
601
184
67
26
141
139
225
70
27
136
279
123
191
33
68
15
60
408
133
174
87
24
85
227
69
413
20
109
49
175
212
140
439
54
85
318
159
235
476
476
147
44
368
27
147
19
97
167
47
21
23
57
172
53
183
39
92
476
293
20
68
18
25
68
39
166
373
594
31
578
373
35
525
25
94
266
227
190
34
244
73
92
100
214
29
105
33
58
140
139
16
381
154
270
29
331
84
102
374
395
28
83
155
38
133
152
27
68
140
208
144
134
117
179
297
155
41
186
67
577
168
114
112
25
47
84
208
239
218
121
111
21
264
184
43
429
32
414
49
19
206
283
72
213
70
89
59
68
217
42
547
489
75
19
101
170
291
20
166
45
34
178
244
26
56
317
54
346
73
18
52
27
345
58
178
201
216
189
197
44
56
44
18
22
211
469
438
265
80
170
338
66
149
36
20
27
220
45
349
221
26
40
349
128
539
200
256
62
17
58
192
95
59
83
84
15
22
23
257
136
17
81
116
55
166
24
30
243
101
144
161
92
96
223
62
52
17
76
33
14
93
21
177
284
168
403
60
52
383
151
17
136
122
32
32
31
50
24
224
29
36
68
43
25
59
31
19
31
208
37
89
20
41
395
27
38
168
251
106
297
38
34
182
54
31
147
190
135
361
147
41
26
24
121
19
140
162
397
87
21
198
31
405
350
174
131
239
26
29
177
41
172
69
26
41
26
546
227
100
324
87
484
27
221
225
30
62
171
93
445
192
40
400
184
94
240
240
163
356
26
141
113
460
29
93
173
244
26
154
160
56
423
140
40
39
131
492
99
42
63
37
192
140
187
92
150
94
38
262
185
515
93
294
92
90
48
245
63
246
111
77
78
43
23
702
251
23
38
42
29
80
37
155
78
133
121
189
51
20
178
101
63
35
138
112
417
31
273
225
188
328
21
405
80
43
287
41
23
313
162
37
40
285
143
161
62
187
257
223
320
193
50
31
33
145
24
136
132
77
437
134
133
495
182
336
33
27
20
248
173
229
139
37
76
40
36
19
15
233
182
205
229
251
243
78
95
295
55
49
62
36
238
34
329
115
120
76
83
68
482
52
33
140
181
31
50
22
76
252
185
41
58
117
28
161
55
166
37
60
59
95
38
434
247
451
286
304
299
139
39
47
130
41
305
65
49
93
27
43
206
512
125
176
19
79
75
15
44
129
159
23
113
72
187
54
101
57
33
32
108
33
57
136
35
27
238
23
159
46
238
29
92
214
85
328
45
229
21
216
443
467
138
30
284
415
182
261
262
127
147
21
84
31
216
264
266
71
33
43
106
171
61
33
117
26
41
29
194
501
20
103
302
39
101
39
22
94
197
381
51
24
173
450
476
76
182
24
24
86
34
44
380
51
48
20
257
118
283
56
323
27
36
495
34
34
22
84
76
40
67
97
306
665
186
23
43
168
189
241
61
132
157
270
33
601
148
74
507
28
26
113
22
15
367
283
37
152
508
45
104
198
190
244
327
22
19
111
109
57
54
38
335
200
60
177
32
86
85
15
409
50
27
153
227
105
410
299
111
154
30
80
165
64
55
30
60
557
220
259
267
335
15
223
91
217
162
214
26
120
24
376
79
53
13
197
84
200
19
53
176
219
53
176
476
331
53
269
154
152
165
19
208
169
24
29
199
314
503
374
20
290
45
250
477
191
41
118
30
167
405
20
436
57
102
360
19
353
82
22
102
175
21
42
169
327
165
27
25
199
154
41
42
332
53
66
167
146
21
99
50
456
70
66
306
18
199
212
186
55
142
24
57
180
23
90
136
92
245
17
24
20
42
334
166
43
100
175
23
467
32
17
140
160
32
95
143
25
145
422
196
35
60
46
167
105
236
38
19
94
462
32
67
227
31
38
27
208
42
150
58
369
298
215
134
29
184
147
88
350
158
138
177
55
25
122
169
61
344
13
421
35
104
35
75
32
382
182
16
429
397
398
145
455
71
236
45
51
62
151
56
178
77
80
47
153
137
189
239
272
297
30
192
377
369
175
257
173
393
26
27
19
106
53
114
152
72
44
51
140
274
27
76
425
273
83
604
24
250
103
45
124
103
273
129
58
56
459
55
285
31
113
47
49
212
101
19
26
436
61
84
92
42
145
49
34
77
130
25
15
147
64
177
482
26
96
232
195
206
271
66
337
191
316
326
101
126
475
199
223
155
161
94
28
225
102
180
79
31
32
130
89
144
30
106
171
297
73
321
197
62
123
190
66
23
51
135
36
213
173
62
85
21
165
109
106
206
111
144
187
50
97
563
29
265
126
374
44
148
21
529
179
41
175
437
456
43
77
21
93
175
168
25
49
66
50
378
325
506
180
524
218
140
152
251
166
234
96
34
101
89
223
80
53
94
32
100
219
141
258
191
200
57
523
144
247
192
41
32
50
244
66
62
95
181
186
97
97
35
16
105
45
45
237
61
36
300
52
549
86
25
163
328
40
32
86
16
108
44
229
25
34
35
203
344
59
590
72
100
60
173
136
53
39
265
23
57
38
159
191
31
184
37
350
76
165
121
213
458
430
180
156
53
16
99
211
115
130
390
334
31
131
92
225
31
93
27
60
88
392
149
98
152
143
132
212
45
167
212
242
19
165
329
178
63
14
24
96
100
82
132
190
117
29
404
83
186
78
110
62
41
253
25
124
123
78
491
24
241
21
78
275
52
290
21
59
42
154
112
240
144
31
105
84
84
289
44
51
92
15
84
18
170
45
162
349
601
38
32
100
44
144
147
170
91
30
109
31
73
49
157
25
29
344
32
342
220
33
38
263
142
61
158
69
146
65
254
25
198
41
120
42
297
211
17
84
98
167
209
47
205
54
63
113
121
37
33
406
169
56
72
214
282
179
503
35
121
30
97
173
245
29
189
39
277
50
28
504
460
210
45
108
293
602
27
237
320
29
80
206
27
489
178
150
513
81
212
36
63
132
196
115
527
293
67
447
83
237
83
40
63
319
32
83
30
106
157
60
490
125
33
93
279
51
85
225
61
31
282
114
122
279
67
71
71
657
28
235
171
145
26
174
219
19
160
20
199
448
52
514
171
57
225
253
49
19
518
343
126
140
191
242
42
26
98
177
186
76
146
49
431
147
85
394
73
135
77
60
326
127
87
252
263
34
42
98
191
52
159
100
69
555
58
81
30
49
200
215
109
65
59
28
73
253
478
145
18
354
59
77
35
197
190
372
61
19
241
197
62
145
52
35
152
422
68
45
574
95
16
169
79
573
106
54
115
57
157
46
178
18
271
25
107
98
257
132
63
176
15
227
292
69
17
62
165
454
17
153
171
244
151
39
191
27
75
192
54
24
37
61
54
20
12
408
30
299
676
164
405
235
164
140
80
25
153
38
33
67
230
29
133
29
145
67
30
178
47
32
15
16
252
66
146
60
76
498
43
116
136
348
61
32
264
23
172
359
52
147
34
207
79
68
321
71
34
27
69
34
29
57
114
151
122
273
480
31
25
142
33
39
580
494
608
230
90
223
147
32
64
163
208
24
101
109
461
167
212
109
141
273
52
252
161
270
83
14
43
174
43
188
54
20
24
30
33
228
89
79
219
18
230
442
72
48
37
108
145
111
175
54
67
53
88
525
27
107
94
199
255
68
74
58
19
143
17
158
165
345
232
540
38
97
153
38
18
98
109
182
16
94
55
538
140
334
78
29
31
175
62
509
49
167
451
88
42
287
176
48
441
74
95
134
50
21
300
115
24
420
455
57
38
106
47
213
28
247
351
232
40
237
416
19
88
347
107
41
146
289
163
174
366
469
43
50
52
80
235
28
92
465
194
332
18
27
279
357
54
87
228
184
75
510
39
294
21
144
67
66
115
217
25
51
21
43
42
147
177
189
400
34
241
39
37
228
147
199
360
97
202
38
117
28
482
392
19
49
146
182
430
178
37
31
257
437
67
227
38
30
133
195
216
104
34
24
44
562
16
36
24
75
394
84
46
13
189
172
166
163
145
118
80
26
200
180
35
209
31
30
229
62
211
20
312
44
160
108
69
40
165
421
33
305
96
154
85
124
65
464
121
25
309
128
64
26
205
127
37
170
38
93
300
140
41
151
83
19
21
20
27
156
26
68
34
39
38
427
21
76
33
57
497
21
56
416
131
15
247
176
87
247
42
152
242
168
24
36
87
200
14
27
36
290
313
473
178
79
144
156
249
505
391
535
34
77
30
31
119
52
33
229
50
35
247
142
53
42
187
153
53
29
18
702
32
208
74
21
232
53
107
67
448
63
177
75
29
312
74
52
110
327
27
37
14
26
41
186
263
26
93
33
362
30
459
62
144
37
28
49
239
54
34
130
389
482
426
199
102
20
54
40
92
369
66
428
27
129
215
39
62
17
258
283
278
401
278
375
75
111
435
70
101
236
311
77
33
41
204
77
20
116
671
27
53
464
25
64
261
85
22
347
93
17
129
504
33
55
454
24
48
221
104
24
605
174
193
213
60
64
205
34
443
33
318
202
428
374
274
21
30
352
212
39
76
47
67
105
30
70
162
35
30
192
14
203
25
101
216
145
31
429
24
21
216
270
23
425
40
30
112
94
48
55
34
255
222
134
42
54
89
172
52
181
185
468
19
49
193
446
152
130
56
21
25
214
128
30
166
423
27
133
184
32
183
112
211
245
23
199
49
500
112
45
25
34
187
154
18
125
234
209
216
47
122
225
64
392
59
22
183
51
34
229
67
28
29
236
44
82
57
76
371
69
527
29
37
46
148
21
191
71
45
34
27
191
78
197
353
27
208
104
476
253
57
76
444
199
49
357
400
231
29
135
359
20
75
37
255
41
96
639
530
322
34
480
115
30
134
102
176
246
17
103
42
43
31
158
41
22
504
100
24
25
204
32
157
15
58
40
67
108
392
86
99
367
30
40
45
318
26
335
356
60
24
35
49
542
53
229
24
40
98
207
331
16
432
237
329
69
388
112
81
59
144
312
227
53
29
205
106
68
186
29
50
40
25
106
112
30
40
31
20
466
58
78
531
30
313
235
50
66
32
368
503
101
191
46
136
375
27
28
52
53
168
175
89
249
565
219
168
62
163
90
56
237
225
34
32
90
55
48
33
474
160
203
26
47
97
41
33
100
268
124
100
22
14
155
21
202
41
163
83
31
158
54
39
253
85
27
106
147
284
92
530
34
99
19
27
33
224
141
158
155
41
42
58
439
199
87
115
143
80
481
85
38
63
22
36
456
165
47
221
77
21
411
222
61
39
155
50
43
222
29
37
13
419
49
391
240
183
98
22
169
235
117
21
39
90
221
497
36
57
41
481
57
28
110
150
45
46
196
38
199
18
158
40
70
97
185
23
33
667
90
17
63
38
15
57
30
286
148
432
252
175
40
207
137
264
203
67
77
19
31
370
34
27
53
17
69
171
259
69
159
32
563
110
146
140
42
179
42
434
40
92
220
184
38
128
144
26
12
407
227
19
115
132
146
547
401
153
17
32
23
18
104
131
128
262
148
81
80
117
40
81
248
190
170
26
256
201
28
429
88
97
140
320
216
44
293
46
47
19
145
171
28
27
597
265
41
17
52
258
135
577
19
474
132
58
141
26
118
514
20
200
522
160
451
34
76
105
25
45
107
22
130
30
38
218
103
102
30
58
150
239
89
187
418
137
115
126
124
166
28
41
120
45
64
31
19
109
318
496
36
141
273
70
164
15
254
14
314
13
232
102
69
174
189
368
490
54
166
193
29
73
21
254
284
187
82
161
66
330
384
197
20
313
25
198
323
553
35
202
27
39
95
36
193
20
29
421
44
64
42
91
132
30
179
32
114
69
66
262
53
26
179
343
210
163
139
372
124
265
24
28
513
48
83
46
275
318
33
74
86
236
87
80
33
52
48
437
581
27
204
86
114
45
464
55
288
122
77
27
201
223
36
176
198
283
25
513
25
183
51
70
30
237
79
50
70
167
115
176
38
23
77
69
178
113
23
526
45
114
304
22
137
355
15
30
164
67
92
40
40
184
228
422
103
102
479
46
264
302
396
106
29
160
345
112
167
29
105
36
19
74
116
246
116
479
70
86
94
233
568
36
120
276
108
208
73
117
149
272
414
42
32
165
56
52
234
110
138
174
237
88
97
45
214
187
89
61
26
165
95
273
225
58
98
217
19
41
154
100
122
128
59
41
129
151
22
41
37
14
207
37
36
149
25
249
96
351
70
197
47
34
49
190
389
66
88
240
14
28
357
191
56
35
169
49
71
105
39
174
333
229
251
90
40
63
33
94
20
196
111
97
384
164
29
23
87
38
284
49
26
28
443
23
20
24
141
100
412
39
68
31
22
240
88
38
193
16
170
361
192
162
70
139
97
413
26
227
17
177
530
211
80
18
131
338
56
32
54
14
33
339
199
118
318
406
468
20
520
66
199
398
108
16
129
235
67
38
155
538
31
79
30
56
26
55
317
192
283
46
252
398
79
521
50
89
51
32
78
81
13
78
26
84
46
59
42
77
93
166
379
58
81
69
23
43
343
138
328
19
248
184
208
451
47
265
293
153
173
138
195
79
143
35
35
39
23
42
23
230
140
60
176
308
14
220
153
190
457
450
52
38
60
171
162
188
51
257
35
113
99
65
494
22
389
62
397
34
160
141
212
91
272
29
178
332
39
70
225
58
22
136
33
165
243
63
231
46
166
35
34
69
133
476
39
23
11
435
176
309
256
55
34
189
39
447
54
16
55
65
157
401
26
466
54
62
106
16
136
143
52
15
212
277
26
83
19
27
66
29
17
68
272
25
35
133
68
100
124
84
109
148
35
53
146
232
295
19
81
28
205
70
186
465
22
93
44
103
180
441
186
18
21
326
440
47
243
45
36
78
36
89
40
114
246
90
42
92
46
66
142
39
21
375
35
406
47
46
22
231
31
193
59
38
53
36
136
40
20
48
19
237
352
56
85
23
107
172
381
330
178
45
42
23
257
56
172
27
375
287
50
161
149
403
23
207
135
213
34
29
90
349
118
85
184
125
45
45
419
178
139
99
46
348
452
264
54
278
33
101
32
39
250
28
167
97
30
128
313
369
180
40
376
31
52
30
97
27
440
101
62
29
15
202
41
239
135
49
56
147
28
25
221
15
38
111
57
109
173
295
104
403
29
47
15
88
220
248
54
53
108
32
43
109
16
104
72
31
371
292
48
55
224
42
143
352
173
88
49
187
106
190
33
17
330
64
134
40
524
32
34
85
213
226
43
226
177
200
18
97
186
96
207
31
150
231
44
282
18
203
69
21
23
81
145
51
26
210
117
275
76
135
145
36
74
91
54
106
157
323
19
232
136
85
38
70
113
46
118
135
76
121
69
204
38
91
123
81
333
559
45
186
124
240
70
180
18
92
48
119
50
37
23
44
401
272
38
246
39
94
216
177
49
43
125
14
256
180
274
78
59
29
126
59
79
58
21
75
37
194
81
418
129
44
25
51
61
133
27
145
57
92
29
227
28
108
369
18
101
42
25
242
135
32
29
151
90
260
397
66
81
28
454
104
302
132
429
216
30
48
491
181
134
46
286
136
82
439
159
156
130
183
106
31
112
108
234
252
185
14
27
236
173
52
254
194
294
193
474
121
54
27
24
31
27
292
190
17
102
153
48
129
429
82
137
172
30
20
147
336
126
376
37
330
31
30
24
206
191
34
37
284
21
290
52
163
17
109
76
270
23
270
79
40
249
147
117
43
39
196
281
123
27
413
31
39
47
186
252
40
94
275
30
13
97
25
92
82
204
50
320
183
54
31
79
229
14
287
249
123
255
55
136
157
244
284
32
40
28
73
110
102
77
40
85
282
155
62
72
149
70
582
427
94
211
42
83
163
245
21
597
43
142
46
96
377
58
90
208
283
143
283
72
133
25
186
143
54
44
294
15
100
76
406
170
75
59
249
309
321
154
36
193
177
54
92
46
215
259
41
131
79
519
249
261
300
391
177
39
246
244
74
201
153
340
148
55
38
139
74
213
23
40
82
119
78
92
21
27
118
27
441
24
86
29
117
371
21
35
37
206
356
29
155
33
210
54
41
72
200
26
14
192
34
487
16
31
39
218
57
68
133
90
177
27
34
111
146
413
115
219
164
161
19
332
21
33
35
22
70
233
146
281
34
173
441
58
108
136
370
724
336
449
233
21
37
83
22
60
125
188
82
69
21
139
103
197
59
57
196
25
39
93
364
171
314
32
69
398
279
210
19
19
201
60
529
282
487
244
60
120
28
129
174
86
41
218
125
203
24
77
219
216
121
183
114
90
249
112
446
325
43
242
431
161
43
23
26
99
193
191
54
135
34
96
186
37
216
24
118
22
30
73
27
155
25
136
30
91
134
76
167
96
158
23
91
238
220
77
25
62
91
64
102
61
252
81
41
85
103
156
181
111
175
154
277
95
36
113
111
132
29
100
33
178
102
207
186
436
20
82
21
430
266
135
20
84
29
530
16
271
21
343
471
88
177
43
217
46
193
105
199
19
302
175
21
68
57
45
222
47
16
163
227
51
39
26
191
84
228
111
107
96
19
98
33
103
264
144
145
117
30
373
77
28
133
23
79
27
518
158
29
31
82
225
123
108
37
49
100
17
172
41
214
53
79
158
129
76
244
86
135
68
35
323
107
87
30
100
107
227
56
142
49
20
85
145
233
254
42
32
16
172
57
182
210
247
103
224
65
93
59
32
262
149
35
25
50
78
126
184
141
505
41
16
139
260
274
503
315
79
162
232
211
63
325
94
28
25
104
291
185
140
17
307
85
225
127
68
32
210
193
73
35
36
118
342
303
450
201
38
81
139
47
72
166
260
88
13
130
225
63
138
18
41
171
564
19
50
27
35
49
42
149
188
14
173
307
52
51
180
161
264
147
324
368
501
431
262
41
395
209
44
215
32
79
217
24
284
38
150
79
155
38
31
185
227
104
144
310
44
326
214
39
66
346
45
122
85
114
50
86
348
39
28
45
189
201
182
85
95
87
84
292
431
34
168
62
306
33
170
163
480
90
96
117
190
117
266
20
83
121
128
290
178
421
62
534
50
190
122
106
538
66
30
157
254
487
323
73
171
178
205
104
322
486
27
228
97
353
72
121
98
362
45
132
384
62
229
30
48
381
244
79
466
55
30
218
128
47
99
473
19
425
85
113
211
29
34
58
131
308
186
72
26
56
27
86
104
246
72
167
230
48
72
194
219
476
137
163
89
44
234
33
43
85
62
32
135
473
20
257
49
177
66
600
100
30
60
35
545
34
324
35
116
37
180
18
205
42
242
126
231
371
115
36
180
190
498
27
110
428
77
290
84
489
41
52
15
52
49
91
220
31
56
422
455
178
70
40
84
356
52
290
98
48
191
116
37
23
340
104
27
79
483
223
209
18
13
45
43
40
349
63
263
50
364
40
136
296
194
212
210
82
81
391
43
274
101
78
116
183
223
32
120
167
448
196
517
446
32
213
45
100
86
85
38
341
66
24
511
66
447
38
402
29
76
281
52
24
106
214
75
28
16
231
227
51
40
150
50
18
14
93
24
230
36
172
31
26
70
241
70
80
458
103
506
208
21
87
153
54
227
22
141
209
27
116
77
31
72
162
326
246
365
87
26
53
165
270
46
49
377
29
81
54
74
345
37
61
180
125
123
83
36
438
175
68
475
12
13
16
170
222
177
39
135
505
196
36
224
31
28
180
110
255
35
24
48
153
43
62
16
269
223
170
135
145
351
234
396
47
52
112
44
72
368
23
61
31
390
34
302
52
118
173
329
163
15
173
101
179
21
256
314
216
65
17
134
159
77
105
20
114
96
70
172
112
33
322
191
31
235
19
65
30
86
111
296
70
156
21
352
40
92
34
112
412
35
44
169
72
343
101
109
92
41
39
221
33
493
207
235
87
41
80
274
55
116
148
273
233
123
157
284
40
274
35
180
128
110
41
23
19
44
237
470
289
164
104
22
164
72
24
210
17
33
117
28
228
186
51
84
23
55
222
120
285
136
224
25
146
19
132
122
297
107
25
20
117
126
214
177
39
12
56
175
13
38
102
437
201
158
51
32
248
71
183
26
475
343
123
83
170
363
403
53
158
178
226
26
253
160
23
38
163
46
30
59
34
76
32
56
30
161
266
21
235
80
58
165
55
326
296
15
13
27
74
474
532
515
326
33
164
38
170
415
731
244
27
40
193
58
35
34
15
69
277
86
113
105
258
24
64
471
138
83
46
36
35
269
178
33
21
119
260
176
40
124
100
31
191
344
191
480
46
101
84
141
59
661
163
178
77
18
103
14
61
185
77
167
202
140
178
492
125
436
74
30
82
121
62
42
59
94
30
232
55
200
464
40
207
194
40
350
15
268
131
255
248
106
66
396
95
30
161
130
63
116
432
229
52
191
455
101
22
138
21
15
22
16
30
172
23
40
98
61
104
84
111
31
196
45
364
90
212
499
154
34
26
71
566
383
15
217
246
107
102
146
222
37
207
154
42
27
19
279
129
366
35
336
120
115
86
413
40
27
19
39
139
103
445
107
257
30
38
189
17
460
202
160
62
24
58
88
148
94
98
72
157
172
31
101
151
484
33
38
146
101
165
138
78
50
141
35
54
408
197
14
550
247
151
79
132
50
143
482
19
165
387
23
146
180
143
192
23
50
142
228
40
454
31
36
108
168
36
112
393
249
31
218
267
165
80
74
32
137
238
109
246
171
78
29
208
145
39
27
133
58
202
363
275
25
99
89
19
170
32
138
102
36
27
110
489
216
119
203
417
475
254
27
424
69
322
149
30
91
62
31
32
189
103
467
306
33
176
310
30
51
69
38
48
31
194
61
40
206
103
167
126
299
226
241
81
43
84
33
40
92
45
41
47
397
19
181
57
80
57
54
28
144
221
191
200
340
296
79
500
55
30
26
139
109
226
200
24
76
29
521
21
39
24
262
73
179
124
173
24
36
30
137
27
247
126
89
321
24
25
36
180
110
75
253
195
37
244
174
40
155
490
106
151
363
151
30
64
86
156
52
25
87
82
21
33
318
102
224
257
91
83
16
126
62
35
76
23
309
60
14
47
16
17
57
256
230
196
26
238
176
14
364
48
82
594
155
30
131
155
22
611
38
228
38
335
571
169
21
148
128
53
488
567
19
57
125
109
204
331
75
71
123
387
49
242
316
109
58
97
202
108
282
30
177
369
41
446
38
213
225
33
79
21
270
124
23
75
125
224
31
246
68
289
37
26
13
61
165
27
70
502
189
81
324
48
109
72
496
31
20
74
51
39
377
410
26
67
156
110
227
51
407
47
134
40
15
254
83
228
77
188
21
38
79
39
88
230
40
104
93
39
100
52
28
65
339
358
255
41
47
246
20
145
15
298
40
77
122
243
40
382
154
307
114
69
239
198
204
544
207
109
159
503
97
488
31
500
96
49
22
157
94
374
25
33
31
188
30
246
73
183
94
192
95
86
129
41
64
26
68
72
111
72
26
455
44
183
183
88
365
266
208
231
144
39
74
215
24
196
44
90
388
480
331
18
459
113
330
343
212
157
24
38
188
33
312
404
264
148
45
414
216
308
338
62
510
43
141
518
153
277
111
112
166
47
320
115
104
67
239
93
85
116
82
114
230
250
147
228
27
147
190
111
434
95
37
54
229
45
36
14
168
128
87
165
29
36
212
251
68
207
179
289
174
43
46
327
86
183
430
51
294
36
88
192
99
215
29
222
236
85
71
111
35
167
127
163
28
32
60
30
438
429
85
304
49
169
33
37
37
68
24
218
64
282
231
28
538
339
591
78
40
128
346
39
59
184
91
186
353
55
263
136
186
106
20
397
45
302
125
371
51
199
92
67
40
469
27
30
380
382
64
103
78
36
17
212
168
131
494
66
245
33
87
76
77
69
94
296
66
315
21
61
193
32
96
19
50
261
514
59
251
162
41
164
152
111
254
169
53
210
177
137
73
355
145
446
67
29
30
25
216
93
37
319
70
314
451
168
35
23
71
27
127
88
151
54
208
81
176
114
83
62
85
21
307
23
525
19
102
160
339
205
216
222
232
202
45
22
43
378
86
37
202
468
140
211
357
166
447
35
58
359
28
350
331
36
59
315
307
528
180
38
116
103
180
124
21
48
308
113
371
220
277
431
274
240
36
166
57
185
216
60
113
17
107
249
64
116
502
274
81
120
165
111
206
50
64
28
186
106
29
85
145
377
239
413
73
415
161
96
211
108
193
193
73
217
217
63
140
227
55
57
166
45
131
43
67
523
429
104
31
522
32
19
419
192
137
50
88
153
37
70
31
406
145
43
266
164
74
24
37
150
266
115
16
177
19
128
67
94
160
38
128
162
192
28
123
84
68
28
390
177
56
278
122
82
188
346
240
35
162
207
186
199
92
170
327
200
56
134
128
230
60
58
25
25
51
28
14
126
67
84
48
80
81
57
35
28
128
140
35
246
40
206
81
81
126
44
46
235
66
32
213
155
17
50
61
50
32
27
98
129
35
41
58
61
14
58
20
97
34
93
58
55
52
102
77
58
31
95
61
40
72
21
82
27
70
46
29
33
28
74
62
16
117
74
20
41
78
55
15
49
32
67
28
138
20
65
18
18
85
28
94
51
70
38
33
103
60
55
30
64
49
26
119
78
68
69
33
68
72
38
56
38
97
51
74
37
107
21
91
20
83
36
89
41
43
108
117
37
26
22
36
65
43
33
14
112
94
76
87
100
58
41
26
39
26
73
58
99
93
117
129
26
18
52
59
44
16
24
27
100
115
20
74
86
85
52
111
79
88
95
36
105
50
75
67
117
27
23
46
35
258
74
20
64
49
79
65
68
43
44
58
66
65
64
38
131
70
159
41
100
99
120
76
56
19
203
37
26
57
64
98
23
116
44
49
71
32
228
111
74
125
53
73
19
36
102
39
42
26
55
20
18
40
42
67
29
130
77
46
63
71
38
83
32
45
15
66
57
29
35
26
42
22
43
35
25
40
52
99
88
20
43
50
30
54
22
97
38
24
17
22
21
35
58
23
52
32
59
76
23
62
87
22
25
84
42
65
25
52
51
69
31
32
26
70
29
34
79
41
29
40
60
51
43
29
41
52
94
16
24
53
121
41
106
62
48
57
89
79
28
20
75
29
81
84
73
27
101
71
34
50
14
112
58
26
61
26
22
24
47
80
36
63
92
59
39
100
84
78
107
57
73
40
21
93
17
26
49
73
87
55
21
41
85
95
70
76
137
69
68
38
16
45
21
117
54
113
50
59
85
64
34
29
27
61
29
69
109
63
69
100
79
32
35
30
15
32
65
65
50
61
27
34
58
108
26
118
116
50
34
79
48
83
30
43
75
46
44
37
59
52
34
32
53
73
44
63
25
63
25
38
30
43
47
71
32
26
24
61
52
39
17
48
52
37
28
43
44
45
106
68
43
170
73
57
69
91
92
70
49
45
34
114
54
101
26
89
74
25
88
99
54
29
91
65
20
66
84
133
52
60
60
78
38
54
149
36
37
68
33
45
19
89
40
21
53
20
19
68
48
80
26
45
77
16
57
77
95
108
38
52
69
30
105
54
66
39
73
36
51
106
25
82
50
38
92
72
67
62
91
60
146
17
25
188
66
62
62
50
32
77
28
89
46
53
72
70
26
23
62
20
77
49
132
44
55
39
43
29
25
46
69
80
88
58
69
70
97
61
47
171
45
29
29
71
94
70
76
24
54
38
79
22
46
121
89
73
49
28
16
111
67
36
36
46
27
19
37
127
83
92
144
69
35
34
33
56
24
42
50
51
48
44
28
27
110
62
30
25
36
24
63
64
102
44
26
75
19
72
33
29
60
28
56
81
37
95
95
24
109
51
68
16
92
123
40
46
49
41
77
22
28
59
49
44
30
61
68
57
40
115
90
84
24
50
90
44
33
36
77
81
47
41
77
20
95
96
82
55
35
89
35
68
61
29
25
93
28
69
64
68
19
21
14
44
94
142
49
44
96
14
29
21
58
82
21
19
54
16
26
117
23
33
23
76
62
75
79
41
86
82
112
24
57
111
30
32
70
29
76
33
64
37
46
38
109
47
48
102
51
24
42
86
94
90
66
57
55
99
14
76
19
96
40
84
73
24
18
95
29
115
21
63
73
37
59
31
23
41
29
53
38
26
102
71
29
71
71
60
55
24
40
102
70
67
43
47
21
39
63
65
60
17
42
83
33
29
55
29
28
27
73
41
37
91
84
49
101
31
76
72
78
90
54
80
24
22
76
13
68
23
24
79
27
72
53
45
85
34
134
62
55
60
40
83
30
52
114
52
28
43
48
25
92
22
19
73
30
106
56
27
98
38
40
79
58
54
62
30
74
20
73
84
72
99
30
21
20
23
66
30
71
74
21
43
93
106
33
39
47
82
88
53
39
76
45
115
30
37
37
68
105
55
78
38
63
48
85
34
97
15
64
226
74
46
25
123
29
93
24
35
37
75
36
41
75
77
79
81
66
98
84
40
62
47
129
68
45
41
103
272
67
51
67
66
79
40
50
64
47
78
35
42
101
27
41
82
54
41
56
57
91
78
96
20
36
145
71
83
126
75
37
148
35
61
91
89
115
62
34
57
75
40
27
56
51
27
34
70
29
53
22
75
52
15
51
32
86
101
55
62
41
20
71
98
56
53
100
34
37
25
35
77
35
43
38
29
63
37
57
51
36
57
104
74
90
32
73
60
74
95
33
54
96
46
73
55
108
35
65
56
55
46
57
69
43
99
32
82
40
40
59
33
41
90
46
24
44
90
51
60
65
41
82
86
24
120
23
62
12
28
42
57
53
58
63
57
43
22
25
81
59
63
53
33
76
46
30
50
44
39
92
31
72
70
72
41
73
30
86
46
35
19
83
28
28
55
95
54
24
42
12
50
42
45
28
64
32
59
64
81
70
65
60
72
77
85
32
37
51
34
76
67
79
33
60
104
37
33
23
84
43
42
54
41
39
60
84
33
18
35
52
24
56
120
82
56
69
38
33
138
86
28
19
37
24
62
131
34
50
42
94
66
21
28
79
164
22
86
34
37
81
61
91
72
78
64
75
34
19
39
39
36
40
71
41
79
43
37
25
50
55
31
45
79
29
206
52
81
34
30
133
116
57
48
15
83
66
62
29
20
97
49
49
21
43
38
74
93
27
25
84
77
65
62
72
82
77
101
27
14
63
17
104
105
94
56
44
54
29
47
21
34
29
53
49
32
61
78
19
101
67
28
55
73
70
19
70
42
23
103
46
50
92
56
97
80
118
72
38
80
29
22
38
48
100
81
50
57
55
72
54
100
58
39
78
121
24
95
71
62
70
43
90
19
54
48
63
64
20
24
72
44
25
20
56
26
22
86
82
123
30
32
41
92
94
35
117
76
34
87
98
88
58
92
22
73
23
31
96
36
35
54
60
227
105
38
30
161
117
109
49
96
41
39
52
24
22
32
45
111
123
65
68
105
64
45
38
30
50
34
38
41
40
42
40
59
92
59
151
37
42
60
36
50
85
205
44
55
28
68
95
16
54
57
23
88
41
34
60
52
38
116
31
28
58
52
17
62
91
112
60
72
25
30
73
36
34
73
62
27
106
67
64
87
66
39
35
38
25
16
96
70
47
135
75
39
81
28
68
20
57
59
61
68
51
50
92
51
76
19
18
56
124
63
113
16
106
92
27
70
51
40
59
81
79
61
71
57
37
116
26
38
55
78
95
38
14
115
21
26
42
98
63
23
27
27
32
62
79
77
28
37
72
91
64
48
130
47
32
25
45
69
25
37
54
39
13
22
59
72
57
94
69
19
56
80
33
29
98
96
79
51
89
95
56
58
150
43
76
17
112
76
40
50
89
31
68
88
69
64
59
41
71
64
20
114
23
31
26
25
45
77
24
79
48
19
26
27
105
65
90
78
40
63
68
66
118
61
52
53
57
23
33
77
42
19
27
82
22
17
138
65
41
46
69
36
64
30
92
47
48
26
32
30
104
34
57
54
20
39
98
43
39
116
66
34
60
29
121
47
73
57
23
25
36
59
21
59
38
48
50
123
27
99
27
40
57
21
75
56
78
39
32
30
41
30
72
41
34
78
83
58
50
74
42
97
38
49
33
37
51
73
76
45
86
46
83
131
14
26
53
66
61
55
119
46
48
60
55
35
51
35
24
48
36
34
52
34
29
49
133
49
53
91
29
77
20
86
69
93
40
40
50
25
21
96
58
77
21
108
43
216
77
84
42
34
48
19
35
36
66
71
77
30
109
28
58
39
37
17
43
71
77
110
26
69
45
34
82
89
51
53
30
96
63
53
76
80
115
86
76
49
42
20
32
98
55
45
37
97
58
49
59
141
139
22
32
30
37
77
27
22
58
36
112
58
57
37
53
19
38
238
43
40
38
23
71
55
132
33
70
93
42
61
50
128
48
61
141
90
37
54
76
52
69
102
26
32
47
44
60
73
22
16
58
73
57
29
46
66
69
52
108
32
31
21
81
37
81
64
33
80
40
97
67
24
41
107
49
62
35
23
89
61
50
66
54
68
32
28
117
97
49
19
145
22
19
17
25
25
53
39
46
74
49
67
97
342
107
65
56
69
61
44
48
86
25
15
106
99
38
44
49
40
41
79
63
60
76
68
80
43
90
65
68
18
82
56
60
64
70
13
54
92
38
78
33
36
19
75
28
55
62
17
47
40
38
24
35
62
48
45
34
60
58
74
80
67
22
83
61
91
65
80
85
64
65
21
39
22
77
48
28
42
70
53
55
68
27
52
90
51
67
104
72
57
49
51
100
18
38
19
73
36
94
46
35
85
66
106
32
65
24
17
31
131
112
67
34
35
75
77
98
111
42
19
66
94
36
34
22
92
53
28
26
96
80
86
108
30
49
75
58
96
35
76
50
41
53
36
72
74
64
117
33
42
114
75
42
27
61
33
36
91
80
78
16
128
79
65
24
74
31
103
26
77
31
28
27
43
39
28
62
20
26
68
92
27
47
30
25
78
18
85
87
110
60
69
60
50
18
31
20
64
55
49
85
91
56
54
85
48
96
86
83
46
29
58
49
26
42
99
101
28
70
51
29
39
62
29
62
31
98
78
77
109
25
29
103
96
98
17
35
73
31
95
20
58
161
110
84
145
61
102
28
56
58
37
87
29
133
13
60
60
65
55
32
13
53
107
63
30
21
28
32
49
50
44
25
49
115
67
103
47
60
60
57
31
36
122
39
74
47
64
54
46
84
56
49
15
47
71
38
31
116
57
37
33
114
18
69
65
49
75
37
19
70
35
92
58
73
28
44
82
51
63
34
40
25
132
79
55
85
41
51
25
88
114
58
28
40
61
78
40
140
54
75
104
69
66
71
58
85
89
32
18
26
67
58
67
127
29
59
30
99
72
38
33
48
51
50
124
45
26
25
84
37
94
50
37
68
30
105
39
58
42
40
12
14
92
22
39
70
62
61
125
108
59
28
96
72
34
73
18
33
42
43
47
52
46
59
69
25
63
52
67
36
39
43
75
25
98
43
56
33
27
59
26
61
67
75
64
86
30
52
86
56
54
72
30
93
82
32
64
21
57
35
21
47
87
45
69
117
38
35
95
39
72
43
90
95
96
33
59
25
59
66
87
23
22
76
33
48
61
68
27
71
26
90
69
103
33
18
95
109
44
28
57
42
41
71
49
29
68
28
133
77
104
72
27
43
86
125
83
136
32
33
54
96
68
92
63
61
51
22
82
61
36
58
64
32
64
37
99
94
65
74
84
31
34
47
53
31
69
52
27
16
39
97
52
54
44
59
64
78
39
90
126
91
68
17
60
100
52
34
58
116
75
49
60
26
17
66
33
131
29
51
42
74
70
35
97
36
102
73
22
72
69
32
22
68
115
52
86
150
36
62
48
72
46
25
84
109
55
29
66
50
76
46
49
45
48
109
38
69
32
75
45
34
24
63
52
42
63
84
34
86
51
54
48
77
52
91
47
77
36
56
23
62
31
15
18
84
47
54
60
17
28
88
30
61
21
25
28
26
32
19
76
108
25
68
45
25
62
102
102
34
38
76
107
71
26
69
50
41
19
75
113
36
60
73
49
171
115
38
75
56
63
29
38
110
69
62
29
21
17
93
53
52
55
61
17
61
22
93
61
82
57
48
58
64
65
36
23
90
48
102
140
89
79
26
66
91
80
55
25
220
71
33
65
103
68
43
122
20
28
22
59
29
112
84
28
116
81
148
61
74
69
38
101
48
55
46
53
32
74
25
33
124
65
85
71
24
43
67
42
100
68
72
83
27
22
52
29
72
114
43
53
36
60
32
51
74
67
50
79
27
87
57
124
99
29
59
23
25
20
18
103
79
103
76
101
91
67
80
126
86
23
133
87
44
75
67
31
102
40
62
66
101
26
30
56
65
30
53
29
54
30
25
70
66
52
121
49
48
70
28
26
50
53
33
33
65
63
91
19
35
99
65
73
76
64
102
89
42
57
177
119
56
37
86
32
72
74
95
33
48
26
30
68
62
103
71
47
39
54
94
53
23
64
47
70
32
93
54
52
21
20
57
104
64
50
40
33
95
72
49
122
83
27
25
27
39
23
47
62
28
53
119
58
56
93
56
90
83
26
17
33
77
22
25
46
56
18
25
73
65
25
39
69
37
29
49
60
69
19
81
65
50
65
46
31
63
23
32
21
68
82
53
42
29
37
88
21
43
28
79
113
58
58
89
44
19
19
81
69
58
48
83
67
38
132
36
74
50
18
98
39
67
34
46
68
106
64
69
49
76
37
95
62
98
137
108
70
73
17
29
38
27
55
27
49
85
100
80
64
117
78
104
23
107
74
86
26
65
78
33
41
26
45
47
54
38
29
20
38
57
106
27
16
52
33
27
19
53
23
58
25
24
16
24
66
101
21
51
77
73
80
29
75
15
27
50
76
48
21
35
21
20
68
62
52
38
12
80
97
92
67
71
32
90
107
20
79
64
28
78
59
31
22
18
29
21
108
57
20
49
58
78
28
61
53
33
89
122
100
104
74
67
60
67
43
36
88
29
24
53
22
75
27
37
38
50
74
32
122
50
34
62
90
19
82
74
45
30
20
45
135
24
35
36
59
82
17
55
32
39
68
38
70
13
96
50
65
86
23
17
28
18
91
109
101
74
26
30
33
21
73
21
17
29
21
59
110
60
63
25
66
92
40
37
31
88
14
63
81
17
32
80
36
67
71
101
17
40
60
105
141
59
50
29
86
59
101
92
44
36
52
31
60
93
72
29
26
18
27
85
23
71
48
66
73
49
50
89
117
126
24
90
86
33
16
25
77
38
32
86
95
102
81
48
112
89
90
63
18
45
40
115
70
47
37
75
89
175
23
97
94
34
25
32
51
39
48
31
21
75
35
44
33
79
24
89
48
26
124
70
60
60
201
60
66
76
78
33
31
45
37
32
56
94
80
73
30
84
51
33
111
59
58
23
66
36
71
50
41
73
44
24
26
44
31
83
75
51
86
37
59
50
44
68
90
71
37
27
32
51
23
52
21
64
36
29
123
34
41
112
22
33
25
27
46
52
114
78
32
145
31
50
28
62
103
69
45
27
36
80
65
62
83
277
69
26
51
94
44
59
45
63
61
37
46
75
35
79
43
52
140
38
148
49
45
67
58
32
102
15
44
116
19
16
49
30
48
122
68
66
18
64
125
52
97
27
57
33
120
223
88
62
48
42
31
40
62
184
56
74
54
25
66
41
42
50
37
57
109
71
57
14
76
20
26
79
75
31
228
36
23
75
104
55
108
29
29
18
100
68
61
110
97
105
67
62
33
16
24
104
45
119
35
114
17
67
89
19
30
102
85
38
67
77
25
76
58
47
62
44
36
77
42
33
72
124
109
35
18
41
56
29
72
37
75
32
42
44
75
45
96
58
49
59
44
41
29
34
25
27
16
113
72
52
32
77
54
27
27
125
67
39
16
28
99
25
68
85
109
73
13
32
58
38
20
18
56
54
35
22
44
23
79
84
37
39
280
86
54
47
61
81
15
57
51
86
65
135
75
44
15
35
47
113
91
47
35
31
55
71
44
75
23
21
56
86
58
24
23
49
119
128
30
28
30
43
70
70
109
54
27
67
53
71
74
114
16
71
62
64
83
30
29
27
80
55
123
57
49
57
22
115
114
50
38
59
38
124
80
68
97
36
61
51
76
18
37
58
33
63
69
62
45
19
110
77
34
61
41
37
47
80
65
27
42
95
138
27
64
44
24
54
40
63
38
98
90
35
86
37
59
50
222
68
85
21
90
118
41
46
45
65
47
27
13
64
44
71
61
75
66
18
48
66
55
122
53
107
31
71
101
125
43
26
107
75
55
67
22
53
49
103
64
88
25
47
59
47
58
29
73
81
42
47
54
45
45
48
34
47
90
60
151
60
23
47
62
26
50
50
77
27
80
45
16
29
51
83
119
79
75
33
41
28
27
43
40
21
51
38
40
20
49
48
70
74
61
73
30
60
76
59
59
51
55
26
85
14
53
49
95
24
89
59
73
44
16
27
46
29
31
46
30
127
58
105
53
24
39
36
94
49
42
70
108
44
83
196
109
31
34
35
44
128
81
32
71
61
65
32
85
102
30
25
43
75
21
95
45
68
52
49
43
18
75
50
58
72
119
32
21
91
29
108
49
12
89
25
81
37
93
55
79
21
87
63
50
71
60
109
38
68
59
74
20
75
25
93
34
136
26
62
116
102
105
77
31
31
176
33
80
24
34
52
53
44
76
46
49
49
79
29
58
17
37
44
53
94
70
61
86
48
48
66
43
92
22
40
119
21
52
38
70
73
34
19
19
27
33
24
38
99
63
33
31
63
48
39
89
37
108
87
77
35
16
61
22
77
54
31
40
27
20
67
64
45
16
124
66
40
40
31
41
179
52
52
45
93
55
67
72
72
29
69
75
28
21
89
70
25
97
50
65
81
48
65
114
68
66
51
52
67
142
16
105
30
25
65
63
43
53
37
113
21
130
51
52
24
119
49
48
34
96
58
84
49
41
114
23
74
53
59
94
95
94
88
30
60
35
123
100
65
184
67
27
71
83
27
74
75
108
56
91
38
82
27
75
81
34
75
22
87
43
22
22
42
69
21
29
79
46
65
54
48
66
15
28
50
35
51
72
32
70
29
67
88
129
69
60
35
109
45
27
61
30
18
41
67
24
146
40
16
30
27
60
27
30
139
34
105
63
70
24
40
93
63
81
52
35
120
67
13
84
101
55
36
101
160
27
63
74
78
21
43
71
132
97
82
19
18
21
50
49
77
50
69
93
54
65
54
59
61
34
22
49
66
32
53
80
98
74
31
58
55
53
42
94
49
387
28
135
69
48
125
18
45
22
41
71
14
36
27
81
40
21
87
85
84
82
68
83
60
77
27
59
61
86
108
83
67
74
32
88
44
27
72
76
28
64
68
89
76
41
82
104
69
47
61
77
71
94
111
47
51
59
55
19
129
101
30
62
51
35
46
93
54
29
87
19
64
71
58
25
94
87
71
110
68
63
19
127
51
64
81
71
60
77
98
51
69
46
95
21
72
55
44
99
85
38
154
90
84
19
98
49
30
66
49
80
62
27
48
29
24
70
29
71
39
57
21
34
23
51
28
24
118
23
79
103
68
54
27
34
47
65
30
54
71
60
70
63
46
97
38
78
24
32
120
30
35
36
39
59
53
20
76
44
69
54
55
76
32
29
48
37
78
38
66
80
34
26
43
67
52
15
71
16
29
147
48
64
30
60
37
45
40
43
67
67
22
55
51
16
60
72
31
87
60
37
29
55
34
47
64
70
126
28
77
51
52
88
20
64
117
37
100
39
30
19
59
36
40
84
144
71
131
39
25
117
107
67
51
62
42
16
121
64
33
18
69
61
60
72
49
71
21
75
31
14
82
94
97
34
146
56
78
21
18
31
41
101
59
75
18
59
72
41
42
98
27
137
42
62
86
104
20
28
13
73
33
47
115
18
90
63
27
39
15
23
29
41
29
56
78
59
58
64
101
25
44
25
75
49
29
19
27
87
31
100
33
25
30
81
101
53
97
39
48
41
95
67
17
45
21
80
51
85
57
49
54
46
115
26
36
23
64
21
24
66
42
49
68
77
27
96
32
101
119
38
72
64
95
87
106
22
74
86
80
61
20
44
43
85
44
25
20
84
54
35
105
91
51
100
100
88
27
77
113
57
116
40
61
59
99
64
16
50
61
22
35
31
42
42
24
77
48
27
74
60
90
25
39
52
116
26
96
59
50
43
85
39
45
64
32
91
62
34
51
85
114
68
49
69
70
46
21
103
72
71
22
39
35
58
51
68
104
33
43
101
89
28
116
21
75
26
108
49
44
27
68
73
98
68
99
34
27
77
24
33
84
241
50
44
108
24
24
74
105
71
82
19
66
15
57
60
61
28
28
25
26
132
50
34
41
46
93
27
28
102
34
104
88
59
93
131
77
54
98
77
57
50
117
52
49
38
65
66
63
65
109
59
19
29
71
30
52
77
103
67
36
13
67
105
140
61
29
57
64
32
24
30
38
27
93
73
42
26
32
27
25
65
75
26
21
85
52
78
127
53
109
29
118
100
41
71
126
46
93
34
62
47
48
25
29
115
92
73
54
31
46
98
75
65
26
40
39
26
29
76
42
43
85
71
60
63
86
25
38
42
63
65
67
75
38
12
69
31
71
50
48
22
31
42
85
27
70
84
31
86
75
55
49
102
113
15
40
34
107
37
72
42
40
39
56
23
39
40
42
58
108
134
31
29
30
92
91
63
25
32
90
100
68
181
40
14
55
31
29
70
117
121
30
85
65
59
21
78
19
48
116
63
90
67
38
62
65
108
30
50
35
169
35
57
54
62
55
71
25
28
40
58
85
29
20
55
103
45
45
97
82
46
37
29
84
54
63
94
38
40
48
33
58
29
58
82
40
85
63
56
30
86
58
124
35
99
106
41
87
21
59
29
30
16
79
128
97
43
22
34
18
71
37
43
46
72
33
46
38
88
21
79
38
77
35
24
44
95
59
34
44
77
102
82
56
38
72
31
44
14
34
58
44
72
49
67
59
35
65
23
33
69
47
52
64
29
118
40
19
37
16
55
61
55
29
79
116
29
66
38
100
49
41
33
95
51
53
71
36
26
26
66
58
17
15
60
36
61
111
32
75
72
67
67
73
41
41
56
89
22
39
164
50
60
92
16
55
95
37
96
78
26
62
59
54
29
37
81
67
76
70
147
110
58
21
21
47
96
47
27
44
65
19
78
68
37
103
18
73
20
72
113
50
25
47
57
71
19
44
31
44
105
52
41
98
37
80
59
120
26
92
40
101
22
126
64
64
114
26
38
14
23
40
31
27
119
95
41
96
24
60
88
93
43
100
55
43
67
47
19
25
68
115
22
17
66
29
32
30
52
115
29
35
42
107
66
53
22
24
81
113
36
50
50
116
116
23
72
33
52
25
67
79
59
22
46
56
55
17
35
41
66
67
38
121
81
16
102
40
58
73
97
19
64
83
73
57
79
88
43
48
25
71
123
87
63
92
58
55
58
45
27
28
14
39
31
78
42
47
23
45
44
30
109
14
41
179
48
92
124
55
38
109
45
41
83
26
97
70
54
32
27
60
73
31
35
56
70
20
91
43
83
80
97
74
75
20
83
33
53
39
30
43
72
72
94
125
74
37
68
31
55
72
63
39
158
62
58
65
47
70
27
76
53
27
38
45
30
94
25
66
41
34
52
48
41
67
71
72
124
57
164
34
101
50
62
70
68
110
104
29
36
37
119
103
29
97
22
47
33
62
41
36
42
75
32
58
67
21
67
26
15
32
79
41
22
73
88
58
28
28
25
49
74
30
14
19
84
82
46
19
23
103
66
67
25
20
33
103
26
34
52
14
36
23
38
16
47
173
101
57
65
66
62
85
37
25
39
114
72
75
37
38
35
56
20
74
171
54
81
87
35
33
87
18
97
84
81
51
48
31
71
54
109
20
117
54
52
16
20
48
83
25
112
72
32
129
48
30
53
68
20
64
17
90
28
90
93
81
49
13
45
53
23
86
96
45
73
31
27
22
104
50
32
35
45
65
54
79
23
56
43
58
38
28
18
30
58
27
88
56
31
38
21
42
50
25
58
73
53
72
43
74
27
34
28
63
36
48
73
169
38
100
107
27
92
54
32
84
62
72
104
67
31
44
74
63
31
60
60
30
62
99
40
100
37
94
50
41
151
72
30
27
84
70
160
123
53
104
30
35
56
88
65
50
44
56
54
14
23
126
45
118
32
31
33
65
17
29
38
86
35
40
56
68
30
24
56
104
22
45
64
64
31
120
28
58
118
59
37
59
34
27
24
39
37
79
48
84
21
30
137
23
74
112
63
86
74
64
78
17
121
54
140
54
67
25
123
36
96
200
79
67
53
61
64
85
18
52
91
26
58
127
47
106
37
46
62
29
35
81
73
35
92
75
51
62
45
50
95
97
68
116
28
52
78
52
39
20
93
116
73
31
115
67
68
121
88
51
42
15
19
25
134
70
27
98
55
87
23
51
22
25
34
17
30
99
54
71
68
103
24
74
86
75
22
55
90
81
27
27
56
90
30
35
104
26
63
104
42
118
59
87
94
68
161
43
124
19
157
55
110
43
52
97
33
33
56
20
27
67
64
57
100
36
35
18
66
58
81
76
40
49
32
62
147
22
56
51
48
34
86
22
91
68
53
46
51
94
67
35
50
22
22
73
57
99
44
27
36
130
90
41
67
142
42
52
25
64
111
69
39
26
62
69
26
80
102
14
48
44
71
31
77
43
76
55
68
93
87
72
31
38
21
62
47
54
96
53
111
19
50
62
58
112
28
80
79
49
118
23
92
34
23
39
69
67
26
60
83
37
68
55
41
34
19
46
19
75
71
26
68
22
31
81
32
50
39
24
44
101
63
28
33
28
53
55
28
69
61
42
29
76
49
102
40
63
91
14
56
66
209
43
215
127
57
65
132
95
112
45
62
39
53
58
45
16
45
109
80
31
34
28
81
63
31
56
79
48
119
36
47
89
43
79
55
22
20
76
50
66
42
94
43
70
51
16
38
42
17
41
36
24
53
33
58
169
21
42
57
72
79
35
52
27
70
97
82
28
58
49
78
33
70
40
100
63
90
30
77
64
27
66
87
22
60
60
24
25
28
47
166
82
79
57
64
48
36
92
94
17
29
110
51
15
52
99
44
60
37
23
56
28
28
42
51
62
43
38
96
48
19
64
26
36
14
87
23
81
30
41
68
29
38
91
60
41
60
73
31
88
30
50
104
79
27
93
55
68
113
34
22
57
51
99
59
48
26
55
21
70
54
28
140
67
31
45
59
68
61
18
66
43
20
56
27
76
29
24
50
22
68
49
55
101
18
60
22
68
40
41
59
36
109
78
49
25
32
92
55
51
72
22
55
112
118
107
52
48
52
115
43
28
60
14
104
19
30
34
42
21
48
39
51
86
45
35
134
37
31
62
60
105
104
47
35
37
78
59
32
95
60
17
40
36
47
18
39
52
25
63
73
80
70
19
55
17
40
50
22
64
63
31
40
48
104
40
49
124
15
84
63
22
51
84
60
32
28
21
64
96
45
24
62
26
129
78
117
45
79
61
94
57
117
52
84
78
48
92
45
129
50
22
41
48
47
28
81
60
40
78
62
34
72
64
21
50
58
57
58
25
45
59
72
34
22
18
29
102
95
60
33
59
28
26
44
53
43
76
70
79
62
35
107
30
21
35
44
71
24
54
61
79
75
68
28
23
22
74
37
52
57
51
59
53
68
23
58
77
26
90
59
31
91
38
80
33
51
96
45
20
74
57
48
38
78
25
35
34
46
56
55
19
75
54
19
18
62
40
36
32
64
41
38
50
71
35
77
47
21
19
43
77
52
52
46
90
92
29
50
15
29
157
37
43
34
50
86
58
105
94
72
43
65
38
70
88
37
53
67
91
27
32
30
31
57
65
91
42
65
26
61
35
59
50
83
45
25
33
34
46
125
103
23
101
95
32
107
32
85
99
31
53
88
32
44
95
54
57
26
63
64
139
32
88
31
80
111
67
32
131
19
102
39
33
23
14
51
109
37
147
41
98
86
33
25
48
42
70
29
15
62
71
114
31
63
89
101
