224
358
320
424
323
406
527
318
365
431
480
467
365
496
480
336
329
431
519
594
338
268
252
417
371
328
478
412
418
581
405
439
406
279
446
497
395
389
387
418
302
460
388
500
272
412
406
330
609
561
368
429
461
496
421
516
410
340
614
324
356
461
424
363
417
393
443
541
343
427
418
433
362
279
484
483
451
414
417
499
524
314
500
352
424
405
349
398
344
526
425
333
372
573
508
272
426
413
348
378
416
461
340
386
458
406
434
408
567
481
373
459
352
374
468
316
530
422
348
388
321
321
287
348
418
360
428
344
467
320
321
414
454
566
462
591
473
504
545
409
231
386
428
379
366
366
452
600
436
531
386
407
472
370
342
281
337
413
328
617
497
446
320
335
534
381
477
308
612
358
565
342
443
532
435
368
350
583
385
437
420
423
358
431
475
499
334
329
417
325
449
354
361
401
371
480
484
322
372
500
326
333
348
330
409
506
367
468
370
421
380
450
354
271
413
420
385
483
584
451
493
367
292
476
550
389
435
469
367
424
421
350
379
319
370
450
448
470
395
338
359
458
379
415
338
477
380
413
425
372
517
333
457
319
424
414
468
424
393
332
522
286
415
412
530
305
396
452
463
319
434
513
377
296
348
369
597
459
501
442
512
408
417
356
474
469
491
522
540
402
445
420
469
321
415
438
378
517
323
329
481
459
437
399
503
430
272
410
366
434
441
290
301
538
484
428
343
479
454
479
541
291
409
478
442
369
534
335
392
408
409
338
418
368
361
362
317
342
352
525
277
333
439
447
466
410
381
440
360
338
394
360
452
452
395
509
540
445
548
354
348
462
310
403
666
365
411
383
412
407
379
430
405
280
424
515
503
415
521
523
347
409
443
434
310
448
402
468
357
406
444
375
422
291
310
462
380
541
369
482
501
678
385
267
288
522
440
388
519
326
451
309
474
329
341
601
447
418
380
479
465
367
370
441
347
436
359
501
390
400
254
480
554
313
478
527
343
348
406
412
405
323
342
418
284
409
410
470
462
337
391
431
328
335
507
490
420
417
347
436
448
384
397
445
359
399
428
425
416
420
355
391
542
323
321
444
486
459
324
416
360
427
372
444
348
327
404
482
429
384
363
397
358
420
416
269
312
591
385
464
328
431
392
393
413
519
401
376
475
563
434
437
437
397
324
532
437
384
478
395
364
359
341
473
370
368
369
327
553
459
291
573
467
273
444
357
381
356
347
477
428
388
458
443
467
412
465
422
431
333
435
337
408
384
372
470
441
441
305
299
354
458
494
473
413
419
424
585
320
515
440
376
470
416
411
469
451
324
274
341
493
286
445
338
420
402
369
494
326
449
326
338
384
513
396
245
357
445
467
381
612
409
442
392
332
403
322
423
484
472
421
291
711
326
387
532
535
505
534
503
425
272
273
441
537
499
475
513
411
364
232
317
430
460
415
402
402
475
518
426
264
475
434
312
562
449
416
482
357
460
413
362
472
305
316
327
411
379
430
316
411
406
332
368
464
314
543
468
445
509
436
359
429
558
408
413
326
557
377
476
439
374
417
370
493
349
414
339
375
319
525
563
427
446
366
461
518
365
430
435
519
449
379
424
306
489
433
413
454
471
448
461
573
364
731
451
344
419
374
408
429
375
295
334
452
404
500
482
413
351
279
341
231
586
420
524
393
406
269
360
307
406
466
520
348
350
430
413
439
349
461
479
513
328
473
314
524
475
440
426
317
314
410
346
540
369
420
443
279
358
380
577
403
411
351
520
350
536
454
412
522
409
337
445
478
497
370
277
363
318
472
374
356
385
386
469
359
593
538
430
319
454
423
374
416
406
331
399
347
398
487
440
377
301
496
295
360
456
497
529
323
383
490
422
319
416
416
353
443
492
424
449
304
278
439
305
425
276
458
482
295
407
533
340
436
526
334
354
374
392
428
413
340
443
363
390
423
495
437
549
415
311
440
357
432
407
453
510
408
355
479
401
461
242
618
418
584
339
414
333
464
386
395
443
336
499
485
430
391
505
306
428
473
437
375
339
456
349
550
367
418
502
415
319
300
509
415
451
502
362
408
420
460
492
437
325
360
458
426
417
482
409
285
410
402
466
456
432
343
340
406
467
381
415
434
437
437
386
442
346
273
398
266
489
284
551
410
413
431
549
419
459
419
339
355
430
612
395
460
472
454
399
589
346
452
421
524
500
318
348
455
335
475
454
467
341
304
410
335
381
552
336
377
513
428
407
317
340
300
388
336
466
378
441
422
217
419
337
358
443
333
576
457
449
279
389
322
473
271
334
370
321
336
433
468
327
293
769
405
354
411
445
494
366
538
429
474
472
337
509
423
512
316
597
388
525
277
277
338
476
246
522
439
368
548
354
387
408
387
574
439
514
409
415
431
449
664
382
565
486
427
326
475
363
424
326
390
437
449
559
420
325
417
447
355
491
469
472
352
349
419
392
333
338
483
454
305
451
332
377
335
372
390
499
452
342
466
474
370
486
346
547
511
375
316
464
431
350
441
392
446
475
417
346
484
411
279
453
354
425
474
332
463
447
391
375
581
373
475
317
409
418
404
335
386
351
501
304
355
534
570
360
366
333
455
435
426
424
425
585
543
444
392
344
465
471
531
469
411
460
395
304
420
389
309
343
469
478
445
449
441
416
461
420
503
394
376
473
385
428
427
488
459
355
432
427
457
407
393
443
496
471
470
407
309
424
424
469
447
445
418
388
320
363
430
394
324
367
419
449
392
364
477
375
471
361
367
472
380
387
277
371
466
676
472
374
383
345
408
422
237
303
415
336
421
357
503
350
453
348
271
353
438
360
413
358
409
429
449
493
391
401
491
345
385
490
475
512
380
420
545
364
432
506
577
345
401
477
598
473
447
432
340
458
425
442
317
459
530
393
296
454
358
482
473
546
383
317
339
349
347
360
391
429
301
435
422
356
304
418
607
450
364
307
365
395
433
555
427
368
390
414
690
572
315
462
284
424
494
685
478
371
358
336
376
387
426
498
398
458
424
400
419
532
459
465
338
381
446
492
290
398
498
616
410
324
294
423
585
558
366
468
419
409
461
498
428
488
413
412
370
372
388
555
575
363
381
465
477
464
506
379
368
618
366
402
312
469
495
374
426
420
378
374
364
380
443
455
392
601
328
511
432
551
286
294
413
488
445
563
365
581
354
414
254
487
259
499
337
537
514
269
628
432
360
367
289
418
369
501
404
348
226
436
492
436
401
501
422
325
439
348
510
417
550
375
361
266
474
433
254
504
351
405
277
394
434
459
368
423
370
448
421
515
554
441
305
377
406
344
336
276
654
644
454
334
324
533
573
454
470
363
418
363
383
424
461
542
333
454
307
329
245
457
421
366
378
462
448
393
409
310
304
376
366
295
368
526
427
309
546
489
270
257
278
447
379
416
456
441
345
409
336
420
307
424
331
354
415
543
398
306
209
345
395
532
350
409
424
391
187
327
317
413
327
380
373
343
311
355
408
445
480
328
405
416
373
356
497
409
447
522
478
396
495
404
601
479
377
557
462
521
327
323
477
263
426
444
304
422
475
372
410
478
423
488
553
341
597
436
346
366
286
272
300
291
333
433
476
371
360
463
464
383
306
274
463
451
365
458
364
346
371
541
445
336
403
439
390
418
475
415
555
404
601
431
416
455
488
368
403
413
260
522
445
449
428
366
320
344
293
517
504
409
384
470
397
377
414
480
438
319
571
350
436
374
424
444
445
431
347
421
319
455
505
437
542
322
575
381
490
341
492
415
318
427
466
379
430
250
536
441
443
314
606
470
324
419
376
459
270
505
440
314
515
493
411
419
437
371
466
306
315
409
391
278
493
460
408
471
453
411
416
322
430
632
475
482
462
411
413
367
370
430
560
458
521
331
344
344
487
276
453
299
650
452
426
376
321
322
421
495
484
507
458
274
437
346
371
363
213
480
446
314
397
468
396
409
442
333
353
425
410
344
425
422
356
600
598
378
442
334
534
389
379
210
448
405
579
464
331
368
472
539
291
393
364
578
436
463
346
406
412
457
457
413
359
476
410
315
412
339
436
334
286
322
423
513
387
606
552
390
345
306
617
465
350
384
489
349
500
376
375
373
379
522
412
381
562
507
430
337
310
331
336
373
345
492
505
422
292
318
434
437
359
339
426
362
465
329
229
454
367
345
421
418
315
331
417
418
390
408
460
311
437
478
558
508
398
591
445
328
321
391
452
375
555
405
369
428
422
306
532
315
454
540
438
439
433
353
375
370
538
469
548
356
361
429
584
349
399
468
273
402
356
464
523
359
459
510
419
426
337
348
366
410
477
422
334
421
422
327
405
635
395
303
480
414
408
545
336
332
328
409
374
434
468
411
313
343
306
456
366
535
422
355
541
410
424
446
298
446
487
391
419
406
475
439
427
446
548
441
465
280
352
347
334
382
463
414
414
414
444
550
422
314
442
427
522
349
341
430
426
405
445
677
459
299
507
463
610
568
444
437
336
387
295
290
507
384
513
540
581
451
400
367
466
437
502
504
503
322
295
366
410
505
503
365
281
335
401
306
391
466
328
434
609
545
497
510
321
376
320
480
368
539
458
309
452
344
238
429
455
427
470
407
411
334
423
532
389
360
452
480
446
440
323
474
384
584
466
495
419
364
334
410
273
415
384
438
593
352
331
350
413
374
398
381
379
600
413
457
413
455
388
536
378
341
311
590
425
361
323
363
304
371
404
439
461
579
409
400
430
628
339
271
421
407
353
492
455
378
389
349
312
387
402
335
399
392
455
351
476
335
420
480
503
425
571
358
589
340
500
300
468
409
391
553
371
544
469
445
599
474
421
303
377
295
589
373
527
392
484
408
458
424
578
378
467
461
433
432
326
417
465
464
661
480
338
486
333
434
330
533
523
358
458
523
412
385
386
416
457
282
332
349
434
583
367
416
512
486
458
456
348
436
423
463
447
407
360
388
434
343
410
412
464
360
485
291
490
366
375
415
537
400
762
550
330
329
440
411
447
693
369
481
500
386
444
435
388
495
441
528
478
563
376
391
364
364
409
479
413
507
357
422
306
354
364
363
342
436
482
487
311
487
380
452
492
356
453
338
525
243
471
401
425
468
606
462
638
362
511
411
549
382
481
446
461
414
372
531
385
312
414
364
329
495
307
450
323
422
439
480
480
451
318
513
427
412
471
339
319
414
387
367
489
463
388
492
480
405
329
426
521
328
408
505
461
569
374
441
339
359
415
307
432
553
354
430
416
435
403
470
485
402
438
441
300
313
399
367
333
473
414
360
335
668
350
447
245
501
401
349
333
409
361
619
438
446
445
336
447
423
501
365
444
348
376
328
421
349
378
455
631
352
331
385
381
507
397
472
391
340
526
465
421
417
365
381
408
356
465
491
347
336
358
422
534
411
497
272
280
455
290
259
383
466
572
362
507
462
349
351
554
322
404
407
379
415
456
716
347
424
382
409
547
499
488
428
425
421
499
525
407
476
477
414
555
412
508
331
315
874
264
328
456
467
303
354
406
379
460
478
434
493
323
583
342
531
340
504
499
378
466
460
365
424
485
360
560
493
392
423
361
353
413
406
508
387
399
316
369
774
350
415
442
515
318
341
315
324
302
464
469
446
330
486
548
295
341
375
379
533
273
363
397
437
420
352
543
380
339
375
322
482
379
363
759
487
328
427
404
400
381
469
528
515
447
328
512
575
327
343
317
576
460
323
499
324
250
340
300
363
449
391
457
417
407
378
411
421
489
454
350
464
275
450
476
164
371
317
394
359
312
501
270
440
406
371
480
411
335
421
528
435
380
421
367
287
452
397
418
416
463
368
374
442
493
388
520
385
451
405
476
480
462
264
416
351
263
410
450
348
421
459
347
430
483
413
437
474
426
397
505
550
373
378
423
520
433
411
492
430
496
539
468
367
458
413
350
342
524
497
363
450
465
399
363
429
297
311
410
295
425
397
387
588
302
450
262
346
370
340
492
414
406
527
409
384
317
574
317
374
447
328
525
453
381
375
348
335
451
363
477
366
437
511
341
383
470
421
437
358
426
506
570
320
424
335
290
305
384
501
421
406
281
411
480
451
442
330
371
370
389
305
503
325
660
363
457
353
413
356
413
302
383
376
434
456
335
426
499
328
448
345
446
457
395
509
469
483
498
269
321
342
453
474
366
333
407
368
307
440
249
417
602
385
515
434
528
421
493
509
558
413
353
411
406
322
469
427
404
458
432
349
527
530
353
476
526
481
304
398
369
370
505
497
469
416
471
333
427
772
384
389
381
459
557
412
338
439
428
468
410
410
276
434
352
330
409
423
495
420
307
246
441
370
345
466
636
509
336
464
503
317
315
386
531
329
502
363
476
419
373
452
348
446
495
459
320
452
328
334
411
423
523
334
355
339
454
543
306
429
395
298
376
311
481
375
484
358
360
362
408
446
426
358
457
459
397
468
418
306
459
466
363
385
538
411
419
557
382
338
371
365
353
421
439
401
424
541
405
358
388
473
354
361
579
446
458
412
298
297
288
427
302
465
380
379
427
367
527
473
369
306
329
473
369
501
413
539
444
422
455
599
346
512
482
591
414
412
424
337
301
359
369
391
430
515
514
358
328
410
481
489
445
390
495
331
233
459
305
421
441
338
330
499
326
442
199
301
476
407
407
370
392
427
444
419
354
378
486
345
502
365
640
524
338
458
354
281
474
412
523
307
492
357
385
373
363
494
325
411
477
577
515
486
483
308
393
423
357
411
409
368
345
454
319
405
502
486
425
496
291
329
417
357
383
512
434
379
372
532
496
617
363
413
411
474
413
559
462
347
532
328
383
503
457
446
386
428
431
311
448
462
391
318
446
428
439
377
707
423
415
314
317
333
344
466
413
454
400
442
408
367
384
514
457
492
410
460
408
480
417
335
360
336
311
340
432
533
486
533
574
300
379
557
364
489
391
451
689
433
503
392
531
554
589
380
443
438
361
409
472
370
429
407
482
405
509
339
510
355
491
505
569
438
358
415
535
568
410
700
465
573
332
468
300
409
418
643
466
349
369
334
506
428
467
603
479
332
417
608
490
441
412
372
484
564
214
390
295
412
449
322
298
348
193
451
274
449
404
480
574
419
275
518
480
336
372
412
493
476
524
291
453
350
469
392
351
424
307
494
454
281
436
511
342
505
422
420
417
639
353
452
348
332
528
420
317
365
426
526
387
465
388
465
336
520
329
367
340
307
304
309
318
472
558
432
563
415
437
363
407
386
396
443
304
442
326
427
371
275
371
341
435
481
529
433
602
409
238
433
480
342
441
478
416
413
317
317
270
306
548
342
308
364
367
410
280
374
408
424
300
529
496
552
441
377
445
449
338
324
409
312
306
485
362
420
562
393
505
276
441
315
383
541
570
386
427
427
356
331
423
515
324
418
317
474
496
480
307
375
314
503
483
496
410
544
293
305
320
301
533
368
452
379
378
425
321
553
326
390
510
417
379
419
423
466
446
320
479
404
407
409
608
516
532
528
349
465
324
562
418
350
456
865
426
476
595
417
311
447
482
530
512
341
340
399
281
501
478
410
293
411
335
426
405
496
539
388
488
319
614
305
421
451
368
473
434
252
369
449
530
361
806
429
412
361
492
489
405
412
307
397
432
465
407
351
303
357
304
461
330
648
346
357
424
404
432
476
640
533
380
411
354
403
550
693
470
494
329
353
406
439
360
411
297
372
434
531
416
447
408
330
383
474
424
437
318
494
340
400
382
344
458
428
415
455
216
505
302
400
457
416
384
331
412
431
411
439
440
302
438
431
328
455
406
557
438
469
337
613
428
323
327
492
324
313
327
419
377
415
448
344
464
318
443
391
321
382
495
410
577
591
364
502
506
633
378
421
503
425
419
454
390
360
408
387
349
389
509
581
438
294
400
408
510
356
496
389
370
375
279
551
436
426
443
347
459
417
368
379
446
453
525
284
354
369
299
338
305
416
337
404
410
405
409
376
420
279
307
565
425
377
575
455
518
445
406
539
462
449
479
377
354
468
418
504
408
501
406
503
409
484
412
416
525
323
329
449
403
544
499
469
373
439
643
370
344
349
413
459
450
415
468
602
450
324
371
427
589
344
425
368
513
463
401
406
450
401
378
380
324
299
343
441
481
482
313
547
315
290
263
320
399
416
412
468
413
485
338
256
274
524
404
412
616
462
500
414
568
524
343
328
394
408
468
419
433
547
441
468
372
511
436
437
448
441
249
392
510
460
430
507
431
342
419
378
452
429
441
430
445
427
551
431
450
344
791
318
369
455
424
279
512
477
320
415
359
399
377
483
419
386
418
474
400
437
431
324
312
423
332
459
291
732
406
491
408
422
407
441
356
290
360
448
412
512
507
433
283
377
413
383
603
509
439
416
478
423
438
510
350
488
297
512
399
337
507
434
304
300
339
514
412
390
384
578
460
361
552
486
507
496
339
380
437
472
161
344
385
458
423
474
416
504
499
477
434
324
412
378
365
364
464
446
411
437
373
323
323
320
373
458
370
381
414
317
461
463
311
432
483
388
456
518
331
363
407
421
310
531
406
470
343
308
382
383
434
338
419
466
311
422
388
349
513
361
346
416
418
381
465
332
468
445
322
494
383
567
600
316
519
294
546
464
419
422
389
430
308
461
443
343
458
513
485
436
234
429
445
415
546
442
463
335
414
318
208
387
432
383
419
405
452
367
452
421
337
333
412
514
402
422
292
401
436
484
652
324
352
294
518
503
451
595
412
379
546
432
419
449
426
325
324
413
419
338
318
375
476
407
483
411
389
308
445
305
409
320
525
365
449
248
371
492
510
419
449
393
300
334
338
470
510
370
246
349
392
315
433
537
381
450
467
416
329
629
785
501
296
439
349
424
450
439
348
432
411
377
318
417
473
417
414
374
265
513
267
418
496
423
425
494
487
566
375
381
412
331
480
412
465
414
327
536
369
392
737
347
385
313
571
362
413
485
338
474
373
350
488
490
564
547
598
341
548
318
271
334
405
332
441
706
448
308
379
446
405
478
425
412
354
230
384
542
372
331
454
353
382
281
417
497
429
488
440
410
476
355
476
499
507
346
348
479
446
374
440
432
589
431
478
490
443
571
491
378
212
303
327
325
482
468
411
389
360
524
265
406
312
446
488
417
349
509
338
546
417
466
329
332
430
444
428
514
532
357
538
371
559
373
527
409
381
358
265
389
534
410
363
416
412
392
590
342
347
504
422
392
513
421
344
440
335
380
369
373
414
342
415
424
351
323
592
326
395
447
477
607
466
438
437
375
478
458
443
369
443
351
376
428
446
415
357
576
442
674
321
368
276
368
356
359
328
476
554
370
356
417
468
407
368
356
372
407
376
411
216
400
463
413
300
397
413
450
429
435
389
444
290
322
375
452
523
466
457
381
408
339
415
364
412
425
483
416
453
359
317
487
491
358
506
385
440
328
529
505
510
388
349
357
515
487
297
303
464
318
418
480
360
369
321
225
477
306
504
511
448
387
459
275
320
319
442
487
458
505
342
653
546
446
373
519
313
421
355
347
390
331
324
344
450
330
367
329
384
441
338
438
260
485
318
356
357
325
314
417
319
341
314
333
538
324
297
312
424
330
396
327
345
448
350
466
277
436
477
318
409
380
768
365
453
343
379
348
501
466
364
366
350
364
387
410
502
332
425
319
313
361
364
459
299
413
322
267
447
376
585
418
424
347
417
278
564
380
403
347
450
413
288
301
424
499
384
457
348
363
379
338
455
407
346
317
315
348
388
462
344
290
364
340
351
309
353
412
390
257
193
395
508
317
314
308
330
319
391
334
301
412
341
371
363
309
319
413
431
408
358
370
532
369
371
436
515
395
456
497
389
350
306
446
354
283
413
384
595
383
364
373
408
412
568
345
355
270
431
380
327
420
356
434
357
442
300
297
339
462
326
441
414
362
364
272
449
303
403
347
423
454
443
370
491
452
344
408
317
405
377
316
446
258
422
278
411
421
458
505
386
351
328
322
430
404
416
424
393
341
436
369
310
448
352
318
346
320
319
356
333
331
382
430
345
411
383
401
465
353
321
432
322
383
440
413
339
410
462
421
321
439
427
427
381
260
382
345
386
485
377
528
330
347
372
402
357
491
295
628
657
464
344
413
278
317
357
475
341
350
320
347
291
384
333
232
411
420
311
407
425
344
330
277
399
477
330
431
316
447
329
271
341
334
402
358
515
379
382
453
361
282
291
360
408
406
326
429
337
329
302
370
490
394
435
369
339
443
429
356
212
407
429
358
314
341
359
527
416
485
339
414
464
512
351
351
502
390
391
430
471
256
349
296
367
459
408
354
409
531
496
481
401
455
449
357
386
335
535
351
495
381
483
350
432
347
279
257
318
297
283
440
482
529
328
300
525
318
407
431
449
376
307
377
343
327
308
377
302
389
351
435
405
309
444
417
290
333
318
436
309
319
277
389
371
304
385
347
450
312
408
452
376
484
431
453
466
358
479
423
285
339
325
403
267
506
412
465
449
330
303
369
403
353
443
395
307
351
544
354
358
311
384
273
498
344
391
457
508
346
364
368
447
432
542
315
308
481
413
487
474
415
334
402
402
360
319
501
404
572
394
491
478
361
277
471
355
318
395
399
363
376
365
330
524
346
257
323
296
435
386
378
413
438
404
314
302
316
408
479
565
408
409
273
355
397
343
325
449
438
203
355
578
335
350
367
320
321
386
401
284
364
349
358
456
313
318
414
370
462
324
310
445
415
343
285
267
322
453
516
319
336
368
276
344
286
405
353
472
437
357
327
351
360
451
416
337
453
548
389
273
444
469
349
345
382
276
438
405
414
283
406
400
306
328
256
395
363
477
460
345
453
319
382
334
484
312
361
346
375
342
465
442
344
361
319
327
405
448
386
312
336
340
441
421
346
319
298
412
374
200
361
272
638
358
306
329
341
296
344
210
310
343
429
316
390
285
310
417
364
369
431
392
301
320
322
460
431
305
420
328
319
385
329
328
266
326
446
552
452
414
418
372
314
437
476
355
510
456
444
565
463
413
716
444
371
401
305
389
485
285
305
310
344
404
306
388
436
355
296
331
500
363
367
379
314
413
333
292
436
339
307
357
301
306
463
319
320
528
348
379
393
279
292
365
461
414
345
438
403
259
316
314
676
352
438
341
354
389
401
301
464
330
337
291
330
402
336
482
502
381
362
700
270
409
320
311
311
706
375
316
309
411
403
370
348
321
346
434
362
480
372
345
429
433
474
406
469
461
497
434
406
318
307
352
321
268
503
330
342
280
434
429
348
488
318
482
439
368
322
428
346
320
324
449
358
461
352
326
385
406
438
469
402
333
314
385
420
404
442
472
287
227
347
358
360
314
373
361
437
356
374
349
484
321
309
324
337
308
487
231
394
495
419
487
279
440
470
303
377
433
339
305
358
423
313
316
312
420
460
370
450
402
452
373
346
395
388
449
338
430
330
352
420
449
379
396
326
365
359
518
411
450
333
324
336
325
469
335
336
317
435
380
420
453
517
469
439
411
407
437
494
312
409
467
389
406
373
418
324
370
393
432
266
403
304
309
358
391
505
392
284
231
276
435
407
319
462
358
403
319
452
559
340
316
312
312
367
337
514
274
389
461
455
322
320
342
335
334
429
325
339
406
433
470
351
466
444
365
434
578
505
493
552
436
359
327
307
402
404
420
401
388
357
368
322
383
358
458
436
331
372
510
307
402
371
310
310
403
298
306
518
461
410
343
217
464
341
383
444
503
483
316
291
365
330
358
343
369
430
526
319
540
374
447
302
307
367
306
411
392
323
317
430
495
398
361
361
391
480
249
377
436
365
400
295
316
403
407
461
206
309
300
433
393
362
307
311
294
329
324
442
441
356
423
310
531
373
327
373
351
274
376
348
688
316
380
411
373
474
348
420
386
312
400
328
454
296
367
475
393
477
476
400
515
326
354
406
339
468
326
372
693
383
289
435
437
407
496
406
336
405
283
267
505
473
376
430
309
368
345
493
434
361
466
338
314
349
449
454
392
296
226
338
509
309
317
334
332
359
258
382
283
331
417
371
348
309
361
405
157
429
485
392
447
314
440
431
422
321
322
380
304
295
497
341
501
407
310
463
426
323
507
353
419
370
353
428
474
414
388
365
394
311
528
368
349
408
450
612
293
429
359
416
339
347
317
503
286
524
270
528
417
353
367
313
375
374
352
324
451
495
350
264
305
465
341
368
301
311
412
396
598
437
340
308
289
414
315
356
402
311
426
314
368
425
366
354
484
342
316
371
500
307
434
321
441
337
407
504
163
309
408
337
355
344
369
390
408
364
306
356
311
319
311
396
377
425
465
314
405
348
469
383
429
390
325
434
338
314
359
453
362
313
353
366
460
296
432
382
465
356
443
347
374
383
386
323
452
307
273
411
530
327
336
243
491
389
571
368
325
494
275
421
644
434
350
469
375
342
302
490
470
400
336
310
394
393
349
352
393
272
421
493
446
390
361
316
366
350
346
331
276
314
452
334
374
328
368
349
211
307
348
421
444
439
316
359
436
406
331
417
401
402
350
269
435
352
406
349
663
449
491
273
419
347
407
457
409
305
361
457
422
359
309
438
369
317
499
324
393
369
332
330
311
327
292
433
368
487
323
518
412
301
387
268
485
468
333
453
468
589
353
320
565
345
338
380
338
354
353
315
309
338
420
273
416
408
374
459
455
370
315
329
349
366
434
290
297
355
242
457
263
448
312
339
318
299
295
324
158
307
322
441
342
366
431
373
433
302
331
315
309
421
316
283
326
370
452
350
363
310
319
370
468
310
391
376
424
437
363
302
430
445
466
405
410
267
568
386
329
404
462
345
250
377
330
295
311
327
265
332
357
529
272
348
386
328
365
370
295
491
286
296
313
467
376
418
329
354
327
377
331
400
355
323
307
389
451
343
446
338
242
302
399
327
334
325
352
435
229
322
434
394
356
400
390
360
366
339
198
360
436
365
503
341
322
344
401
489
336
346
370
486
372
395
276
464
346
367
359
321
485
334
318
389
384
438
381
333
463
402
423
266
510
414
301
277
559
381
574
410
401
358
313
414
312
359
347
433
367
455
507
324
360
335
517
324
303
423
342
469
384
369
582
353
349
307
416
426
383
433
555
446
378
296
329
366
478
446
431
334
305
393
447
322
442
361
350
357
264
310
331
340
410
328
365
314
608
312
438
347
369
432
431
343
317
496
419
342
409
315
350
411
617
318
313
472
408
439
400
347
475
416
341
311
362
335
323
311
386
300
386
284
398
455
432
275
409
397
340
588
453
463
316
338
272
311
448
309
369
411
443
303
301
435
407
403
420
476
286
470
282
290
301
520
404
413
295
366
426
381
432
368
479
336
355
439
360
705
314
323
359
314
356
347
338
356
435
403
332
385
295
345
451
308
425
379
337
418
244
388
319
338
326
364
349
402
299
360
424
309
390
309
310
318
432
431
357
405
360
354
550
318
455
283
328
335
317
440
393
366
400
327
357
425
341
437
548
409
389
451
531
319
260
317
314
475
315
557
315
444
376
457
303
218
367
358
403
407
506
360
362
320
660
424
442
422
342
336
367
433
410
368
436
426
462
375
434
337
298
276
277
340
309
309
372
347
344
389
338
337
376
394
471
376
273
295
494
466
228
403
402
336
437
436
370
436
316
401
370
376
434
437
436
318
466
373
411
367
379
305
400
317
377
365
311
349
392
457
473
435
452
340
399
308
430
359
316
433
478
389
429
362
281
317
271
441
401
420
269
414
351
348
405
307
354
321
309
395
365
542
363
449
440
466
428
378
465
407
385
397
304
261
329
423
446
394
450
318
407
438
316
464
442
321
444
306
387
389
401
353
472
461
371
356
319
364
356
441
306
296
364
416
296
391
349
407
356
389
416
347
313
448
353
323
365
374
343
404
364
349
357
276
393
304
343
392
353
350
315
349
407
316
695
388
341
414
425
407
330
338
432
450
262
449
323
337
355
310
724
459
483
453
414
296
475
410
361
389
534
335
307
383
470
319
342
351
531
320
395
466
509
288
306
277
353
348
325
371
442
306
251
310
358
343
393
366
314
305
208
417
519
312
404
470
269
416
353
432
222
474
386
342
341
386
352
695
374
345
383
311
326
535
357
440
292
357
323
502
432
309
381
493
526
332
405
489
405
451
371
367
347
316
355
339
345
448
436
543
314
625
338
415
332
398
312
412
354
477
341
385
575
294
386
275
363
387
366
352
454
428
269
321
345
349
385
358
350
363
451
370
362
619
409
286
270
422
401
396
464
386
267
395
354
391
343
363
324
357
231
308
363
346
320
391
338
387
313
425
195
327
462
370
435
354
318
348
318
498
293
409
316
444
370
486
278
387
382
517
490
508
425
406
362
310
354
524
341
371
366
406
311
293
380
475
411
299
438
365
581
431
321
318
435
417
359
479
360
461
262
566
444
351
356
311
438
447
368
343
287
488
386
312
288
303
409
413
361
474
309
473
352
504
344
442
360
323
447
316
406
284
317
378
437
458
311
409
448
357
221
321
511
438
287
433
295
314
393
403
268
339
386
407
297
410
464
389
303
551
337
362
414
387
360
312
323
351
462
340
277
312
446
341
420
310
350
372
420
346
346
306
374
297
359
419
402
431
555
643
479
454
316
301
264
362
392
303
450
441
233
322
470
410
331
311
433
306
481
468
363
373
407
282
599
325
386
364
328
328
327
394
327
462
356
285
436
369
459
334
509
303
270
463
390
388
346
454
433
318
319
309
576
395
312
302
353
328
310
418
429
438
393
406
458
357
384
516
375
538
316
411
314
351
392
432
302
317
374
321
372
391
336
333
342
354
442
349
386
384
364
347
723
441
565
402
387
321
402
408
593
458
369
412
315
320
313
297
428
448
315
496
407
384
394
219
436
335
394
406
368
431
386
393
348
419
343
432
404
311
443
330
426
525
348
310
410
364
435
464
326
283
412
318
452
391
412
304
448
385
442
393
607
437
402
317
390
279
334
491
159
424
393
357
548
333
315
402
393
373
378
361
432
511
340
307
390
314
333
329
437
297
451
362
492
391
436
343
331
448
419
340
325
413
400
486
412
425
461
360
429
317
404
314
333
344
306
316
353
293
339
436
482
447
335
335
442
322
450
405
367
447
409
313
479
325
384
315
358
304
392
440
408
334
364
315
458
310
371
316
380
320
338
246
472
348
336
373
360
325
431
371
572
350
479
372
300
320
507
421
220
307
428
374
317
407
410
353
394
312
374
321
478
432
421
455
281
417
370
408
362
435
441
420
362
327
365
318
362
360
371
373
376
305
380
370
401
311
551
416
320
431
328
468
347
347
286
302
407
643
346
434
472
306
382
274
340
447
443
415
410
430
384
264
435
424
360
372
330
370
332
356
397
442
381
335
475
320
378
392
440
340
405
608
403
357
402
430
475
338
316
330
340
434
358
479
361
382
385
363
230
349
340
332
437
405
400
356
368
307
434
313
365
323
485
374
499
387
341
493
368
391
314
478
574
355
629
441
350
382
453
497
430
409
555
448
509
297
445
380
265
348
364
348
429
406
317
459
381
444
336
401
313
546
368
317
479
352
394
446
363
825
304
383
359
360
366
323
350
302
395
484
394
449
328
368
384
402
351
365
368
274
301
447
394
450
390
360
388
436
436
367
286
458
310
301
294
317
363
370
196
367
411
354
353
397
308
352
294
361
418
310
407
342
418
363
356
416
318
452
324
318
445
402
356
355
321
379
364
405
424
315
363
277
368
312
424
261
501
486
594
462
475
418
442
350
319
269
343
486
261
511
560
347
311
285
448
311
564
412
336
426
462
309
504
403
401
457
348
459
325
555
364
449
460
274
456
308
441
324
484
355
475
320
398
315
406
394
324
348
252
392
459
320
371
350
302
273
456
405
306
353
340
313
278
325
359
544
401
341
362
304
463
388
365
342
295
361
535
384
376
323
499
453
337
321
338
358
395
465
312
373
528
438
393
462
433
271
419
715
315
431
307
355
363
304
333
402
374
347
392
438
366
336
341
307
373
430
495
349
439
331
454
379
466
442
465
326
320
333
331
449
316
379
402
335
410
407
436
407
403
278
262
446
398
449
394
430
368
313
399
305
559
395
365
330
405
311
393
455
255
302
381
316
482
417
424
457
467
336
349
384
403
475
336
337
310
401
423
510
326
313
325
285
439
372
385
382
438
408
363
671
446
432
300
380
389
512
602
516
393
342
416
310
385
355
281
481
382
369
331
347
384
414
306
262
483
348
443
591
426
442
363
460
359
412
403
394
337
320
477
290
478
384
343
430
525
366
422
396
342
370
405
391
369
403
339
334
347
462
307
378
465
334
315
399
424
319
292
369
295
352
312
330
334
308
287
497
363
339
502
410
348
507
461
347
431
410
324
387
356
307
447
452
437
263
359
366
422
364
346
378
294
465
508
364
441
438
367
345
603
564
487
382
338
334
368
264
312
367
311
534
335
362
277
268
650
396
327
349
309
321
289
350
518
421
336
323
373
390
319
432
511
300
430
314
522
350
460
339
369
344
275
438
383
483
386
350
384
395
247
304
507
276
415
479
367
436
370
467
200
345
407
387
276
395
318
518
365
399
332
282
422
393
359
351
361
386
348
349
325
307
723
499
391
267
384
349
377
462
415
349
444
430
447
353
369
419
575
500
404
502
371
476
450
389
261
460
333
485
307
416
524
358
319
271
412
442
507
465
310
483
354
306
551
435
309
465
305
386
322
479
353
338
309
398
327
411
376
472
330
347
230
317
394
432
399
311
433
435
246
324
318
281
323
359
286
324
265
346
234
526
336
345
342
341
401
452
332
306
420
310
297
431
351
394
375
451
347
384
362
295
452
360
308
321
374
395
348
362
367
372
361
338
324
304
302
307
487
667
348
433
376
475
498
435
319
285
382
443
352
592
330
304
382
339
420
442
332
351
409
447
382
354
644
315
381
392
242
336
413
497
351
377
316
421
333
413
353
314
448
411
229
310
390
318
360
340
349
333
298
349
468
309
485
354
340
526
410
322
284
608
358
396
317
469
371
318
340
343
282
301
466
572
431
336
348
351
372
356
526
254
333
464
349
280
572
476
346
409
350
512
333
361
307
380
390
454
569
376
432
440
455
342
305
359
295
302
377
342
295
451
381
353
351
295
369
296
355
396
312
331
431
276
570
439
363
336
302
376
410
550
428
438
377
285
375
422
435
435
477
346
327
351
437
400
333
397
447
320
445
303
453
378
370
350
456
314
307
363
195
362
369
414
302
377
339
465
496
319
452
432
349
340
306
318
316
358
378
338
359
356
406
272
349
318
393
327
349
390
378
401
345
434
438
351
453
408
335
322
359
316
354
350
320
339
266
306
461
509
284
479
318
302
267
237
469
413
302
450
287
340
351
417
282
423
384
379
463
470
403
471
293
310
368
316
348
434
350
471
313
387
339
433
343
458
400
323
478
463
299
374
595
350
314
355
361
497
365
412
238
369
366
350
512
491
304
347
468
364
287
402
360
442
408
351
463
436
451
407
469
309
416
347
383
369
393
347
347
432
382
341
363
456
471
403
434
410
587
619
351
412
457
522
483
394
389
438
300
358
329
320
412
408
412
317
439
363
395
430
414
396
354
330
466
458
364
458
329
372
324
310
352
340
345
322
520
326
446
354
453
387
284
328
311
355
469
447
307
354
241
352
492
443
404
369
340
269
392
354
398
363
331
409
298
409
358
421
376
389
339
445
260
436
424
276
352
399
379
373
338
320
432
273
363
377
408
670
441
392
411
311
364
430
472
406
351
268
433
441
485
379
392
333
335
304
266
298
344
324
346
314
310
313
328
330
508
351
434
312
335
469
356
358
591
378
339
310
301
326
304
375
516
388
340
337
299
285
345
386
428
300
284
452
314
407
319
366
417
478
249
468
379
318
384
351
277
402
384
354
240
349
390
427
262
367
316
382
310
344
396
312
307
531
355
335
558
394
396
378
541
344
456
268
350
353
379
434
317
340
424
421
315
462
433
319
496
359
428
447
343
465
548
392
318
327
353
305
457
714
286
448
525
386
394
456
442
385
311
314
365
438
355
398
535
399
354
451
379
396
388
489
525
269
340
429
386
354
423
327
422
376
276
278
435
408
440
330
447
455
290
294
341
516
337
453
362
329
318
449
162
367
317
355
607
363
389
380
382
349
384
378
429
390
365
297
437
409
437
315
414
329
400
306
540
373
353
308
405
345
360
415
345
263
413
429
439
524
367
381
480
497
330
363
400
343
378
316
445
308
273
306
437
314
407
268
482
328
266
319
366
406
328
377
495
407
363
400
317
459
380
334
382
537
346
271
411
341
312
462
792
369
340
392
350
403
433
428
400
351
251
352
481
351
369
352
356
339
311
350
275
314
379
425
391
320
314
386
360
316
370
405
394
350
429
465
254
403
321
403
368
271
432
379
399
612
339
317
372
407
356
383
407
322
543
410
395
439
320
603
320
484
500
412
362
322
317
319
459
430
263
487
754
355
341
371
479
424
465
663
312
445
358
352
267
485
368
336
315
410
356
275
464
256
308
423
365
441
436
389
423
285
313
301
297
449
459
456
309
477
247
341
354
316
408
440
287
436
362
306
195
338
462
373
666
461
362
400
362
299
318
436
311
472
334
323
506
421
351
314
475
344
385
344
377
317
356
445
404
347
579
436
309
414
438
379
408
437
523
322
377
414
472
416
278
377
402
276
329
356
276
330
386
411
434
223
377
440
419
373
237
440
231
274
332
432
467
370
405
420
341
310
414
407
317
327
406
469
363
410
379
321
358
349
350
353
307
353
329
435
342
327
439
285
316
311
430
492
400
398
323
442
324
372
282
442
277
324
410
420
313
350
349
606
450
329
437
359
390
390
374
334
513
352
420
332
351
338
333
405
327
305
462
405
592
413
422
451
482
518
446
446
376
358
456
326
275
445
381
477
334
670
319
433
437
322
360
416
409
322
453
444
288
325
709
371
404
410
345
349
417
466
336
485
383
305
337
339
437
352
430
361
406
329
493
403
315
398
363
407
286
310
461
414
356
310
362
431
431
386
184
300
444
369
423
366
346
464
411
351
307
331
447
499
403
500
342
346
431
458
549
279
566
385
337
318
350
372
436
462
370
304
329
403
367
348
332
408
539
346
313
508
379
438
393
379
369
272
457
392
299
375
425
363
275
256
338
331
444
370
448
455
326
342
563
356
411
471
475
381
310
464
351
449
580
306
406
324
377
321
307
410
308
372
429
307
335
375
378
462
289
302
350
333
314
316
259
363
307
399
198
415
343
507
313
434
441
309
361
508
380
350
403
309
447
364
308
373
412
482
544
359
309
358
342
304
312
334
415
407
318
414
369
295
451
376
420
266
481
503
324
499
408
467
399
393
307
322
345
301
253
347
437
428
290
280
367
262
298
449
319
479
385
319
311
452
378
431
302
363
365
484
432
338
317
351
349
420
315
412
368
283
276
313
323
286
354
478
286
405
465
349
374
306
413
448
293
290
293
301
286
394
428
344
466
365
292
343
338
428
517
321
355
485
333
375
301
420
316
426
330
439
406
526
358
269
291
303
445
381
326
583
353
357
331
378
416
352
507
500
391
477
452
254
301
403
328
498
276
445
282
487
417
395
355
253
484
387
450
404
366
354
358
426
497
420
384
389
292
381
339
347
404
301
436
306
313
334
458
370
431
333
328
354
361
401
312
319
334
343
304
321
375
472
407
424
359
285
348
412
269
486
391
413
341
318
356
435
372
346
373
414
463
345
358
283
270
387
343
349
339
296
453
304
466
305
424
309
403
347
397
361
470
532
475
415
334
409
302
630
487
378
503
376
233
387
433
310
646
355
345
457
444
459
420
225
526
298
506
340
553
313
375
414
403
320
352
368
359
421
330
301
450
350
437
316
291
292
399
414
322
405
432
279
334
441
451
422
350
372
250
399
335
323
401
361
485
318
312
431
273
457
414
350
527
506
362
379
415
350
386
335
447
315
344
369
884
425
415
461
367
309
483
456
398
322
361
354
342
328
345
485
399
299
535
403
299
354
341
402
296
467
364
321
459
318
339
312
344
439
312
433
428
520
336
354
323
340
380
366
302
677
316
257
466
431
458
406
361
355
367
286
530
462
338
249
405
412
441
348
448
539
435
362
414
305
322
360
431
375
489
305
352
288
376
442
494
316
470
350
227
369
393
382
726
389
385
435
341
325
421
429
352
390
401
484
513
365
357
321
327
338
471
345
370
303
346
348
277
465
312
377
357
300
369
400
365
281
603
514
394
333
347
308
261
435
269
421
461
432
310
458
497
461
358
274
381
321
344
363
268
452
458
267
380
455
398
381
278
311
320
274
303
437
357
308
383
310
382
392
397
284
324
355
356
442
318
365
393
367
294
338
476
338
384
311
403
289
362
393
311
326
339
367
525
361
363
466
311
406
313
412
281
419
396
339
435
438
392
443
324
357
470
277
492
366
363
398
320
341
375
432
434
514
406
360
358
340
533
392
351
431
471
320
458
302
300
474
406
431
318
486
410
379
306
218
456
434
404
352
366
397
305
467
450
325
305
402
406
433
303
294
452
258
367
432
394
434
446
357
521
281
360
287
395
387
371
398
376
337
285
394
271
369
359
462
316
424
419
435
235
345
510
410
321
437
292
484
413
368
368
347
382
409
308
308
283
316
399
351
333
316
473
293
314
335
352
442
375
463
363
653
404
270
395
366
431
441
453
371
517
358
329
438
306
318
267
300
294
461
485
410
508
401
334
279
417
470
511
371
272
463
381
397
455
407
405
383
372
316
411
474
382
420
362
392
471
361
436
325
493
319
284
361
437
413
408
448
378
404
285
308
486
349
338
304
434
390
335
434
439
366
431
372
591
341
394
330
436
315
305
334
350
382
360
360
322
321
370
505
551
305
634
405
369
351
357
404
393
498
374
556
427
412
436
328
386
339
513
306
324
404
402
353
365
400
273
409
307
578
277
567
474
388
349
487
432
377
506
464
319
489
441
368
316
300
361
403
428
352
195
276
340
363
368
320
302
463
375
400
558
376
411
311
478
353
400
353
454
483
286
356
362
396
383
454
407
280
472
376
322
309
386
478
338
357
342
446
411
383
387
472
367
358
418
337
322
315
307
347
318
323
487
485
352
276
350
350
352
332
335
308
385
299
362
354
438
313
529
438
337
497
383
415
350
401
309
404
291
405
260
604
505
306
383
272
672
315
405
309
345
439
410
413
437
392
459
350
386
376
311
274
368
496
283
312
431
430
450
300
593
349
278
310
302
351
313
421
343
392
437
321
433
380
468
389
331
334
287
346
397
380
389
408
653
305
342
472
424
363
472
352
451
456
326
316
268
434
340
380
314
450
434
628
466
334
351
352
347
523
381
464
368
338
311
421
367
417
531
492
391
407
378
339
336
333
304
290
335
539
254
702
407
389
441
366
330
308
355
622
304
356
377
421
312
429
437
436
319
307
341
470
318
431
299
316
310
385
414
395
422
340
443
307
478
384
387
312
343
311
284
390
363
342
354
378
415
328
373
437
262
359
350
311
297
332
331
350
338
318
344
471
412
467
386
272
297
348
397
504
384
280
567
345
408
263
384
439
419
355
334
382
394
300
433
320
348
441
385
352
304
347
303
332
467
367
405
288
329
406
451
443
531
403
418
277
456
367
421
430
365
606
407
330
464
314
299
527
503
435
376
286
391
393
321
375
399
383
358
373
355
415
318
319
450
431
392
481
406
401
297
291
436
341
304
348
482
274
416
448
255
451
340
326
464
408
308
329
358
382
415
358
308
292
348
354
358
319
408
434
362
355
435
474
565
334
414
369
311
422
346
330
414
263
418
452
491
477
454
412
290
430
506
368
363
381
331
303
396
456
309
481
525
490
327
301
544
374
315
467
366
459
311
364
491
336
363
570
464
336
389
278
370
420
378
319
283
433
382
365
587
313
227
325
348
309
377
433
380
317
509
341
322
338
363
383
411
486
378
336
254
302
429
344
446
419
400
317
416
352
344
362
333
342
405
430
328
351
337
373
494
320
432
645
473
343
411
339
414
440
315
338
428
455
476
447
352
494
463
354
353
458
427
327
329
447
320
276
342
350
330
380
442
469
406
296
515
331
511
367
453
474
402
434
469
389
345
394
329
329
358
493
372
400
341
426
357
303
401
501
321
285
407
311
378
357
399
431
405
371
238
312
362
495
316
436
317
435
411
423
231
325
339
407
318
339
412
439
289
478
388
308
529
444
411
455
272
423
277
315
488
338
353
266
406
317
407
384
357
408
424
362
276
296
430
370
307
442
340
456
534
455
429
400
329
372
352
335
342
359
302
402
342
367
333
315
418
377
355
360
438
343
467
314
534
438
383
441
486
485
463
262
538
385
312
278
310
349
393
314
459
289
286
369
443
335
411
430
357
384
406
353
467
376
470
422
425
351
379
391
169
299
340
521
526
339
374
364
401
351
442
404
294
401
389
319
450
449
327
423
366
354
509
496
356
340
380
395
382
325
407
370
381
359
384
340
369
313
317
502
480
409
436
362
314
388
267
301
363
350
297
456
453
420
344
280
416
352
403
344
317
469
358
322
454
410
407
338
314
423
344
326
465
320
301
364
285
410
341
368
338
317
285
443
378
405
469
312
342
335
291
304
310
357
410
307
384
479
408
338
178
307
371
415
320
381
347
476
312
313
342
308
321
428
413
317
533
346
570
425
362
450
355
343
406
295
335
307
405
418
349
299
336
307
446
416
420
432
489
370
442
421
504
368
293
379
299
583
413
431
317
412
417
453
391
305
345
356
313
413
271
385
314
394
350
400
300
412
338
368
382
361
368
266
331
318
309
353
279
468
463
349
255
432
380
443
446
430
323
353
264
344
258
435
351
357
305
521
365
311
186
372
323
304
447
374
287
432
325
503
333
348
410
391
404
364
343
316
678
502
397
316
542
545
353
255
512
349
360
383
417
314
417
442
504
451
432
443
310
477
312
476
318
366
434
383
377
261
355
412
261
423
634
373
309
328
345
414
479
305
320
313
346
382
298
350
409
367
360
434
309
335
446
534
477
331
278
437
458
357
360
343
431
346
336
392
348
344
419
371
302
370
393
356
405
342
360
362
321
400
273
392
337
346
472
388
383
464
437
355
412
345
371
410
388
312
353
413
395
502
479
322
467
465
535
359
315
383
382
357
444
401
400
410
492
351
549
443
333
475
472
513
365
299
275
413
348
408
314
349
321
350
496
299
459
435
485
328
502
409
451
341
352
259
335
457
356
406
320
456
437
338
303
414
358
277
351
402
388
379
459
413
421
376
399
334
321
415
303
411
221
330
348
445
303
431
388
301
387
360
203
304
393
384
359
325
325
351
308
436
347
432
386
319
346
325
493
348
408
454
382
320
361
389
364
333
397
394
407
578
346
365
390
442
506
441
468
296
471
411
442
342
382
426
338
340
349
488
296
339
287
360
530
385
394
230
472
299
308
338
416
411
310
408
285
440
521
339
340
421
330
313
365
472
368
284
473
342
404
430
380
435
476
446
340
409
319
391
312
525
432
326
375
375
348
320
478
278
291
380
300
325
318
335
570
325
290
361
349
374
424
406
431
439
440
285
342
313
420
386
375
324
421
516
457
338
444
381
312
347
577
492
362
304
470
317
484
297
458
372
357
392
432
499
350
343
320
525
323
385
300
378
312
399
273
278
444
306
348
306
446
422
320
437
379
452
456
486
312
467
351
480
305
264
343
320
477
454
467
378
361
357
410
435
346
358
380
317
356
339
410
340
327
290
312
316
285
362
344
403
161
394
355
391
327
328
275
417
347
444
425
324
316
395
321
318
563
318
456
410
352
455
417
410
501
355
430
361
307
341
360
429
404
359
481
473
423
359
448
379
393
434
451
519
317
468
309
264
387
334
394
494
515
393
405
397
473
488
379
427
323
433
304
304
463
407
462
403
330
423
330
327
320
371
420
301
315
404
355
557
391
370
284
453
398
400
416
339
339
490
405
409
363
267
508
311
444
315
355
408
166
448
390
405
506
362
280
399
335
396
467
400
441
459
310
314
600
379
306
357
456
399
450
294
532
378
438
468
416
413
454
332
489
419
501
339
479
485
433
412
419
346
568
380
284
405
345
252
376
404
370
361
482
389
302
280
640
337
449
339
363
547
294
359
337
427
395
416
289
440
420
332
400
287
408
264
450
332
370
667
432
375
289
282
446
408
404
396
380
418
445
312
325
458
338
350
314
332
416
353
337
325
405
327
322
303
308
528
390
384
417
338
355
453
302
279
354
437
355
506
365
455
802
323
367
424
321
349
490
618
356
475
400
298
651
507
357
360
578
350
293
524
260
351
441
435
309
417
397
474
319
513
459
496
596
348
321
383
384
389
310
477
246
327
690
387
412
352
304
313
340
342
337
303
471
282
316
374
409
491
458
374
271
260
339
405
409
412
437
314
207
368
293
305
465
318
368
343
316
302
401
401
370
463
446
434
415
388
631
316
318
340
339
412
320
360
431
387
572
313
467
462
408
346
344
291
519
413
442
389
370
449
490
261
400
450
478
260
456
409
327
438
442
348
326
403
400
340
376
375
291
329
421
343
284
339
319
339
475
440
410
401
422
260
433
312
356
312
299
372
383
285
594
420
362
342
391
319
370
466
374
267
340
334
330
341
308
408
326
318
262
343
360
451
411
317
439
406
403
338
260
335
409
350
311
359
361
329
365
318
349
392
449
392
365
392
437
314
619
343
354
336
404
312
486
442
317
432
422
476
444
473
333
300
371
438
358
408
460
337
521
496
329
390
461
359
312
438
294
326
393
423
476
358
365
433
405
298
303
413
321
545
315
391
518
324
296
575
354
320
409
448
349
358
340
320
366
404
454
413
402
289
304
300
415
317
355
393
399
437
375
320
357
334
473
368
381
354
342
448
274
308
432
416
496
381
345
536
323
419
452
339
466
445
413
274
439
336
360
343
368
387
489
452
457
340
383
503
373
369
399
400
436
275
419
408
437
287
531
433
343
355
431
380
441
458
332
440
424
388
291
386
505
424
285
368
360
347
409
338
418
519
337
282
377
318
302
331
481
314
348
351
372
576
493
435
398
297
359
480
414
415
225
297
431
357
433
463
343
345
423
329
394
474
359
353
424
371
328
355
158
345
313
400
326
357
361
543
451
335
414
300
347
343
415
378
284
335
484
432
468
449
373
514
430
396
490
540
358
364
344
442
435
309
408
411
380
264
447
667
328
493
518
448
482
345
313
298
431
440
228
317
512
472
346
287
436
301
408
345
305
421
358
440
515
468
335
391
405
356
428
436
588
322
339
504
341
430
407
400
453
287
406
356
433
313
362
445
486
435
319
295
263
394
318
313
289
403
377
433
291
382
437
377
580
370
328
464
480
406
351
432
388
354
359
402
278
329
500
318
378
309
416
580
374
346
411
345
316
583
426
486
342
362
347
385
344
411
491
374
315
349
424
320
455
440
406
362
274
343
458
376
461
407
472
532
328
375
520
323
466
484
306
393
397
345
339
315
303
322
307
486
410
427
438
273
440
399
432
354
444
281
429
432
316
425
424
368
430
338
245
403
348
296
403
456
430
422
364
372
278
476
552
457
271
404
395
374
396
419
283
332
499
432
447
488
270
415
422
443
308
264
468
376
337
278
344
343
413
312
381
372
344
263
330
434
390
418
546
360
335
341
296
350
699
327
308
454
430
479
347
461
440
436
376
322
400
429
364
420
364
392
361
331
332
437
428
374
439
416
438
373
368
374
403
350
350
314
416
316
422
394
281
267
505
427
435
347
339
427
323
345
559
435
296
316
392
438
327
381
404
487
432
751
496
316
337
466
304
327
284
400
373
394
400
376
322
360
423
388
340
431
360
357
450
322
314
401
497
320
338
363
419
338
371
380
417
276
516
440
277
461
438
337
328
393
264
359
396
381
482
319
412
383
315
313
468
360
388
334
271
400
377
407
286
307
428
456
367
374
342
319
351
297
418
281
329
431
449
438
343
314
358
354
457
357
316
415
346
346
305
446
344
347
371
312
288
366
376
358
198
372
358
360
369
406
446
317
415
318
350
450
379
347
360
450
304
433
373
322
409
324
366
312
419
297
341
480
435
313
432
503
345
361
523
312
450
433
492
578
453
483
419
341
446
444
349
462
330
317
273
377
323
242
406
569
361
386
404
429
481
353
318
409
639
408
295
406
318
341
330
319
432
401
374
441
388
421
378
410
630
393
265
335
423
390
364
305
364
339
450
423
362
325
478
432
320
375
452
493
165
367
448
313
559
352
320
465
340
311
343
467
334
343
407
281
375
340
346
519
356
354
459
464
444
451
354
423
441
318
413
326
324
425
468
400
333
438
497
435
319
421
441
350
361
483
263
285
398
300
389
340
373
342
357
326
492
335
379
340
414
500
329
285
332
383
379
433
390
423
391
436
297
413
400
377
343
375
404
348
334
386
256
445
483
374
396
345
322
360
284
397
511
368
482
326
296
265
403
394
273
322
421
340
436
323
315
350
360
340
397
343
408
348
325
376
448
426
470
386
366
436
409
686
599
292
393
376
318
346
362
475
466
403
511
346
301
329
396
333
459
362
341
339
436
462
276
309
446
420
291
409
359
415
407
358
509
327
405
416
438
375
353
386
396
389
383
406
485
348
404
381
407
291
336
289
332
313
483
547
463
319
230
340
409
420
438
323
310
402
299
349
302
435
360
386
446
450
326
300
276
394
393
343
450
379
358
458
403
303
308
460
300
369
406
291
394
331
333
452
415
352
335
395
302
283
313
412
330
433
385
358
296
448
532
369
370
310
604
521
341
354
537
343
364
371
340
444
323
351
278
358
457
431
580
464
375
341
459
417
345
507
330
384
444
409
298
433
368
431
491
436
544
402
425
355
372
352
410
375
500
388
242
350
391
335
358
371
402
312
269
399
327
339
399
319
386
403
302
407
197
338
404
396
414
409
331
364
457
409
413
356
314
343
354
320
498
367
478
373
335
439
437
286
298
389
315
398
435
399
435
451
413
463
406
336
378
269
492
595
365
470
389
381
306
367
363
356
315
364
268
358
310
329
361
325
589
271
348
394
421
423
327
303
473
467
407
391
311
506
375
463
505
386
379
356
391
341
442
368
406
332
268
433
314
381
409
410
337
448
282
389
344
323
361
431
370
323
340
338
208
348
413
433
434
362
379
334
497
484
439
327
337
319
324
279
442
436
421
362
366
287
413
281
519
337
384
411
376
315
357
415
383
249
469
359
342
317
458
415
462
370
524
414
447
329
315
339
308
467
296
385
383
349
396
301
456
320
334
370
279
504
365
261
332
400
358
480
243
370
354
276
406
410
453
443
530
376
311
449
311
348
339
337
379
411
358
310
342
330
413
439
285
438
405
462
521
316
320
394
225
369
415
461
319
355
282
313
474
532
432
540
371
414
357
367
342
364
360
420
460
283
427
439
442
342
407
350
420
321
409
381
386
310
468
406
332
333
444
340
291
661
448
344
374
314
373
329
367
397
314
412
379
415
417
485
399
308
457
450
516
630
342
300
573
310
362
347
387
422
313
322
444
268
310
293
281
347
496
484
384
318
269
353
373
398
355
354
347
406
234
335
436
471
346
363
481
289
294
339
148
315
312
451
309
432
366
414
474
351
370
380
385
368
335
452
469
391
553
394
330
305
488
418
305
442
416
482
382
305
359
398
432
360
468
447
342
304
410
450
322
431
509
408
332
482
339
299
311
337
365
500
367
522
339
308
436
393
507
410
294
482
419
290
404
374
357
348
320
378
390
437
536
438
325
292
348
432
422
337
420
386
436
506
372
343
358
379
441
322
300
357
462
678
338
419
358
356
334
367
295
366
463
317
371
354
304
387
351
387
370
409
332
306
408
412
332
408
481
306
318
321
492
359
363
329
430
439
318
494
326
412
364
313
417
480
441
767
352
403
352
546
402
470
264
406
265
432
395
434
341
264
308
351
483
336
376
352
472
449
451
345
380
431
348
501
353
437
347
421
334
310
450
807
345
336
336
400
405
361
354
316
445
491
411
389
364
331
328
301
284
451
340
378
410
460
346
430
333
433
225
322
374
428
454
346
317
460
325
439
303
319
403
346
338
354
487
342
443
340
408
319
435
539
433
406
363
435
361
422
373
406
375
358
368
402
336
327
575
461
445
385
420
408
309
349
322
297
334
309
473
395
338
401
400
304
649
322
351
338
322
363
322
341
310
442
381
383
297
351
310
249
433
435
297
265
291
412
433
393
474
346
313
542
343
465
344
430
402
372
325
432
523
358
356
398
387
355
354
379
443
351
304
443
300
363
407
358
503
377
302
364
375
386
387
329
345
304
357
405
361
256
343
488
560
275
344
376
436
423
349
348
341
289
582
407
409
435
311
467
433
328
357
421
446
424
364
356
383
417
318
355
526
379
308
278
380
359
317
447
426
516
399
250
693
361
329
434
312
386
305
266
353
531
425
283
521
373
509
489
486
380
471
441
517
478
300
299
426
319
499
553
317
495
461
379
421
443
385
364
194
418
413
315
310
392
330
493
402
408
409
417
385
461
471
365
516
333
428
370
344
467
389
340
303
434
344
394
307
581
344
440
401
250
519
418
338
452
397
487
432
423
367
355
299
325
335
453
284
542
349
448
413
347
403
262
447
458
319
355
426
469
317
448
396
506
402
346
326
318
397
383
458
450
360
444
306
388
339
387
408
328
277
480
374
432
321
353
376
402
253
421
516
316
364
358
478
492
358
478
196
349
489
354
355
492
319
542
459
425
376
416
452
347
421
354
262
465
451
347
319
376
411
525
379
327
359
384
411
503
369
470
334
313
342
302
471
301
565
348
461
367
381
372
385
395
383
299
343
429
334
455
427
333
439
313
436
429
381
387
333
341
295
309
647
340
456
423
397
360
377
285
375
270
338
303
433
484
303
480
338
324
269
273
496
378
383
333
363
331
209
323
484
348
327
317
346
408
401
370
282
334
401
399
432
322
291
438
528
382
382
412
379
339
334
431
493
383
385
490
416
316
372
606
334
298
305
350
368
445
322
360
388
279
337
405
381
464
436
339
436
423
504
349
310
366
271
248
428
497
319
342
423
453
453
485
364
297
343
370
414
432
307
246
377
448
378
340
429
400
329
343
352
378
342
306
304
377
394
418
377
318
439
341
303
380
350
458
329
405
402
368
335
290
419
491
417
267
413
365
279
387
379
400
522
442
269
304
411
380
414
301
409
406
432
323
360
409
451
302
515
352
384
445
438
411
380
379
410
361
389
299
386
254
349
403
319
278
608
438
476
433
336
389
310
468
316
265
387
451
311
417
392
346
493
302
402
267
475
360
329
329
297
313
269
241
283
339
368
422
439
378
331
499
343
263
439
434
466
477
430
533
293
540
356
331
402
395
444
382
244
457
344
341
346
353
324
341
319
358
216
373
386
343
467
359
352
571
349
435
336
386
472
349
337
359
306
349
370
298
438
255
410
524
298
335
389
426
385
383
342
301
306
293
563
332
393
424
562
349
464
471
369
383
390
371
340
513
389
484
478
324
535
480
285
373
570
360
411
316
429
384
362
304
434
451
312
391
348
392
358
327
324
504
299
372
318
380
433
458
505
438
269
354
382
383
408
369
346
437
267
369
396
376
278
294
418
343
398
511
402
370
406
336
341
382
404
337
383
325
301
403
495
342
451
392
365
435
543
382
333
279
468
306
414
269
345
341
366
429
342
338
385
278
507
367
428
421
468
470
467
425
435
410
489
391
408
356
347
302
265
485
397
303
369
362
456
342
441
524
414
443
290
423
458
489
383
350
297
332
500
470
362
404
305
265
324
346
480
460
368
332
405
521
453
409
315
397
296
467
244
436
375
362
469
347
320
268
337
360
237
293
317
334
575
401
361
401
401
414
401
302
488
462
434
311
309
462
497
349
337
301
323
433
576
365
363
308
432
302
337
329
337
276
397
405
369
361
426
357
318
444
382
431
324
476
287
257
320
382
494
338
532
352
321
438
507
429
321
395
362
485
317
366
315
442
413
390
301
390
331
266
348
404
341
305
408
375
407
385
445
373
317
350
315
440
305
379
442
325
419
402
336
378
329
441
290
413
353
436
148
360
269
263
450
375
460
364
393
380
370
438
406
316
384
304
315
323
418
349
420
316
565
493
425
384
422
355
410
423
395
361
456
320
458
332
705
294
455
469
681
464
374
347
344
317
316
407
320
528
347
437
340
405
536
272
353
393
690
366
328
526
333
370
356
329
353
345
288
465
305
518
436
394
415
365
422
351
431
364
445
315
249
462
434
439
307
299
341
341
240
428
283
344
501
545
269
316
320
324
195
341
325
438
356
315
410
402
421
524
407
391
442
665
340
354
353
362
484
305
308
376
315
311
328
417
441
337
445
437
433
444
324
357
290
494
334
409
540
425
347
433
491
437
466
400
315
291
297
404
339
417
340
401
474
258
504
410
346
299
366
325
301
409
437
348
403
320
427
338
357
307
439
267
331
305
345
387
341
411
505
301
290
294
301
370
333
321
338
467
196
326
491
274
346
445
310
366
349
388
247
484
464
385
377
349
280
359
479
447
283
338
340
445
444
434
260
436
422
364
421
236
534
364
510
430
368
300
352
529
434
484
363
439
339
449
443
416
449
339
608
490
418
466
381
407
460
264
348
388
394
437
426
293
303
351
467
413
495
326
282
418
331
344
294
373
379
523
280
366
335
300
295
439
353
345
318
352
322
383
489
372
296
456
403
407
347
710
405
380
241
420
326
368
345
461
316
349
362
385
286
456
348
401
370
387
405
264
321
384
328
416
299
321
352
330
531
394
377
443
414
350
375
342
496
299
415
376
476
455
397
882
406
249
340
452
339
297
305
383
434
437
373
439
431
476
314
330
414
379
334
444
587
364
437
295
388
385
408
780
413
460
371
275
398
440
595
447
407
268
381
307
533
358
333
296
497
334
508
442
535
347
256
428
313
383
366
342
436
387
276
403
568
288
534
297
409
402
339
428
292
355
455
342
430
332
340
460
450
451
372
336
346
492
335
358
436
449
363
435
357
358
278
399
388
268
390
432
417
373
345
318
353
404
366
437
341
417
431
438
429
407
308
330
276
305
311
448
380
428
457
363
345
354
345
269
438
325
461
368
296
354
261
385
497
458
294
343
340
360
331
265
312
322
387
263
333
294
421
395
324
306
254
500
433
441
340
369
338
253
288
323
392
367
305
344
299
393
390
515
317
330
374
444
342
449
422
434
314
345
344
344
436
376
472
302
364
457
332
416
386
333
413
316
411
443
408
372
556
348
353
303
373
249
290
343
410
450
481
277
330
493
440
626
444
615
385
253
346
610
324
478
565
297
407
265
436
317
354
395
488
435
262
331
329
447
400
299
293
323
314
326
384
393
299
309
262
457
545
326
604
329
256
373
371
361
363
383
361
422
445
418
318
435
337
463
349
421
392
394
154
403
330
320
460
393
297
402
399
369
412
273
440
455
332
310
338
370
532
401
328
430
327
352
386
434
510
364
410
326
397
300
369
293
347
453
463
360
305
446
448
415
402
409
349
384
348
357
320
369
444
403
392
347
458
323
380
350
308
438
423
440
300
305
324
442
491
358
441
325
333
492
353
298
325
313
365
340
301
418
440
277
305
389
330
438
463
369
491
500
294
303
434
285
352
326
407
346
331
317
201
300
305
333
343
423
289
300
308
474
359
384
377
335
321
435
588
460
442
344
341
233
317
335
422
295
528
377
348
403
391
494
318
272
429
331
374
330
418
557
453
500
408
389
378
473
317
518
329
311
333
331
479
309
439
475
405
408
320
350
300
345
268
357
445
448
294
352
338
457
345
334
371
338
345
259
345
354
479
372
441
356
271
328
454
331
375
298
320
390
199
318
465
380
372
361
409
421
293
394
340
340
331
339
343
401
395
497
420
351
357
292
431
383
357
438
331
310
408
412
379
483
316
348
361
398
385
392
451
363
310
293
404
277
397
303
387
278
501
437
347
404
433
406
378
404
407
523
402
399
343
422
317
325
408
276
509
348
637
341
427
497
266
301
327
304
387
369
471
325
330
378
418
431
333
314
265
326
426
573
393
275
295
306
456
333
355
383
358
352
269
381
346
335
363
474
450
342
369
409
152
414
300
374
470
450
349
417
309
362
429
303
347
321
357
342
477
380
380
349
398
435
435
515
379
323
309
421
463
483
399
445
436
406
503
455
472
459
526
595
332
416
399
359
354
427
355
359
420
485
307
338
417
339
625
262
624
295
307
520
325
433
437
322
507
428
292
342
335
405
404
311
410
312
404
469
381
351
432
526
485
370
323
389
489
334
302
327
346
435
254
316
316
338
492
346
464
313
312
454
245
404
457
350
456
460
407
407
430
490
383
349
443
510
440
312
508
327
431
384
314
299
486
302
486
394
305
467
356
437
387
257
411
299
410
343
430
415
445
318
451
416
350
459
377
383
310
322
381
501
264
440
369
550
321
269
367
434
700
379
459
401
269
266
379
460
374
434
434
307
334
397
499
466
414
297
522
401
305
431
317
332
406
375
316
294
306
348
293
368
284
390
484
343
328
294
300
313
389
356
216
311
379
413
283
515
292
564
317
334
345
414
346
386
344
318
323
337
318
359
353
309
319
380
371
267
417
419
346
383
306
518
431
295
413
379
335
344
485
364
233
585
373
393
306
346
270
563
460
318
261
357
511
364
320
437
471
325
356
333
298
514
266
248
452
345
356
308
393
381
461
265
461
348
462
348
344
413
433
419
376
277
329
436
435
308
340
382
316
503
398
293
436
340
345
410
350
378
321
348
249
327
434
386
460
304
284
466
540
442
409
405
425
432
372
366
280
346
402
442
371
350
362
319
358
307
344
417
433
545
384
305
386
288
380
479
470
472
390
347
317
497
604
488
352
439
321
418
404
354
316
390
315
349
492
325
432
276
378
363
435
470
354
406
273
330
292
391
452
417
436
336
293
377
386
370
411
453
368
461
440
326
222
343
518
297
368
383
333
342
238
464
315
372
326
372
282
288
367
494
149
331
364
273
457
462
337
337
372
309
302
370
434
422
356
334
262
405
323
417
438
323
346
462
502
391
416
342
330
438
341
294
418
292
396
474
329
435
432
539
356
501
311
409
352
318
312
502
355
658
319
559
472
414
344
467
445
411
453
339
334
388
309
302
443
405
377
416
290
304
324
306
290
370
385
315
353
478
425
317
617
277
243
505
369
319
301
321
334
341
264
265
296
287
301
296
457
269
404
402
193
366
391
407
554
315
334
303
486
383
319
439
403
356
454
347
312
386
325
300
364
292
338
575
298
379
377
435
513
386
411
413
254
301
399
497
372
306
578
383
452
477
444
433
432
529
349
260
365
405
290
432
350
403
542
294
361
333
512
355
459
589
309
354
445
304
333
297
377
465
329
297
377
439
433
395
290
386
473
479
489
273
277
445
350
452
351
297
352
406
235
450
377
366
414
402
266
306
404
411
265
349
307
438
514
525
285
358
369
345
349
473
303
345
339
316
293
395
425
366
353
254
337
450
352
351
320
294
383
313
384
311
336
432
413
352
445
487
328
372
358
321
392
434
352
348
455
362
300
468
335
401
420
439
478
363
318
492
416
364
509
571
294
247
279
465
386
358
334
341
445
331
377
443
417
270
346
263
411
418
506
458
362
320
387
447
396
365
388
457
263
324
442
302
303
298
544
318
298
358
150
337
338
316
447
416
316
403
385
365
358
323
340
450
318
292
341
359
436
435
325
295
368
282
381
264
308
408
356
484
412
439
363
406
390
350
299
467
415
353
487
495
558
388
264
320
339
536
457
472
343
441
447
373
307
274
417
426
483
476
364
467
433
251
306
517
325
419
338
553
358
399
320
329
344
284
336
317
673
369
376
303
293
456
473
410
412
426
369
384
198
391
315
350
438
379
323
311
286
337
225
328
412
390
478
403
366
352
394
382
367
364
440
443
326
357
321
400
463
308
342
382
473
312
358
368
370
467
437
314
417
439
355
445
418
351
416
340
444
425
505
410
313
514
314
449
356
323
376
325
521
441
396
413
339
494
504
435
417
409
366
393
373
257
437
317
325
432
291
431
407
371
474
391
410
262
502
404
439
502
471
375
223
307
384
405
302
311
347
465
429
303
441
296
325
352
312
422
298
352
231
389
378
480
389
354
305
385
383
473
269
377
299
336
438
354
313
346
398
396
397
254
382
324
497
407
343
340
320
533
335
382
400
293
394
343
346
532
413
455
288
457
352
489
368
319
346
611
378
452
355
364
395
289
282
263
384
422
525
388
468
444
309
424
479
387
440
348
457
301
447
359
449
336
377
308
308
403
384
435
312
285
281
433
368
365
432
326
372
306
199
364
313
439
274
349
270
527
301
563
256
327
469
342
312
389
389
299
388
369
370
356
249
482
488
266
291
359
469
341
308
336
346
386
370
361
405
330
382
314
363
465
334
431
420
371
454
407
316
435
676
395
628
368
463
462
420
445
427
347
374
467
428
298
445
264
550
275
328
302
525
411
243
227
379
385
290
463
328
324
462
372
531
327
407
261
261
397
377
363
374
314
221
440
412
438
377
375
392
348
195
354
476
435
458
352
583
347
501
387
235
336
392
344
393
519
357
722
381
367
474
334
301
345
315
298
437
459
346
344
348
313
365
532
452
253
384
341
380
586
350
542
361
298
403
394
436
418
297
345
319
319
224
406
344
373
369
319
444
351
266
377
396
414
306
342
321
381
408
394
332
429
271
322
393
499
355
409
448
338
410
363
377
301
349
264
386
385
451
388
439
292
240
457
390
328
347
383
300
440
267
326
447
327
315
428
334
271
290
549
431
323
324
303
545
399
369
300
351
326
357
493
403
537
303
433
453
386
369
304
338
402
506
432
404
369
309
555
329
356
515
500
410
348
319
421
335
278
577
379
629
463
472
493
452
311
377
448
450
450
349
459
506
379
320
299
402
343
385
343
316
389
349
330
337
390
400
393
293
375
325
398
278
264
342
357
351
352
390
467
440
344
219
357
334
328
441
345
442
460
359
440
330
365
406
354
321
312
338
431
287
338
379
345
305
544
300
455
407
457
325
339
363
339
342
340
391
414
384
404
341
434
532
333
370
342
367
280
440
392
344
294
379
309
498
487
306
275
505
386
295
406
315
358
356
474
319
324
413
481
437
472
321
364
311
228
370
394
368
422
335
302
268
417
475
407
442
415
402
406
332
261
319
323
339
264
573
433
516
381
462
330
282
436
476
297
337
388
297
484
268
359
491
378
389
411
416
409
297
494
224
368
322
348
585
340
341
557
308
418
364
392
298
406
335
392
297
318
319
410
341
501
314
750
421
434
345
395
317
435
350
412
346
250
312
563
488
293
387
332
393
518
353
468
478
531
277
518
540
305
480
313
302
544
426
345
492
378
664
358
289
413
347
292
295
461
400
348
334
342
446
299
412
324
307
337
330
347
380
349
448
414
275
495
355
341
404
419
375
345
291
347
277
471
374
303
363
266
287
384
146
433
327
301
377
358
319
386
349
465
348
415
384
436
298
282
325
354
423
425
465
325
497
352
358
328
341
380
357
454
348
299
435
309
380
301
447
440
344
364
280
317
482
353
339
329
282
289
324
455
343
393
421
446
330
319
348
364
330
312
301
324
349
357
396
306
367
377
498
320
383
263
443
472
319
297
448
411
477
454
441
369
312
335
455
302
400
449
339
302
475
448
365
468
366
337
375
368
393
579
251
292
301
369
295
434
449
351
633
328
305
315
497
311
406
303
549
349
480
351
309
286
368
399
342
522
418
368
342
311
420
309
278
444
301
522
367
445
574
340
582
399
378
406
343
414
362
318
430
415
330
350
407
402
422
349
490
487
515
465
365
383
380
453
449
437
400
341
291
423
319
259
261
406
386
267
387
300
401
369
448
273
255
439
495
388
336
383
400
474
288
324
345
327
346
336
318
339
302
339
153
399
321
499
280
319
334
339
411
389
376
294
296
453
329
334
355
387
415
387
411
363
490
684
336
457
339
361
331
391
473
516
382
248
299
356
419
360
461
485
649
497
404
360
325
313
289
496
333
481
579
453
420
516
437
243
327
393
323
382
412
355
265
287
438
392
351
331
470
397
345
328
496
315
443
265
416
380
365
446
336
336
220
370
309
391
403
329
301
298
219
295
481
335
349
407
324
344
374
475
146
436
319
361
361
486
332
361
476
607
379
434
422
406
389
310
325
321
464
305
371
351
364
492
467
266
361
334
374
430
399
409
397
293
381
319
541
277
492
451
439
395
454
332
451
615
390
318
458
381
367
351
469
458
459
363
402
421
674
357
343
469
397
355
430
271
315
471
358
470
331
462
423
429
297
301
277
403
445
335
561
360
333
574
434
372
324
451
340
440
350
423
279
350
367
329
353
270
373
341
226
507
469
376
357
404
294
338
433
417
307
412
401
504
451
377
261
305
358
340
376
259
411
384
422
388
344
342
419
423
344
423
414
334
512
403
375
409
421
435
613
691
262
425
432
407
282
450
353
370
268
412
444
417
434
363
451
395
493
426
441
374
296
318
310
345
348
324
285
302
335
476
377
372
378
269
311
450
481
433
446
323
280
341
321
294
265
314
289
372
457
434
311
322
422
343
361
300
408
472
257
329
349
405
327
404
447
408
338
432
433
354
378
435
314
300
262
356
446
345
343
362
524
424
497
309
347
399
408
447
456
449
375
506
402
349
288
271
338
324
441
363
358
384
395
432
337
361
504
537
257
404
386
420
370
313
424
330
465
367
438
364
377
412
453
434
293
491
348
405
362
362
388
312
584
437
311
366
305
423
312
316
256
334
409
356
431
364
407
300
480
434
488
346
347
433
324
325
480
402
267
429
406
498
375
434
349
307
508
338
332
369
372
627
355
290
492
389
375
344
512
360
405
314
291
435
385
358
387
421
428
317
337
250
377
423
343
299
401
491
487
555
329
348
449
347
304
518
406
386
455
345
331
458
404
435
482
360
408
431
435
421
368
416
274
408
355
407
404
499
445
328
432
335
302
386
341
406
368
467
376
360
358
502
496
334
405
430
317
338
251
280
340
360
400
342
356
290
382
451
415
420
358
445
443
339
402
370
435
459
349
369
378
309
321
275
483
327
317
295
304
333
361
402
504
435
450
369
416
369
451
316
438
421
434
300
337
327
330
488
441
413
364
624
313
447
278
297
597
444
271
462
309
438
345
349
478
558
446
389
345
360
515
325
454
385
479
375
402
425
392
316
403
338
413
471
356
346
479
383
369
318
214
532
368
399
372
419
296
472
236
454
368
323
381
336
311
397
372
392
482
390
437
499
439
534
395
320
446
440
303
430
395
450
539
352
314
421
323
478
352
459
326
328
429
294
308
438
377
406
442
347
306
288
326
403
460
294
328
383
370
468
407
445
437
491
274
545
338
408
438
409
393
613
545
279
437
324
514
366
412
367
408
359
343
446
382
510
434
321
386
303
466
346
405
263
271
407
410
388
552
274
375
567
313
396
438
354
437
376
262
326
522
364
410
302
315
416
429
480
196
341
355
885
310
506
283
408
305
408
509
346
337
443
320
391
548
499
351
302
462
385
336
326
359
406
324
310
351
406
392
336
383
361
517
467
300
406
442
517
335
455
337
409
477
433
292
308
364
448
273
578
418
383
407
370
419
412
467
468
285
460
305
252
332
505
390
463
334
310
439
369
244
406
436
354
268
440
414
435
455
402
234
331
548
717
343
359
328
302
299
436
470
463
306
344
434
361
320
357
149
329
428
430
360
457
316
388
415
380
304
290
583
322
438
271
320
355
358
304
581
337
359
308
403
415
341
463
452
449
366
378
400
449
468
394
335
256
469
373
611
456
342
343
437
355
312
459
327
404
273
316
562
387
411
354
409
420
423
449
302
364
308
432
341
382
387
305
360
419
354
466
463
295
356
451
441
392
451
455
317
324
333
365
317
394
344
363
472
296
440
344
371
437
361
345
433
310
376
400
216
340
321
361
443
329
349
385
514
357
379
329
379
465
389
267
310
437
325
372
397
343
328
343
327
310
360
459
352
314
361
302
356
309
397
485
401
340
489
435
290
379
308
431
376
381
435
327
429
355
539
447
348
523
358
329
456
357
626
378
255
498
346
376
353
389
404
396
323
411
381
261
297
431
302
361
344
436
365
372
512
376
319
303
430
396
384
332
299
376
342
352
342
299
348
391
421
407
335
540
195
341
348
339
396
309
327
337
408
458
386
330
446
376
329
417
620
319
387
480
394
278
442
336
338
427
353
359
314
309
378
453
386
273
359
410
331
432
384
361
290
578
432
418
490
326
347
295
409
472
319
328
335
530
300
301
405
300
514
337
333
350
356
358
353
410
296
451
382
386
335
350
455
312
326
263
371
329
561
378
359
346
315
310
320
449
298
396
323
422
440
410
437
441
353
526
373
306
396
407
232
353
304
389
319
356
267
486
404
331
356
335
343
442
383
319
356
349
427
373
373
311
444
482
382
305
307
383
436
421
360
454
374
338
433
344
521
325
306
512
280
318
339
295
275
404
384
458
532
592
334
409
338
486
356
315
556
382
546
470
269
317
329
299
435
336
401
304
313
427
401
263
511
451
345
283
313
370
472
367
362
344
259
517
535
357
329
353
371
436
483
353
441
395
404
346
322
267
313
370
320
416
334
407
544
407
316
322
432
311
340
486
492
413
440
313
573
351
318
341
410
284
448
658
358
452
445
335
314
310
362
448
381
268
361
339
422
283
496
357
543
351
502
363
460
347
311
524
384
353
361
371
346
395
382
434
352
439
508
583
369
400
318
390
338
335
366
345
378
355
407
434
402
453
345
268
306
436
432
314
403
312
269
274
331
311
434
341
340
449
397
312
362
394
402
470
342
313
281
575
275
389
319
337
324
340
267
380
305
410
415
332
301
549
413
377
234
339
373
368
437
273
325
525
325
368
306
475
510
411
372
302
389
418
370
422
463
340
486
420
328
448
363
696
439
386
317
524
517
503
349
450
388
472
388
326
505
446
423
305
489
394
318
373
324
341
299
300
461
436
305
346
438
316
330
333
418
320
485
408
457
316
453
521
420
401
336
334
297
421
282
394
318
473
303
334
333
311
350
502
245
362
418
383
480
322
354
465
417
384
358
422
337
370
370
340
261
308
379
355
352
354
315
309
294
334
409
341
371
318
391
518
288
250
401
399
377
302
398
445
472
404
471
473
474
420
311
361
380
299
282
295
591
438
419
479
378
445
415
548
331
386
372
284
375
460
353
390
340
461
408
397
434
319
423
336
483
312
465
362
384
383
220
433
350
370
345
332
336
386
219
322
443
291
315
293
317
365
451
421
181
331
404
358
311
404
305
456
373
372
318
373
514
509
300
319
327
337
318
467
479
461
449
287
341
301
315
486
456
480
392
294
409
283
328
411
409
415
442
675
436
375
341
388
394
627
418
312
343
406
273
565
384
628
442
296
337
586
575
316
366
365
462
412
589
460
351
349
362
431
363
266
614
243
333
269
327
483
389
312
627
338
289
357
466
384
381
267
335
471
398
360
615
298
423
302
399
316
342
389
219
406
431
281
301
627
318
438
589
402
360
420
298
460
544
263
309
403
457
502
313
298
384
688
414
310
287
479
391
371
342
440
337
411
733
334
428
457
309
305
306
443
312
400
306
516
412
322
432
468
359
489
370
304
368
395
433
400
522
535
335
384
570
294
318
310
304
453
290
322
768
350
496
371
312
268
362
393
349
499
312
269
311
556
509
317
380
365
370
301
228
326
377
451
350
367
269
344
431
446
412
339
300
387
308
364
300
342
298
409
342
407
344
452
338
308
391
358
372
339
532
345
400
294
419
454
392
434
369
333
356
604
382
414
353
345
453
468
346
409
366
408
371
333
435
358
267
410
394
370
318
384
420
429
311
351
359
512
532
314
292
429
320
244
377
351
347
481
315
302
418
301
387
306
302
467
371
416
459
405
452
276
327
336
339
375
404
383
304
462
414
471
510
326
450
477
269
310
289
502
237
348
328
433
476
365
321
529
543
496
346
360
508
317
326
270
435
336
374
349
361
323
333
342
338
317
387
342
348
331
331
486
375
523
348
303
395
405
306
353
591
440
363
456
351
357
267
362
320
492
444
413
392
346
526
307
319
288
376
450
306
421
307
364
354
332
399
376
295
379
367
296
447
356
466
348
403
356
469
621
475
316
277
320
493
408
304
417
297
432
284
327
438
345
345
362
422
323
299
438
230
425
307
334
303
429
374
347
432
364
349
300
567
369
367
367
320
457
419
405
436
299
338
655
356
395
387
410
499
407
343
293
436
444
485
306
480
255
351
469
314
444
426
458
472
353
386
308
332
409
341
345
514
329
318
498
421
324
539
379
427
435
406
367
299
432
304
342
342
415
390
460
355
392
297
341
318
303
344
363
455
380
340
332
493
347
298
309
346
532
240
395
437
367
304
432
434
379
336
337
185
603
304
352
294
542
470
476
478
410
414
314
376
452
380
308
282
401
323
384
393
317
384
411
449
411
405
379
418
525
349
471
374
298
397
369
314
479
341
432
392
436
520
518
361
374
451
418
420
393
445
344
336
355
343
227
299
310
436
415
307
459
320
371
397
405
438
444
295
384
368
543
340
375
421
319
339
340
468
362
373
300
410
470
447
380
348
359
401
318
322
389
462
581
275
349
431
340
452
404
272
420
335
452
450
304
355
402
381
349
516
407
609
340
380
440
343
406
527
306
325
251
486
358
297
319
478
426
437
312
336
494
364
326
436
403
339
476
410
422
388
600
347
349
391
493
375
405
381
571
267
321
431
432
616
330
464
427
371
355
304
401
322
368
286
449
332
321
392
387
419
428
421
359
347
304
315
352
306
473
375
402
408
439
446
428
383
334
358
300
245
393
468
264
352
431
308
343
319
404
257
347
365
306
473
443
340
373
615
359
337
325
340
484
389
377
375
369
368
544
485
422
353
580
399
300
436
450
498
403
307
497
335
404
352
324
304
358
464
453
278
308
319
538
342
352
295
482
407
433
434
383
697
521
473
267
422
440
301
315
325
427
309
407
339
466
320
316
389
356
374
285
443
306
429
283
426
345
301
553
534
355
325
371
479
347
316
397
420
302
194
290
480
441
336
300
361
325
297
341
291
294
380
337
312
430
434
343
403
335
656
268
597
530
402
367
230
353
341
338
363
316
434
284
356
459
338
366
409
417
340
405
377
204
314
315
368
409
483
441
394
401
531
347
448
406
264
489
474
446
315
311
488
308
324
301
360
375
355
300
273
319
370
262
469
359
345
338
346
362
410
293
396
449
388
364
409
319
368
420
440
277
237
478
387
387
413
305
408
382
257
478
375
379
349
427
310
479
406
416
208
335
345
325
281
351
404
404
406
368
359
352
560
509
379
310
363
423
408
496
345
347
388
270
354
363
411
405
405
375
359
410
341
358
402
315
391
406
433
526
311
381
370
495
272
502
315
433
363
489
285
331
401
375
617
505
352
332
460
457
413
436
294
349
287
391
295
368
428
334
366
317
292
403
330
234
408
405
414
371
332
276
358
338
325
350
418
429
369
364
269
403
346
435
537
303
359
362
442
346
146
295
378
492
377
357
390
317
519
373
391
338
391
391
296
394
260
305
325
364
341
300
462
376
304
353
388
337
475
324
341
460
415
340
351
341
432
288
499
392
487
560
320
350
345
427
425
304
491
464
326
374
365
339
354
457
358
438
339
406
411
454
315
313
303
446
347
306
317
302
406
344
371
404
414
309
362
439
359
426
434
296
429
381
484
449
357
326
300
387
198
489
302
435
338
421
315
400
350
459
504
316
327
335
298
594
404
509
344
491
321
300
296
325
341
299
488
412
392
418
514
337
453
353
323
338
385
429
419
369
377
400
439
327
474
412
336
414
357
487
419
439
452
341
260
407
271
442
335
347
396
377
408
409
350
296
520
396
450
416
481
393
354
399
357
340
329
433
374
365
365
265
409
328
312
194
345
277
377
494
495
277
308
457
439
393
340
334
420
433
259
402
435
394
407
298
289
443
381
336
150
338
405
316
288
461
370
434
275
413
339
413
297
432
450
291
267
348
326
300
320
291
467
312
328
412
375
429
313
378
343
430
357
296
306
362
442
409
337
407
393
383
347
399
546
445
281
451
353
456
270
353
345
328
471
274
453
463
327
444
336
416
261
328
357
458
337
370
461
349
429
398
331
337
359
307
504
380
420
415
461
318
284
499
362
310
272
287
289
343
305
358
438
337
578
358
370
335
314
358
235
361
328
377
340
434
453
334
517
386
365
340
502
407
313
312
485
373
440
322
336
302
437
284
345
362
368
371
327
408
344
348
389
299
400
365
390
455
337
438
353
431
405
563
275
378
263
223
333
417
321
338
377
382
318
354
356
327
328
304
311
401
402
254
336
435
425
367
327
425
329
325
295
403
325
312
268
296
295
544
454
321
238
308
397
373
372
338
333
393
238
425
545
361
282
360
427
381
404
336
291
333
344
476
317
303
292
369
366
312
464
327
416
525
419
285
320
362
370
475
312
317
504
331
476
350
343
426
335
315
299
292
522
406
393
386
327
326
509
415
450
393
317
442
434
360
334
300
479
472
364
415
538
302
360
269
421
403
356
315
305
374
409
349
290
404
347
385
448
340
338
319
423
345
321
492
279
276
447
365
347
337
219
317
375
433
321
442
443
332
326
349
446
343
466
435
350
333
302
432
406
345
426
375
661
441
325
408
372
376
346
300
317
350
346
444
325
412
367
435
366
379
402
473
302
321
392
364
547
491
407
518
341
250
331
386
384
403
522
368
287
412
381
596
287
504
301
359
355
304
341
372
395
435
322
251
364
398
304
478
508
406
318
341
323
348
337
407
436
378
398
276
292
287
389
342
445
404
315
363
538
393
290
256
430
405
332
328
442
303
273
338
500
302
454
460
355
292
292
386
244
415
306
489
435
324
400
415
391
475
423
360
513
340
416
339
436
339
516
394
471
337
407
445
400
311
412
340
377
311
392
412
412
404
360
372
447
324
318
313
460
415
597
351
278
489
477
482
378
347
307
358
460
387
339
435
378
347
376
306
328
423
300
353
345
315
453
302
308
390
414
361
341
306
294
268
301
319
306
384
536
424
271
462
431
404
364
300
400
328
459
326
356
501
308
435
310
433
390
348
145
398
302
384
294
429
384
318
420
446
346
415
473
450
428
398
264
401
285
403
414
259
563
351
408
315
341
459
345
407
369
327
373
329
409
390
298
313
358
380
266
437
402
441
512
354
561
431
346
534
465
432
441
423
268
313
428
349
378
529
343
376
299
411
365
444
332
341
308
303
360
228
432
329
518
317
319
496
305
393
311
270
259
448
389
368
403
316
293
460
304
478
537
315
275
302
340
384
322
336
296
333
337
391
715
415
353
344
535
365
344
421
320
294
307
733
366
438
341
313
420
293
483
375
401
328
383
461
347
354
343
398
405
276
347
386
378
413
379
467
367
384
433
319
318
402
418
298
373
391
318
406
361
526
403
397
440
364
394
466
447
485
335
358
287
373
485
403
333
385
356
490
465
341
461
306
478
347
418
321
380
322
473
467
421
388
305
379
362
330
216
337
435
316
350
305
300
421
304
400
282
431
353
432
289
486
339
402
423
454
273
405
367
392
346
474
274
458
303
497
428
428
411
605
428
412
404
464
435
436
353
480
419
417
478
327
433
258
421
389
326
325
308
330
400
374
334
291
430
448
310
447
421
383
347
285
434
513
437
304
304
410
304
248
299
337
343
377
333
313
388
326
339
267
299
382
479
369
486
373
430
276
318
450
353
349
370
302
403
379
303
296
461
396
272
342
320
379
434
387
222
332
350
307
344
585
348
408
321
435
354
352
320
500
329
393
565
367
318
338
426
326
334
434
340
408
340
419
499
441
366
419
437
407
313
408
415
298
359
487
435
335
327
344
268
354
430
535
371
500
309
351
409
484
271
461
455
334
392
422
315
370
323
429
438
389
413
302
327
352
404
309
401
312
382
307
343
352
319
325
437
372
295
358
320
356
340
320
298
408
188
283
454
308
343
354
431
305
340
413
459
382
343
432
530
463
350
360
443
452
305
316
550
416
384
352
393
303
329
344
322
341
504
289
316
419
372
304
317
487
414
338
458
424
442
300
364
341
369
452
389
340
333
491
378
343
265
415
385
424
265
351
380
319
586
319
316
407
355
397
510
438
311
298
286
300
358
325
297
408
345
301
357
305
394
331
392
358
434
544
442
381
286
392
585
353
364
323
448
307
244
444
505
306
352
465
436
370
334
384
151
355
348
349
674
434
401
393
479
311
430
368
440
559
304
304
513
384
373
348
717
262
434
483
463
306
481
389
446
349
348
488
357
298
345
388
310
444
338
400
438
391
411
303
318
401
360
458
455
411
368
308
363
472
289
297
382
363
469
451
300
401
276
308
279
306
311
304
315
313
383
469
346
406
299
284
351
403
480
328
595
392
304
453
359
383
349
462
427
299
284
372
327
366
375
401
324
382
449
529
475
310
382
412
358
416
432
493
414
442
302
346
479
351
385
437
542
354
432
366
459
256
404
327
366
339
331
312
422
414
346
347
511
406
296
348
472
435
570
317
460
448
320
512
372
431
289
461
354
382
308
507
359
359
353
347
336
390
519
433
430
387
311
299
395
332
327
300
295
385
320
531
438
368
519
325
413
351
419
520
442
269
746
333
449
310
333
336
302
377
450
535
332
370
370
352
303
345
392
308
408
419
375
389
275
414
298
360
430
372
328
405
637
392
374
365
466
408
488
494
444
254
472
333
293
619
357
408
394
433
391
433
431
404
356
306
490
493
373
539
436
481
316
371
438
383
412
576
516
453
345
494
378
620
463
236
406
378
377
474
288
448
398
290
311
438
253
331
463
330
371
467
496
290
340
323
392
388
291
533
350
352
259
256
357
442
297
380
355
385
218
345
361
311
307
288
435
319
304
482
196
324
385
407
347
344
408
402
442
367
322
388
346
352
435
267
490
371
439
367
511
315
427
455
487
285
338
500
448
472
433
460
349
330
347
431
540
360
378
614
357
498
338
410
434
503
312
193
367
370
323
356
397
354
519
460
413
357
454
368
320
456
409
376
350
305
290
409
339
358
420
479
374
304
378
268
378
346
431
425
504
269
221
450
316
394
439
439
396
303
423
418
339
254
304
413
321
354
400
395
211
438
436
474
407
402
344
360
352
402
419
419
356
402
346
301
278
299
562
366
307
347
559
450
351
303
342
348
362
387
397
300
357
337
329
348
417
458
338
545
267
427
436
400
254
300
281
245
439
494
313
643
400
430
408
317
336
413
405
352
414
435
300
377
477
342
291
343
391
411
358
378
403
326
300
421
335
409
333
400
447
372
331
313
481
440
342
315
347
453
420
343
365
342
361
350
296
303
323
323
198
346
404
437
326
370
391
300
480
471
436
509
352
412
306
381
352
349
298
443
525
344
352
681
515
336
387
342
326
372
387
416
450
439
352
342
417
431
508
652
457
645
340
352
392
326
336
257
514
446
355
459
351
400
424
308
457
417
678
371
411
368
354
283
330
433
417
270
379
319
293
257
291
488
413
296
642
355
416
384
310
359
289
347
398
429
307
315
294
371
342
364
307
333
270
415
325
303
263
438
294
353
433
346
330
487
376
405
404
379
321
403
574
415
447
358
315
305
344
368
314
350
350
293
482
474
381
521
465
470
407
501
427
307
434
465
423
437
393
314
255
417
339
304
397
372
383
357
394
455
279
305
352
591
276
268
368
286
319
396
458
505
421
273
337
382
336
304
438
411
413
441
413
257
344
264
439
338
433
409
437
419
259
358
383
406
311
320
294
367
196
359
393
289
349
432
344
361
336
391
407
357
333
388
394
420
339
376
547
374
306
329
360
352
340
358
449
394
381
384
492
431
340
464
298
258
408
384
368
376
407
344
381
405
415
515
406
414
372
407
500
485
349
633
367
352
393
495
412
353
393
423
371
296
358
298
347
506
346
448
365
489
344
253
380
379
339
481
334
368
333
329
348
445
350
364
474
457
416
438
456
328
255
288
408
440
367
482
338
416
235
376
392
458
393
392
370
287
318
436
196
346
332
300
537
328
384
437
401
410
357
300
344
350
394
309
326
341
410
305
354
335
393
371
522
369
383
337
446
407
389
342
285
379
385
429
399
419
517
418
478
413
353
335
375
388
368
667
463
295
308
336
402
672
423
269
434
320
441
442
482
317
344
368
437
302
398
375
427
456
442
462
393
319
384
269
352
331
336
346
382
272
269
451
642
503
501
340
334
316
244
391
349
375
434
337
316
311
434
385
189
339
321
705
457
417
466
307
492
533
420
301
480
962
337
345
261
348
419
336
443
453
394
358
317
478
377
424
522
521
345
398
342
449
404
310
412
256
329
516
361
307
436
464
358
346
338
454
440
346
268
408
480
351
284
367
479
479
391
425
347
315
280
425
456
353
442
346
306
482
431
338
385
347
406
269
520
403
379
416
354
318
270
342
367
411
316
473
476
471
340
321
457
312
307
348
314
354
368
337
200
296
384
471
395
468
335
446
337
344
329
370
331
404
439
395
394
338
350
355
365
268
341
320
390
386
341
284
331
361
355
345
461
468
377
404
335
411
437
413
318
384
387
345
302
351
381
277
396
477
396
367
368
368
318
279
395
322
454
320
318
427
301
415
281
402
301
346
515
375
303
532
418
290
432
344
484
407
491
395
379
415
302
454
515
435
537
329
420
457
301
328
434
455
310
351
351
418
390
401
257
296
348
428
432
403
388
348
483
442
401
342
434
409
327
274
355
333
380
349
474
324
436
503
378
435
410
302
336
413
526
475
383
298
346
343
430
420
432
340
470
546
316
541
392
368
331
255
510
378
434
355
389
359
288
277
376
528
419
440
365
337
288
277
329
308
404
477
407
358
318
298
537
358
332
309
450
300
464
367
372
371
313
310
504
294
403
391
442
380
295
314
436
263
360
337
432
310
356
361
153
298
418
340
355
457
467
433
386
335
312
330
436
402
346
394
449
331
379
386
408
252
409
284
409
256
348
413
639
333
335
565
401
459
401
373
607
266
475
406
546
310
323
459
355
440
431
519
367
508
396
326
431
476
484
369
470
442
356
489
332
375
389
459
297
473
307
347
302
345
367
325
352
294
339
295
458
405
411
305
359
370
308
341
432
473
435
380
266
350
338
511
338
468
300
297
417
367
355
300
204
362
394
495
475
440
315
462
370
433
341
369
487
482
391
429
267
363
429
381
345
317
355
357
463
355
360
347
381
476
354
306
387
314
322
305
387
318
352
509
454
497
458
502
356
406
402
431
382
430
437
288
408
699
618
397
373
370
401
383
518
392
305
372
319
350
306
403
383
393
387
324
348
462
345
341
311
297
407
388
451
320
253
342
361
396
333
311
418
413
408
361
326
433
332
362
405
362
438
434
418
345
419
400
316
336
271
368
381
349
380
352
433
316
306
302
256
387
446
314
428
303
317
714
369
452
320
382
504
479
468
396
389
488
457
378
409
280
367
335
336
435
376
331
320
315
379
308
406
366
357
349
335
368
456
472
341
509
646
367
437
370
402
357
444
377
346
609
310
313
345
265
421
418
380
272
425
434
409
413
362
389
314
327
647
310
385
406
292
344
269
389
367
342
400
349
314
344
400
391
251
350
329
348
696
472
282
393
347
481
331
488
485
336
398
440
324
351
409
316
724
255
406
330
459
388
373
314
323
370
349
313
431
274
316
387
534
433
482
440
492
496
560
424
340
437
307
300
453
383
409
491
425
313
491
283
340
442
336
436
434
369
297
307
280
392
439
435
417
348
328
315
409
432
342
311
317
406
305
435
410
331
330
438
393
423
383
339
516
470
400
386
339
394
360
417
271
319
438
391
259
301
398
335
472
360
324
419
468
338
345
304
366
406
360
441
491
350
330
406
458
284
348
294
438
533
423
352
456
348
352
432
390
419
371
358
364
263
384
481
433
471
326
302
607
371
292
501
480
459
437
350
391
525
286
368
455
293
552
453
344
381
355
424
458
350
417
306
380
394
368
378
378
272
342
351
314
404
502
497
494
339
284
470
618
359
405
384
403
300
222
291
476
449
447
432
380
433
351
332
255
359
396
307
352
299
379
363
405
309
385
394
316
526
389
475
336
357
425
409
439
372
450
293
471
336
398
385
340
273
445
527
344
294
333
325
445
360
519
511
321
367
313
400
375
499
389
297
486
363
308
390
495
419
319
315
389
294
463
436
467
393
408
408
488
403
449
416
352
353
369
280
549
376
310
433
572
325
355
569
418
323
434
394
380
427
341
438
369
421
251
393
472
512
361
607
474
405
309
381
338
339
376
435
321
341
369
460
298
302
350
364
401
470
479
377
433
431
354
407
335
405
435
433
367
335
313
392
326
553
352
308
446
408
372
346
535
312
775
353
275
467
324
441
432
331
292
321
338
463
470
434
393
670
271
478
422
445
640
336
338
433
357
345
275
579
431
349
363
424
384
364
371
731
387
404
432
455
465
422
507
316
327
324
454
380
384
303
390
501
277
333
434
325
365
389
475
438
323
317
338
331
417
333
562
367
414
339
454
339
373
389
505
504
381
352
287
373
493
442
372
345
455
316
477
407
314
407
361
298
445
403
456
315
402
314
388
259
315
357
447
438
338
356
298
448
293
474
383
398
323
433
359
316
406
237
403
581
302
401
416
367
461
298
380
309
381
406
345
349
405
359
431
333
406
379
515
346
370
382
357
336
268
504
305
358
518
355
574
360
322
340
278
276
307
333
314
289
357
356
237
339
370
321
325
439
337
405
393
412
364
414
357
475
416
341
182
413
486
355
463
491
325
320
416
254
367
456
329
344
321
403
383
410
387
430
399
444
379
435
321
345
373
335
257
408
384
433
409
430
446
406
390
412
305
220
359
351
448
361
266
360
299
276
295
442
340
405
401
373
531
331
375
348
435
262
315
346
380
486
417
401
286
311
376
532
320
441
499
419
397
433
436
436
379
300
298
422
299
620
203
396
350
329
466
462
312
332
462
453
349
415
428
531
351
433
279
417
352
390
322
515
378
477
307
525
334
440
324
328
321
348
336
500
447
465
423
507
321
328
539
588
296
299
391
372
363
250
415
365
360
387
356
363
364
435
322
316
404
523
412
351
418
320
277
304
301
451
344
476
372
306
404
350
319
435
301
433
442
445
406
300
290
389
380
309
440
405
354
343
499
301
310
296
357
299
271
412
388
342
282
334
312
638
441
448
382
306
301
416
361
267
374
393
404
285
310
323
359
386
429
298
390
349
374
247
346
464
419
356
349
516
380
289
374
420
341
257
445
358
331
448
305
368
365
603
379
233
349
372
274
430
459
415
343
327
407
576
349
313
430
435
410
339
397
517
413
414
365
478
333
395
420
306
335
437
450
405
439
319
374
316
217
452
511
412
388
373
317
400
255
417
510
349
446
304
278
427
431
567
399
409
340
433
526
462
370
376
404
446
336
298
436
498
374
362
287
367
315
381
468
272
410
503
361
521
411
485
405
445
466
301
379
288
342
324
389
313
371
411
314
675
360
275
376
329
305
361
354
362
326
415
346
325
353
309
499
643
672
391
363
430
383
327
284
360
272
316
350
376
456
345
404
305
371
299
308
305
371
330
505
320
260
454
449
436
341
312
476
469
396
368
376
357
390
302
291
352
401
368
217
326
342
421
488
382
467
351
332
299
445
598
585
313
333
374
291
482
291
396
462
363
400
459
361
339
310
376
307
414
326
251
296
433
502
433
388
322
485
306
666
315
305
538
364
313
334
435
387
304
326
328
454
643
335
253
351
329
765
432
440
286
330
398
347
413
341
410
302
347
383
357
418
421
302
311
335
378
379
354
402
274
223
278
434
330
357
309
427
392
341
307
508
319
310
351
364
273
437
413
251
308
393
343
499
340
395
322
343
363
318
389
430
434
419
339
355
734
350
314
605
434
387
381
430
357
382
410
350
381
346
547
345
254
324
363
380
313
467
474
351
405
316
401
302
353
357
191
434
383
336
432
526
390
449
271
325
320
602
358
344
317
296
254
312
337
417
375
363
415
404
338
401
347
466
273
413
373
311
396
493
459
320
438
439
334
401
404
355
362
245
258
288
585
432
483
323
377
291
459
397
408
310
405
448
409
282
452
296
409
379
302
308
320
445
326
263
466
409
375
470
418
548
431
591
289
355
435
659
291
302
383
402
299
399
372
494
440
434
379
558
330
386
362
301
331
402
295
372
383
317
442
530
291
401
338
377
346
335
394
449
313
305
325
315
372
371
406
351
354
285
423
369
261
422
264
309
335
361
354
387
380
340
337
434
430
394
331
339
325
294
306
455
321
316
268
368
428
399
373
206
328
350
529
503
388
315
491
444
375
430
460
382
583
378
365
535
470
422
353
392
348
333
287
446
333
360
333
361
403
351
513
350
288
395
405
350
305
398
358
307
343
312
382
503
404
292
517
481
317
275
441
337
384
367
498
370
327
586
360
366
452
296
367
506
451
435
504
317
436
369
329
597
410
272
436
528
402
479
388
362
276
461
563
421
362
317
316
412
388
279
310
270
261
363
410
409
436
284
432
301
337
377
422
354
422
387
306
436
456
363
367
384
344
387
334
440
388
632
381
342
358
359
422
328
320
360
401
434
340
378
341
360
430
385
355
389
452
517
383
375
697
355
417
387
432
436
255
340
362
452
361
410
398
445
232
405
422
345
411
318
430
398
333
305
358
428
472
364
437
354
332
516
403
349
439
436
405
514
385
309
373
309
268
418
422
474
325
319
336
284
247
278
537
311
294
309
289
358
335
236
324
389
385
567
339
405
480
337
402
437
385
514
521
307
380
283
417
380
308
637
414
399
512
338
338
309
459
355
334
307
268
393
301
371
415
554
268
442
488
439
322
465
357
344
345
433
417
478
324
264
413
312
407
292
353
391
407
638
354
431
470
410
351
493
303
408
390
334
416
337
339
332
404
393
536
277
405
405
388
488
419
416
486
392
420
446
362
444
398
205
334
360
493
462
369
273
289
429
470
160
371
484
311
314
366
433
470
399
353
415
437
440
359
359
374
362
322
468
321
410
376
434
337
438
284
346
396
460
368
346
305
367
312
474
407
342
262
390
462
522
431
403
588
472
367
276
407
387
354
290
357
330
355
272
592
325
295
299
330
338
307
267
288
333
331
350
400
306
384
382
268
300
313
412
324
382
273
345
409
433
317
313
277
565
378
455
421
416
314
441
378
335
326
643
383
409
347
399
455
200
370
333
339
280
340
272
362
412
460
336
316
298
507
404
463
436
362
510
375
417
311
486
392
475
537
384
376
373
569
350
382
447
496
346
363
341
618
466
423
388
386
470
385
267
339
311
416
481
295
365
319
359
488
407
283
391
501
663
412
412
404
339
328
574
482
322
414
465
335
340
263
716
406
306
438
415
566
344
339
601
280
473
337
487
350
378
264
352
286
204
434
496
568
362
428
405
274
337
302
209
328
311
402
446
316
405
362
342
441
351
350
408
459
387
375
742
433
326
412
301
362
366
610
544
265
375
569
462
340
392
471
347
419
401
556
466
257
330
541
454
339
383
381
319
599
492
212
318
489
447
349
479
379
309
333
340
340
344
332
334
438
340
441
325
346
397
355
379
408
329
271
540
304
297
481
335
327
325
467
359
384
293
283
485
375
435
339
355
438
250
469
393
260
461
384
472
278
432
437
226
374
386
400
286
437
418
341
385
479
441
297
300
345
374
411
516
390
361
392
385
308
326
308
337
444
423
335
381
436
351
448
464
331
377
439
408
436
378
325
448
439
351
347
364
309
296
491
482
420
313
448
456
437
472
350
433
384
451
290
519
316
431
432
337
302
352
370
342
344
541
298
304
380
322
281
405
505
411
473
445
320
460
435
388
483
560
327
453
402
278
290
463
321
345
487
360
363
493
457
166
360
405
390
432
407
276
308
380
306
339
591
340
359
353
320
493
434
394
447
345
255
320
568
491
288
367
384
383
308
325
339
376
402
396
682
351
429
306
336
483
349
347
611
301
658
264
287
431
322
297
436
378
700
304
354
461
416
457
615
335
379
480
355
274
506
337
414
435
386
371
246
445
276
401
309
457
297
490
393
516
293
527
407
466
353
348
314
317
443
381
319
375
354
304
467
330
312
355
377
237
349
351
401
324
486
370
347
453
453
364
297
559
279
348
345
435
419
384
348
420
259
318
376
383
354
398
407
304
436
372
565
388
327
356
407
356
288
356
494
489
318
383
439
327
343
340
585
463
376
334
461
345
318
435
363
340
302
300
293
468
324
306
388
379
311
332
388
307
345
410
302
345
389
354
359
313
491
321
382
450
375
455
444
423
488
355
342
436
462
201
343
503
369
476
405
407
349
393
344
247
295
346
429
430
340
348
324
399
367
314
425
376
417
347
335
354
479
357
451
481
292
372
300
487
322
420
310
300
337
383
334
371
246
386
449
544
270
502
388
333
445
461
550
513
413
308
320
343
430
448
397
363
422
477
332
334
377
444
346
523
323
310
331
516
464
305
463
390
440
335
523
450
401
404
520
467
340
432
584
385
388
261
310
483
461
340
330
374
434
314
359
437
267
509
429
474
321
390
442
252
413
415
431
352
345
306
405
490
373
384
448
433
344
346
288
312
491
485
370
346
403
382
291
407
358
396
311
413
320
357
506
446
324
367
481
416
412
294
325
446
400
435
364
284
421
427
563
691
428
262
408
350
358
312
276
359
369
590
442
311
406
272
410
326
325
351
399
318
351
331
357
502
323
352
371
317
339
490
340
389
402
461
453
433
385
368
332
525
425
212
311
352
514
423
484
265
354
312
371
552
359
404
407
760
354
298
402
371
495
410
469
360
326
455
676
633
407
534
361
492
342
466
275
423
484
456
371
337
393
363
450
304
413
346
557
305
434
391
392
281
352
445
309
365
411
374
471
333
406
362
375
465
303
402
311
310
426
480
531
258
409
273
431
436
401
355
302
415
365
353
473
361
308
420
294
385
335
311
408
416
405
499
435
464
305
340
331
330
319
404
407
376
455
389
407
324
445
408
466
215
418
346
361
313
466
351
416
471
437
350
314
323
416
487
322
393
349
299
379
353
303
488
349
466
479
347
387
305
435
407
356
408
482
371
434
561
329
448
343
489
358
507
362
390
304
352
410
329
337
455
385
356
371
370
293
497
321
497
492
473
310
387
242
436
347
533
406
314
479
376
265
564
292
333
521
458
414
413
464
545
275
219
306
421
341
330
386
487
335
271
287
327
455
353
359
481
402
402
437
264
415
343
296
567
450
439
496
424
389
440
320
533
303
303
378
613
388
482
318
449
429
550
436
400
339
407
501
413
377
346
614
339
446
310
413
383
435
445
527
442
444
354
314
556
384
364
458
397
303
325
351
481
331
376
360
454
343
364
516
471
336
301
371
333
305
372
348
308
319
337
332
334
432
360
314
313
386
438
458
349
360
507
360
354
365
341
342
298
318
414
392
467
450
305
296
360
321
314
443
279
357
403
323
335
446
275
405
512
501
309
370
381
435
352
378
574
381
345
396
335
599
464
401
347
355
444
446
441
305
406
339
341
422
323
506
504
414
360
406
289
345
358
513
358
370
402
508
418
429
340
334
334
312
362
252
416
355
402
462
321
373
276
436
446
348
361
322
347
412
352
266
573
402
402
502
390
405
435
322
467
320
288
363
320
310
299
352
386
406
340
371
316
340
422
322
352
344
399
325
251
367
314
373
322
419
291
421
378
317
356
351
350
312
418
458
343
340
371
356
410
327
373
304
350
526
345
355
516
560
396
517
345
405
348
436
330
437
326
378
441
391
387
405
376
393
345
308
406
446
286
345
369
503
402
215
407
309
390
412
459
403
323
250
331
308
407
405
343
342
446
484
486
449
353
313
510
340
440
412
407
368
430
482
308
659
370
395
334
444
246
345
435
263
354
460
367
370
290
488
397
305
337
349
316
353
408
402
443
563
416
333
450
368
353
434
266
395
360
319
475
455
359
436
402
276
405
547
388
408
417
361
406
441
541
550
330
465
460
344
443
450
405
388
504
402
344
503
367
340
428
340
370
471
356
338
317
356
448
