49,466885,5,6,49,4681361,5,8,
30,9643683,4,8,47,10102614,7,8,
35,9384365,10,2,47,10319487,10,2,
27,6210842,5,4,30,6592176,7,8,
31,2438451,5,2,46,2902633,9,3,
18,6736143,8,4,33,9969164,10,4,
6,5471781,6,8,27,9999314,7,8,
44,5930022,9,2,44,5955363,10,4,
34,8794541,9,8,44,10181520,9,8,
29,6578281,5,7,32,8889867,9,7,
21,5954562,4,8,29,9856037,9,8,
9,9624721,10,4,47,10322306,10,6,
33,8589701,8,7,42,9711388,10,7,
48,9908357,4,3,48,10459348,7,4,
37,9028900,3,5,44,9514800,5,6,
47,10028142,3,6,49,10154631,5,7,
48,1934902,4,3,49,4506918,4,7,
49,4401663,5,2,50,4856930,5,2,
43,2719157,6,0,48,4071554,6,2,
31,7985867,7,7,40,10460605,7,7,
27,9261359,1,5,45,10169665,7,5,
26,8527518,7,5,42,9445105,8,5,
41,521639,2,5,50,3846709,5,6,
44,9066203,8,4,44,9157808,9,7,
41,8424166,6,5,44,8439814,7,6,
36,8110358,0,5,40,9486201,0,6,
6,9251074,5,8,46,9295408,9,8,
41,9516247,4,6,46,10471111,6,8,
32,805253,3,3,46,2930780,9,7,
4,7011939,9,0,34,10444263,9,5,
10,7567348,10,8,38,10252788,10,8,
14,6502561,9,1,35,6534281,9,1,
33,7576264,10,0,37,7742745,10,5,
41,9292789,10,1,45,9826067,10,7,
29,9302947,8,1,46,9776151,9,1,
37,9256302,10,6,46,10402027,10,6,
31,7255746,1,2,35,9183689,3,6,
27,328793,4,2,47,2604762,4,4,
20,1566815,5,7,39,1925390,7,7,
31,1536919,10,7,49,3033934,10,7,
48,8867096,6,8,50,8894694,7,8,
31,10155265,9,0,50,10212893,9,7,
41,3698437,7,3,41,3827566,10,5,
40,9735916,5,3,47,9786540,9,8,
50,2103014,2,3,50,4642216,5,5,
22,9640985,6,5,47,10097319,7,7,
48,129333,4,3,50,4591645,4,4,
36,10147331,6,4,49,10336288,10,5,
10,5954443,8,8,30,5990525,10,8,
35,9949925,3,8,49,10018690,8,8,
49,4240040,6,8,49,4673296,9,8,
49,10061371,2,7,49,10284340,6,7,
30,9414445,6,0,46,9459769,8,4,
39,9500526,7,0,46,9847331,8,3,
7,5028365,7,3,30,5048921,7,3,
26,7866227,4,5,38,9748279,8,7,
1,7448006,5,4,37,10429075,5,4,
48,9904285,10,2,49,9944827,10,6,
43,4032139,5,8,49,4158608,6,8,
9,6626976,1,6,33,8516092,1,6,
44,9706196,0,8,49,9737419,3,8,
45,4050050,10,8,48,4445467,10,8,
18,8406069,7,2,46,8418806,8,2,
1,6503406,6,8,32,9674168,8,8,
35,9647458,10,8,48,9935618,10,8,
7,9271410,4,4,45,9875430,5,7,
34,7154334,3,8,41,7178716,3,8,
37,7955349,7,8,39,8476557,10,8,
33,6768692,2,8,33,8306557,5,8,
18,7946866,5,8,39,10443011,7,8,
42,9674678,4,3,47,9954788,5,5,
12,6756945,9,2,33,9337197,10,3,
46,3139866,0,8,48,4292886,6,8,
50,9959656,3,7,50,10261821,3,7,
