36,1961606,8,5,958081,948251,930889,11296279,48,9154288,10,6,980101,975223,977080,11353154,
15,5084795,6,6,942071,928293,952651,13073862,33,8455346,6,7,967399,957149,970724,45700007,
34,5752305,10,8,969404,964898,952324,12431505,34,8616116,10,8,977304,981018,971305,44671283,
21,4581006,5,0,960603,965435,930005,28493636,32,5980219,6,8,981182,976244,964614,55185080,
45,4798918,7,5,952072,959624,955487,38072798,46,8043452,8,8,965570,975125,969907,55894166,
39,8717052,7,0,924583,926728,935717,4449890,43,9064969,9,6,973050,976477,957046,20367325,
45,9204279,8,0,944116,928819,921872,7951460,46,9411286,8,6,972335,971720,952532,40789500,
18,8669703,10,6,949547,940215,931609,10719956,49,9889644,10,6,979603,950942,962830,22526597,
11,5302760,7,5,929564,960983,961670,11485724,30,8050398,9,7,965255,970265,979741,38784508,
44,5729040,10,5,934383,956454,935267,19071724,44,6120463,10,7,962355,976495,969115,40670043,
17,1938352,10,7,936354,948794,933424,19394196,29,6017688,10,7,943082,966314,954584,34387934,
39,1054906,7,1,951874,939208,949598,44811325,48,8412491,9,6,979722,970338,978277,49255444,
42,6135979,8,5,948603,930671,947329,23655522,45,9957103,8,7,965182,946513,964672,47846887,
49,8885111,9,6,948786,938608,959069,29330052,50,9196447,9,8,972794,975958,973748,36126673,
2,4118495,1,2,930282,953042,924587,15284240,26,4709176,2,6,979311,978007,951648,57778798,
38,1512384,1,0,962476,978575,971024,24690315,40,5691009,8,2,972436,980855,978176,41219733,
46,2460566,10,5,938595,964289,920204,1999384,50,6901872,10,8,966154,978196,967264,55279906,
5,1714174,5,1,938369,943439,953236,41917101,24,7795315,10,6,962976,968784,966999,56458406,
35,2571827,4,8,946492,968653,948831,12837986,41,6929152,5,8,970857,976737,965719,41757458,
4,7653203,3,4,936218,941266,935856,12943170,50,7816662,10,4,949407,979282,978965,55524581,
30,2967579,4,3,953960,939280,964132,700437,32,3248708,7,8,980653,963066,970286,45877000,
2,248959,10,2,944309,968603,963276,25113996,49,3206946,10,5,962462,973889,970217,35664869,
21,2445209,6,4,926686,947075,933701,36977658,33,4389787,6,7,951954,963043,967863,41273472,
39,6462893,10,8,923460,923823,923477,28523826,40,9165061,10,8,968070,933516,971245,39719029,
36,5420637,0,5,940444,936643,932786,29597179,45,5490030,3,7,969797,956453,947653,52137523,
18,2584823,8,5,943538,950351,930312,33310470,48,3610241,8,6,954777,970290,965835,41170225,
3,5727094,0,7,927086,923186,947940,27447415,30,6830245,0,8,964098,972323,980444,55063390,
42,5670781,1,8,967529,971011,948534,20888761,43,7981633,3,8,978223,980314,971175,36742226,
28,218815,4,8,940435,928095,924613,38765621,34,7117341,9,8,948448,966039,944943,49179774,
2,6425354,10,7,945498,945008,938556,25412098,35,9129785,10,7,963827,980446,978037,42719686,
11,9467042,0,2,939869,927738,937048,7262017,47,10287396,9,8,954342,959251,945999,15455385,
20,7420719,9,4,936588,926053,946052,24745003,46,9027991,10,6,946509,969734,950313,47940033,
5,1558488,0,8,937320,937208,954483,33971381,44,4787282,4,8,971060,956850,979953,38692748,
6,5261716,9,7,960012,966847,959702,25482141,47,5935617,10,8,964846,972073,975195,43897839,
44,2610098,4,7,950166,943419,938314,39220401,48,8611415,8,7,957351,973768,974016,45570174,
30,6655858,2,2,948016,945173,957747,29393931,42,7590509,7,4,955138,953025,962569,54007348,
32,3615736,1,5,934757,926928,939119,21254156,47,4947095,6,6,971699,970406,948270,21333616,
44,8240143,7,2,933036,936329,969893,21689994,50,9428670,9,2,978827,968311,973561,39580068,
34,9857448,1,7,955513,954858,921828,33131543,50,10421689,8,8,969216,976095,971476,50949469,
2,2527470,0,1,924895,937433,963285,12466117,15,7003955,10,1,966911,974140,976891,25454017,
33,996684,9,6,969097,948421,975803,9585393,45,4577838,9,8,977634,979338,980566,35353234,
24,414133,9,5,952792,959077,978681,4715557,43,3331084,10,8,975983,972062,980353,20286407,
29,3443215,8,4,938290,942898,944031,10534534,44,6472842,9,6,944311,953950,964439,14087718,
19,8343896,8,7,953472,938734,960271,27280986,47,8799816,9,7,979694,963233,963319,35806913,
48,4915170,9,4,946344,957726,935348,18143566,48,5272141,10,8,975018,965413,978112,27788433,
46,9524360,7,3,930600,932516,934970,31737061,49,10087092,9,6,944889,976691,979616,40872425,
34,8411479,10,5,933855,963358,961573,9691611,44,9851884,10,5,975128,971398,972849,52448116,
42,4769485,10,5,929624,947774,940581,34384704,42,8617127,10,7,961452,956348,973893,49501823,
47,3719341,8,7,958326,960433,967192,25963462,49,10421339,10,8,965020,966580,970490,57953570,
28,3980436,5,4,922238,920876,924816,23956768,37,4655435,10,4,931415,925970,973285,49234650,
29,2629878,6,0,947710,931366,936144,30331692,41,3821967,10,0,966702,950665,973112,38665028,
40,1829901,7,0,951884,931139,967259,20089699,43,8250886,8,0,969145,972770,978932,52991800,
12,1693527,9,1,928872,933237,955966,21505161,16,8361849,9,1,967910,969434,975661,23058836,
50,599794,7,8,922373,958589,939837,21180552,50,7231289,7,8,965595,965579,970383,41738685,
22,4968207,4,7,958156,930849,920224,21450843,47,5533859,5,7,975194,954880,979080,53005413,
45,6431545,4,5,957329,927367,950161,22056604,45,10060437,4,7,960563,976193,976037,27817466,
46,3075520,8,6,941425,955565,950057,16229207,49,6279403,9,8,951906,962542,960295,45228036,
6,1872639,0,7,946249,959998,967026,42891219,48,7028505,5,8,976122,978687,972261,43976062,
15,1151217,3,6,942560,957550,950311,33208492,27,6149154,9,8,969021,973041,951843,38249365,
2,164318,9,8,920744,921509,920771,25123161,24,6869385,9,8,925905,939915,963058,32146868,
32,3213472,5,7,933325,947750,929958,23602107,50,6771397,6,7,948689,956852,945053,32053126,
12,7563047,7,0,946954,963725,970861,19594098,40,10071595,7,4,975073,973119,973034,30523061,
8,242091,1,1,961247,956080,970999,7101250,10,3995982,1,5,972888,979413,977249,8488262,
45,474724,1,2,932903,946178,962817,21665542,48,6457224,3,2,971047,965013,980486,38502790,
44,3188802,1,0,950217,941245,968949,27341355,47,6111852,3,3,975251,966398,976432,36517500,
37,6556747,10,8,927334,947866,957445,17685810,42,8208186,10,8,963034,971461,960235,40971353,
28,4055104,4,0,954379,944019,978689,21184821,45,8392593,4,0,976437,979101,981020,45783881,
13,8014309,3,1,949014,922598,965927,25452881,47,10152360,7,4,965478,978363,976138,31535537,
25,4703010,1,0,940633,934942,937506,32708024,25,8951328,9,4,943541,964483,973898,40560189,
43,4344123,8,8,943023,937948,979224,26976250,50,9475029,10,8,978760,973330,980291,55004629,
37,4831935,7,0,942215,958406,949076,37722689,46,5438858,8,8,973275,961406,978653,41689109,
33,958306,6,7,943284,932005,937096,20041326,33,10257882,8,8,980060,943481,972521,50250754,
45,6938251,2,8,957456,935632,947295,33554412,46,9356791,4,8,960842,965389,970480,52719101,
41,7309183,8,7,924985,938871,925341,16810187,46,10121311,9,8,939985,973869,943534,28959533,
15,4587092,2,7,958750,963233,943368,14013792,43,8591400,7,7,961643,979853,980923,15306544,
8,1611657,1,5,951163,954610,952848,37110609,17,9241132,2,8,968529,979924,980678,45364817,
27,3154513,10,4,925461,945334,942973,35997099,38,10023868,10,7,974186,972353,963738,36361546,
37,6866896,10,0,930831,954861,927770,30348336,48,7803792,10,7,960438,974983,980967,31277267,
29,4864867,2,8,958689,931393,923229,37602531,38,6860175,4,8,980249,973658,968765,51726990,
23,4961761,5,3,944340,964784,971012,35766717,44,5813227,6,8,974761,973233,972602,40205894,
14,3566225,4,6,935889,960708,967216,3131601,25,6215865,5,8,976327,963082,978117,10729661,
10,5151806,4,4,955859,957007,925689,34328278,31,7218163,4,7,975063,964967,980759,54771020,
45,6935211,8,6,936286,935675,927851,38872720,50,9109556,8,7,972242,961560,954169,55177065,
24,1536053,9,7,933365,936267,953075,7739941,48,3878607,9,8,969048,953574,962279,18461894,
9,541775,8,3,945137,965963,962842,17837006,32,6502101,8,7,963265,971446,977510,19246683,
21,4602995,6,7,959315,933584,929044,19898081,50,4635819,7,7,964760,967700,980255,51551704,
32,8376001,0,5,959894,946807,921846,28189280,48,9568731,9,5,973413,955908,970789,41441934,
29,3721909,5,4,922955,921905,920920,34653794,31,9949502,8,4,931958,962012,944416,41165503,
40,2470720,9,8,920725,927487,959627,32149227,47,5318295,10,8,977896,980704,964745,54739421,
37,1873116,0,5,962022,970190,956497,30423991,48,4315044,2,6,972656,972656,976177,33955053,
19,5180757,10,4,948646,979624,957290,2454460,46,7490710,10,4,971692,980621,976305,45604803,
34,1668135,1,2,936210,953693,956419,40483696,37,9796478,3,7,973373,974992,976060,41483604,
17,3076421,1,6,931842,932217,967786,39647820,30,3541000,8,8,973278,976411,978023,51075481,
2,5061425,9,1,948675,977844,977167,23113494,47,9024729,9,3,978402,980674,981135,38282481,
32,6363911,9,8,952443,966206,948104,21926036,46,9283303,10,8,971828,975789,967407,52395619,
15,3657629,8,8,968877,961615,953851,25427355,41,5843817,9,8,978586,970696,970167,56948553,
39,2069696,3,5,957880,931002,939224,8351110,46,7734784,5,8,967719,958970,962408,11450039,
33,228567,3,7,949358,960407,931639,36974183,37,4541787,10,8,975505,980495,967469,50485288,
16,6976523,5,3,933993,946995,948923,17999716,48,7912771,8,4,949330,956907,964779,45644614,
46,6277566,7,5,937231,960986,951659,28347001,50,7377072,10,8,961005,963103,977300,56210430,
6,2064432,3,7,948559,960029,943911,26192862,18,6343008,7,7,956611,968157,966438,37567488,
30,3636374,6,8,958775,965191,947518,22422386,50,5950595,7,8,980650,975622,965580,38598864,
16,7586088,5,3,958824,957465,948893,27097700,39,9681732,9,7,965945,968858,960584,37143070,
5,1821947,7,4,955853,945374,955346,29659316,39,5705221,8,4,974817,957842,962246,50599134,
21,8273945,2,2,924717,932571,938275,6712130,41,10202165,8,3,941187,964395,973825,46789288,
5,5387181,6,8,949129,935523,950049,37588802,43,6645472,6,8,960958,968561,978114,44178005,
7,2204448,1,2,935094,938991,956662,25952828,13,9777229,5,2,970087,960748,977731,56120624,
29,5023360,10,6,934107,962117,932052,10348129,49,7294623,10,6,969740,971998,977680,23279232,
9,7582583,1,4,955822,952856,959637,44431683,50,9975000,6,7,965415,969262,970469,48549835,
48,3290129,6,1,933248,941858,926820,30113223,50,8748716,10,4,948677,976683,954589,33969004,
26,5030565,9,0,950436,931952,954204,33189193,36,5992312,10,5,961761,979870,967479,33613733,
20,4983854,10,8,944227,957782,944425,12238681,39,8807859,10,8,956965,962836,975142,27731169,
18,1083700,10,6,920703,928095,924506,37638297,40,8342556,10,7,974994,930531,955891,41645958,
40,3117227,3,3,937926,920413,925609,38063825,45,5274459,9,4,941781,980036,968080,43055066,
18,7204386,3,7,942316,958207,936137,18998085,44,9570975,10,7,953661,966271,955621,49510295,
20,8018956,0,5,949051,944166,951036,31084005,49,9767627,0,7,953102,965699,952786,48197305,
15,6316479,1,4,956726,923055,954419,5924997,37,9398820,9,4,972650,966426,960428,8860942,
8,6384555,3,5,962778,961236,966169,40100817,50,9277148,10,6,974982,971868,976671,40536067,
35,2800791,8,8,957438,921552,959001,27156037,35,6922917,8,8,966671,975329,963705,48597880,
18,7053464,3,1,950024,963063,935126,30763289,48,10269660,4,4,971878,977399,961923,48497771,
10,5056637,7,4,927173,946297,934863,13037027,26,8787248,7,6,954546,953813,958433,32000058,
28,5490513,4,7,930615,939661,937292,23004446,38,10086502,10,7,934802,951838,948637,45923703,
27,4249177,4,7,953259,961199,969008,20713081,31,9280850,9,8,963698,969250,971510,36370924,
1,3494221,3,7,920232,925349,923326,23059654,42,8003968,4,7,922077,934408,957946,31542205,
41,5525133,6,6,963671,949517,969453,25299498,45,6526107,10,8,975052,963251,979071,48300090,
31,3837989,1,1,962623,976716,954542,876967,34,4457329,9,1,975003,980896,973756,45797336,
38,850861,6,6,963679,934460,967662,39638736,46,8351042,6,7,978746,977180,978967,50631053,
15,120964,6,2,925826,955228,952086,43228883,34,8002196,10,6,961418,960777,973241,51560341,
29,4661659,1,8,953637,967522,923933,33838411,50,6282065,9,8,963287,980294,978889,42549637,
17,3515966,1,7,944170,967322,938579,11495113,46,4756243,1,8,967095,973068,961524,20858158,
14,2285378,10,0,958457,942032,921068,40325777,44,7751316,10,2,969983,969575,980229,54988942,
27,1353132,4,5,921169,958069,933970,31997379,30,7845408,9,8,954554,975748,972834,46195531,
21,8893726,4,1,954692,941652,939279,21268324,44,10127450,6,7,964898,980235,976673,44311328,
15,3882414,1,7,957124,940310,976661,33649387,42,5460048,9,8,972219,978350,981185,49751436,
28,5639738,7,8,925802,921304,925199,40912879,44,10082783,8,8,960510,944895,968470,44670853,
46,1354669,5,3,942942,934461,956640,22694560,47,9846573,5,6,964976,953067,969552,29826512,
23,2693472,6,8,946788,945444,954271,21076099,30,6834569,7,8,951234,963347,969152,26528471,
4,1341796,9,6,944786,954387,939351,35967719,41,1909705,10,8,978610,970957,970967,41704961,
27,5701270,8,5,960032,930590,949743,42319567,50,10111386,8,8,970400,977689,970537,46506853,
44,6610826,7,0,930868,969668,920766,30495840,45,10361796,8,0,977264,978926,974202,33921361,
37,3490760,2,7,946141,963671,957948,24973065,46,5640256,5,8,978679,971881,962269,31533417,
8,6227821,9,6,966263,960314,964156,20594893,40,8581156,9,8,970788,964089,974410,54675721,
23,8965853,1,3,924068,948669,936954,16001355,46,9427051,1,5,976524,956895,971716,45005821,
44,1796386,10,5,939213,955375,960532,25844855,44,7414309,10,5,973119,975733,974010,31428266,
2,2631023,0,0,928273,949142,944838,21564852,44,3251956,0,5,948730,964237,970612,42785285,
39,8942606,7,1,935400,952372,953160,27060948,45,9979745,8,8,963929,979495,975773,49437554,
13,4116079,9,1,954315,979365,958824,10261017,28,10339201,9,4,974995,980906,973625,23883487,
25,3467179,6,4,944913,935655,969814,15728955,31,5903802,6,4,973653,978504,978241,16409912,
17,2285636,8,1,962358,946118,950254,26178256,42,3061840,8,7,979807,961700,975428,38478965,
23,638875,3,7,957744,965692,957825,20852139,24,8494235,10,7,979438,971439,967245,55664999,
40,4783823,5,0,934502,968322,921633,7621765,41,7521398,7,1,968631,972093,969029,43797871,
46,1239455,8,2,928753,927828,939775,10600281,47,6273105,9,7,981106,931963,957040,18326415,
46,2348996,2,8,926787,943942,968355,19043424,47,8747319,5,8,969241,979964,970398,55679590,
38,6332891,2,7,950639,928215,969889,39364916,48,9132854,3,8,970605,970848,971222,51421187,
42,7065192,0,8,922619,927578,949735,5455534,49,7100776,8,8,958929,950363,968492,42267991,
27,4779248,0,5,931728,921374,950055,16864883,27,9159764,9,8,945864,960165,979474,56956927,
2,4783066,3,7,940371,942142,952354,23513517,37,7764557,3,8,951477,961391,972911,41449840,
42,6855762,9,8,937807,945016,959149,7295707,44,7508120,9,8,968565,961768,971701,19417950,
43,7425437,8,2,935054,930173,930050,38654968,46,8458077,9,7,963092,960267,947145,41810072,
49,7462624,0,1,937032,924621,935446,37298109,50,10227717,8,8,972821,933319,965400,52477596,
34,7368682,7,2,950894,954868,938086,16982950,45,9335191,9,6,951144,973964,972278,33204739,
42,2707327,3,6,938684,966911,943929,15469149,50,5386914,10,6,979306,971238,965332,28576976,
8,110811,7,1,942644,957154,940262,23496051,31,7245657,7,1,965248,962043,956779,30702341,
30,3982796,6,0,932839,949101,935135,24432201,30,7353960,6,0,980010,953965,958141,43524094,
45,9830064,3,0,953903,953475,959275,12176714,48,10099152,7,7,969534,967529,980716,31423526,
48,4057631,8,4,956819,928067,959022,34015072,50,5999350,8,8,961761,961918,968582,51554629,
35,6439569,6,8,959121,949180,961067,30192357,40,8125561,9,8,968583,973778,972943,42865578,
40,5780389,10,4,937826,928566,924716,29402485,43,7434656,10,4,951037,964122,947618,34625607,
7,7636631,2,5,932843,960401,956092,34061890,41,10070923,8,7,962556,963763,974246,35946536,
32,9291775,6,0,932284,954357,969922,24433243,47,9501330,8,7,971909,970360,979868,57872789,
11,3538457,4,8,956230,942930,923787,27246856,40,8430332,5,8,963222,958239,965084,30291906,
35,6514308,4,6,945561,969138,951073,20635917,41,7889284,7,7,976046,980590,961437,28920012,
22,7935398,1,5,962434,956905,964040,4935410,47,10033109,3,7,970305,975028,979777,12535156,
45,305971,6,7,933261,953256,942898,27689358,50,9114538,10,7,977098,979530,958660,45561786,
35,7755872,1,0,934463,958363,940795,40976757,43,9536021,4,6,967613,962588,972543,56055503,
40,5066650,8,2,930222,923829,920125,37173265,44,9634796,9,4,966400,944086,937984,39555646,
32,3541408,0,4,929617,941211,945155,28593071,39,5381993,8,4,950949,947081,966126,46307413,
39,2823501,7,6,970033,939663,925909,7186352,43,9653141,7,7,979595,967700,978260,19523528,
41,1332768,2,3,931995,947474,939249,30507757,41,9870923,5,8,942093,955121,973263,54339207,
46,5662968,1,2,955011,966194,922107,889183,46,9197858,5,5,965610,973738,976857,15672724,
1,2859825,6,1,928480,949739,937211,27999150,32,4692280,6,8,943815,961299,974233,30154139,
5,6084247,2,3,955044,953952,941467,46211987,47,9742997,10,8,969894,967359,972320,50271875,
34,4219817,8,7,939207,937623,943921,6250141,36,8850703,9,7,943311,966678,958628,37401868,
22,1550186,2,4,945111,949886,951321,10659184,40,3648228,10,8,967376,958243,972966,11177544,
13,293982,2,0,970970,953777,970623,5187140,15,1355347,3,8,972585,977395,973392,44081156,
22,4878969,6,4,927593,951587,948964,5745106,42,8520742,7,5,960977,963151,955175,16231223,
1,7342068,8,7,950461,920560,959815,2188349,43,9681809,10,7,973068,957982,981146,28507339,
24,3114968,6,3,945165,959499,950990,16772165,26,6276945,6,7,969248,962048,952948,34353761,
49,2824210,4,8,960225,932505,956653,34826097,50,6788017,10,8,965382,964228,978106,44116675,
4,361968,0,5,946567,947989,934888,39926024,34,2761475,9,5,968115,954867,978441,47743608,
11,6975479,5,1,961014,925515,969182,4469825,42,7622033,5,7,980844,962809,972733,20494074,
35,2246250,3,3,926051,923658,947915,20695944,40,3547758,4,6,959973,976238,967743,36986802,
34,2518386,4,8,923972,957979,934545,842791,42,6414224,7,8,956117,966970,959273,15206338,
50,8230280,2,2,943679,920617,949126,13608128,50,8679156,3,2,973749,965171,968152,31983932,
46,8976206,8,7,930272,964687,970607,23943160,49,10085774,8,8,978106,977699,973561,45589953,
27,3617581,8,3,967764,948076,927614,26167404,39,6995280,8,7,971942,975462,978992,26278812,
41,7970605,4,6,933617,929205,934347,26731756,47,8053927,4,8,975316,948325,952545,55487866,
49,8566285,10,0,950412,947147,958856,3387629,50,10438857,10,6,955787,979151,970794,57744340,
14,8740052,5,3,952622,940489,953485,33620829,46,10099347,8,5,977986,978939,969597,37190988,
39,4229224,1,1,944143,937781,958210,35331738,43,4656630,8,2,964970,979385,978657,48932261,
38,3986602,2,3,950738,975080,959188,33223393,45,6791939,7,7,973318,980654,978128,57517191,
29,7140263,5,7,953575,961207,966569,336160,48,8600128,6,7,980925,965439,974340,33010743,
29,4468288,4,1,941145,951945,936228,732189,48,10028007,9,1,957602,974441,963094,6877831,
31,5711980,4,7,963452,926469,950430,20952103,44,6821051,7,7,974185,969145,972818,25061843,
41,7903721,3,6,957808,930067,979522,9940862,43,9182963,6,7,980260,974437,980901,39189857,
16,972940,9,5,924690,928504,924621,36420359,21,2864887,9,7,952990,973469,957397,40048836,
40,4088435,9,2,939262,922446,937542,38555821,42,9938639,9,6,974598,962880,943494,51774041,
38,829319,4,2,931539,930903,922996,4283080,39,3969141,4,3,944477,945631,976195,31853060,
30,6421929,7,2,949809,945716,928301,37743053,37,6655416,9,6,972029,976948,968367,48760364,
37,5984973,8,7,937865,924374,946463,24674893,37,8146958,8,8,979252,957701,956644,36223681,
38,5888640,2,7,938498,952163,967336,28620537,41,9528933,6,8,968438,975941,975435,40410095,
29,6624269,10,5,945733,933088,928500,9703478,34,10393675,10,7,971342,972792,956817,27368757,
36,584569,4,1,965565,945431,962935,34025482,46,6222103,10,3,980099,967514,973367,54815591,
13,6208242,2,5,924685,942067,958110,33103272,33,6545444,9,6,977599,967350,961022,53028371,
8,8521377,5,0,959730,943710,955160,19595350,47,8871635,8,0,972573,971808,963583,22820587,
45,3699403,7,0,932392,947994,930703,30552802,49,8220604,8,3,942913,950838,972891,37307593,
32,6391279,0,6,931921,935251,931258,24201148,32,7495298,6,8,956054,975371,944857,35725714,
2,3434071,1,5,940423,934400,949062,13573600,17,6592333,4,8,952321,964996,963709,40629945,
15,1535036,5,7,931135,978518,975652,24801592,32,3468131,8,7,976743,980423,980715,57866211,
27,5264337,3,1,956541,941870,951893,31288758,41,10355705,9,1,961733,952809,979361,36403178,
15,4682904,1,8,953417,946741,932725,33430060,39,7399724,10,8,962915,953626,967920,40252440,
33,2220856,0,6,941221,947298,940204,23253249,39,7739744,1,7,949106,954827,978825,38891654,
12,5488736,2,7,920817,955441,941667,36226244,36,6834676,2,8,965370,971560,978748,45761545,
11,4764247,2,5,924408,950992,924950,28379758,26,8425829,5,5,963587,972162,971582,41649220,
26,665278,5,4,958307,958012,944640,37636708,43,4719247,5,5,974834,970407,973242,47818785,
13,882255,6,1,953688,944568,950634,20107027,41,9028788,6,5,976693,959296,977359,20912978,
11,7074357,7,6,953796,933473,947631,9936103,43,8116670,9,8,978210,958421,972204,19932486,
38,6347858,8,8,939694,928788,932263,19681439,43,9431034,10,8,947253,935444,966802,43974508,
21,4584340,10,3,953768,947563,946371,8995699,35,4892232,10,5,966238,978279,960376,15410855,
35,100783,7,5,927058,941394,966512,32123209,47,8136067,7,8,968212,978565,971192,43137519,
23,5507691,8,3,935548,931159,930841,35359358,34,10453412,8,7,951890,942958,949942,39671214,
28,7898750,4,7,946216,941193,941173,34305712,42,10101342,7,8,951856,967636,953631,56290870,
18,1663839,2,7,938250,933046,975720,16336795,36,5191635,2,7,978374,979417,980431,36597161,
28,6351186,5,2,970465,952489,971754,28152045,46,8403039,7,4,979111,974495,980221,49956492,
26,517119,1,2,956436,950481,943687,27175496,28,6151163,6,2,961144,955931,981083,43851080,
10,1384286,8,6,941086,931887,944248,37534644,17,7128748,9,7,967965,979470,966484,57184921,
8,8685040,0,2,959054,931755,960394,14722932,47,9375934,0,3,962513,971239,973555,21252607,
14,451655,5,5,927130,921341,924698,34975200,17,6023709,6,5,974282,972785,964921,36837971,
37,7791930,9,0,943655,933637,922827,26675909,42,8711065,9,5,972814,950589,957371,39324843,
25,2038961,5,8,930712,929363,927444,32251862,30,8757010,5,8,934560,968297,971464,37381296,
38,7616118,0,4,956113,921793,964513,24928138,46,9568820,10,4,968835,975160,973778,29786617,
47,1342550,7,7,934664,923724,934843,10529771,48,10409369,9,7,977659,933229,965735,44561160,
43,6773825,0,2,952815,939363,937664,39876184,48,9237838,1,3,968592,980559,967053,56899847,
40,2610275,8,4,925367,965086,955440,29085251,42,4542031,9,7,979087,979747,980984,35517675,
30,7017139,1,2,957640,979864,925890,29819723,50,7821577,8,3,976195,980597,977704,38443518,
11,5518204,7,4,943572,953092,964367,24152140,33,8532803,9,8,970998,966216,972428,27653081,
41,1593871,0,8,942392,963376,962530,34155761,43,5679799,3,8,979598,976088,980687,45254370,
49,1419171,1,5,948426,947014,949837,38505158,49,8462290,5,7,968529,965691,952225,50543292,
25,6471997,7,5,959972,979929,945859,2135845,43,7192378,9,5,973734,980544,977953,50343646,
49,5838158,7,4,965760,972838,938476,14110006,50,9944753,9,5,975695,980470,972893,48524975,
29,5179077,4,8,935276,959687,958161,19191925,45,8368536,5,8,953606,976286,966818,55123464,
36,9020956,10,6,952930,943860,958205,22406047,47,9981041,10,7,973761,962958,978027,56137029,
48,6928464,0,3,932826,930807,943597,8807911,48,7366836,10,8,949046,975320,970539,28456526,
9,1381118,9,2,957921,953723,935005,40380232,31,9565063,9,8,978524,961257,970477,45782856,
5,3052531,1,0,955004,955788,932831,43704788,41,4173890,8,6,976721,976268,970575,53918461,
32,7306584,8,1,921497,926024,956992,1149407,36,9297373,10,6,977128,963212,965819,56692240,
25,3123089,5,1,975492,970631,980059,4944417,47,4154591,7,3,980991,979322,980130,14220107,
43,783535,1,8,961325,936133,968910,19227914,46,9186382,2,8,970387,965534,979542,49101741,
40,7483280,3,2,921114,960889,948119,15188784,40,8059209,4,6,977053,965267,969801,26307386,
42,7455439,8,4,949887,944928,930318,40338036,48,8562195,9,7,972613,974042,957244,50850019,
49,2429422,5,7,927424,940399,924145,38087553,49,9414722,6,8,961262,980469,960944,44576747,
18,2792586,1,6,949555,931629,958762,32176823,31,9663289,4,8,954184,953730,973156,45557117,
20,4181206,5,8,959655,924587,951897,40131835,47,7543019,9,8,963797,964530,973931,41218531,
40,328083,1,0,940314,955381,935914,2443846,48,8534304,1,6,976442,980765,959337,11966628,
27,4448040,5,1,957783,954149,944292,44612651,49,8723804,6,5,963117,963865,978020,57051489,
38,2313152,9,2,952813,966824,951733,2539618,41,10145227,9,8,971483,976038,968146,16639918,
19,1655641,7,0,935839,978628,925636,6141890,49,2213799,9,8,973588,980861,972105,31705930,
49,3596688,10,6,934372,950665,920376,17314764,49,6038843,10,6,966673,974187,969641,50831412,
11,7809969,7,5,957304,935929,951228,24807326,42,9398836,7,5,975516,970999,975987,39815917,
49,9803576,5,8,956642,954248,956341,15098861,50,10138891,9,8,975592,961273,964577,46701292,
35,7518053,0,0,951633,926895,947874,23400533,38,7679437,1,6,969440,980731,961848,37448906,
44,3035456,3,7,963372,922423,967706,19636578,44,6620068,10,8,975134,967355,971236,42119245,
46,8283384,10,8,960211,957674,927857,11299910,49,8463139,10,8,975181,972849,975743,44709904,
28,2047577,0,4,958894,931924,948951,10541811,44,3216474,9,4,966646,954812,961940,47120106,
16,6181898,5,2,923296,958940,940250,8389960,36,9453057,6,6,955803,962356,978192,23439726,
9,6256002,0,2,927451,962854,966499,36352563,34,7825950,8,6,978288,972331,978101,37806652,
48,2380991,3,0,968055,928735,952778,35017710,48,6587029,4,8,975321,974158,972530,43447550,
42,6649497,8,3,946644,939082,937495,25905613,49,8815770,10,3,961013,942546,970527,39319038,
32,3484012,2,8,954710,968474,942602,22410307,36,6268356,6,8,979689,970667,964555,54057662,
25,4387432,9,5,970908,963942,958133,25923372,27,9445805,9,8,978636,972036,971546,40587290,
6,3128478,4,6,950399,935833,954353,28282832,18,8399629,7,6,966052,973940,974719,39705442,
43,3315723,5,4,951144,959710,969018,33723776,44,7127760,10,8,973941,965205,976216,47122393,
1,4749853,3,0,945145,961673,950923,29987492,33,9293512,9,5,974953,973699,964382,32764884,
7,247487,7,3,938835,956286,960844,30029632,16,8633134,7,3,977001,966117,978104,57552090,
49,8719752,0,4,950098,952711,969304,42269003,50,9860783,10,7,975911,978126,979389,49671159,
17,1106603,7,7,936401,935312,968319,24890549,20,6040096,10,8,965919,977531,976445,32032177,
28,2901777,4,2,949644,935030,944899,39999808,33,9345606,7,7,951982,954183,950702,49691739,
49,8910542,2,2,962639,979707,962132,3584742,50,9758295,6,6,976364,980181,981130,34444805,
6,278241,10,8,952273,944270,950865,20647068,20,6090933,10,8,970513,959083,963923,48474576,
3,4296557,2,8,944864,929710,927102,32834898,41,8283317,9,8,962322,948480,953772,35985100,
36,1661496,5,4,938538,941360,944382,12190988,46,10401036,8,4,947156,974798,980593,20656336,
3,1635656,4,7,959390,943695,935651,18383924,36,8531415,4,7,964361,955564,960180,55790489,
3,4344908,3,3,945112,942127,940739,42476143,31,7345095,7,8,971849,974490,958671,56037202,
29,2182772,5,6,934351,935664,925103,22280107,46,3176037,5,6,972950,976553,960266,32148576,
16,637180,8,6,966676,956310,979714,10137430,17,8952324,9,7,972943,974139,980854,41964396,
43,6831976,2,8,931972,928802,923811,16040962,46,10232251,3,8,956573,931614,953135,48516376,
42,2278121,1,3,927207,959576,928614,16198578,49,9724716,3,6,969235,979304,954949,17858580,
33,5915363,9,3,924377,941401,948614,41776066,43,9355205,10,8,977257,958718,976374,52064612,
36,6387915,8,3,941787,955530,946838,23692183,49,7020611,8,7,953451,962139,970912,45028367,
40,3043870,8,3,920753,945556,937374,38231012,45,8982852,8,5,951541,976090,970529,44843283,
36,4822542,6,8,959851,924051,924785,18337010,37,6737396,10,8,978683,953570,980695,41973778,
25,5525183,3,3,966091,955568,968224,45740887,49,8425965,10,8,970770,976106,975634,57570585,
5,5158417,6,1,930908,945252,930012,28837911,27,6383069,7,5,972191,956853,964061,46240188,
7,702312,1,4,958439,959065,954410,41578415,40,3539502,8,5,963506,966695,971682,47485728,
10,2266787,9,2,923020,951843,927434,22700452,28,2976933,10,5,971668,971618,958424,31555691,
39,3999258,10,8,936376,932755,925909,29768332,45,5275457,10,8,945961,957864,962877,52858949,
44,6393075,9,3,923313,929101,948632,37443009,45,8911736,9,7,969317,954347,957998,47642496,
44,9721824,0,3,930411,946071,943967,11180280,48,10000982,7,6,950623,967919,970800,32431712,
9,1241377,5,4,951047,958605,961863,2305811,47,10317413,6,7,969596,973800,976147,4074844,
13,2667213,5,1,975950,970008,978352,28024383,47,3064644,7,4,980541,978119,980451,36678446,
25,4902911,5,3,942031,930388,964659,23855905,34,8548776,6,6,975321,967208,976642,25636736,
12,836004,4,0,932695,953728,946679,31139037,45,3909916,9,1,974273,979296,958284,39861575,
45,5370554,0,2,960799,970951,934246,34141336,48,10325630,5,2,972227,978963,977501,41440269,
25,7204264,8,3,937228,953711,968833,33681121,47,8915921,10,7,977533,972117,970230,35224932,
22,6366907,10,0,928735,937800,957485,292862,50,6526581,10,5,980123,974178,960121,42064419,
36,4812516,9,0,927761,949368,941608,24055118,46,6601847,9,4,946675,958841,951290,56209733,
12,8113257,6,4,926396,944581,960821,29992210,47,9743181,6,5,961992,975523,974076,52899670,
36,2767556,10,6,942384,942984,958195,35478008,40,8375343,10,6,970624,966100,968657,51866737,
4,9096896,9,8,932314,938196,940717,9131277,50,9877630,9,8,961404,945260,956953,30891043,
47,7013386,0,5,945485,933076,955510,24371225,49,7398953,2,6,963473,963925,960347,55434855,
37,7364964,1,3,926264,937011,939422,1830183,46,8702621,4,5,936806,956510,954608,22858418,
16,1616736,0,2,951839,951591,968701,31716183,47,8338587,1,3,965530,966801,972256,48732144,
40,4487002,1,0,921108,939823,957757,44914244,42,9003689,10,3,978333,972857,973436,50781794,
50,1003268,8,8,937614,936184,931772,15146621,50,5842060,9,8,948991,979358,965767,26456498,
10,2623277,3,8,945108,941229,950185,22334428,41,7345900,9,8,957749,943642,965182,31897747,
48,349276,0,4,925963,921899,936191,20238277,50,4868126,7,4,980968,941756,947446,55165482,
26,3001631,10,8,928031,956059,934596,34170466,32,6468062,10,8,964374,966005,963846,49158682,
32,3461983,3,7,956900,947662,940984,25577893,35,5304708,6,8,965514,953575,971806,50459363,
9,2471454,4,4,925009,948121,947931,39524409,31,3717990,10,4,979666,962634,977606,55047942,
28,3745667,3,8,961764,955458,970712,30398152,30,6060841,10,8,971201,980455,977757,31685187,
26,2310569,9,4,941684,932808,948554,2887762,39,3298720,9,8,958372,950686,956580,5416889,
34,3445166,9,1,935116,951052,953910,35913896,50,6722095,10,7,967308,954802,970631,45166684,
33,6349860,6,5,920369,942311,926512,1926620,36,10345284,8,5,961895,969020,968333,8274425,
23,8307714,7,4,947175,970142,958936,17023924,46,9180780,7,5,973542,979101,980059,20829121,
11,4930054,9,1,957978,945388,945597,36533003,31,6025219,9,8,966399,980664,967057,49891790,
29,735905,6,5,920499,927727,922935,14988450,47,3000012,6,7,949455,940484,958939,23443981,
46,3149766,4,2,957538,941063,943110,28346550,50,6976064,5,6,966006,952914,964852,40658438,
8,7872226,4,3,934504,939132,949987,21117192,43,9009045,10,4,960244,949385,976131,35976087,
24,2684702,10,1,957098,946003,946068,12396602,35,3954401,10,1,960780,955706,960446,48246834,
29,2639299,5,6,921113,920865,946299,10366187,29,8323801,5,8,980979,942739,958879,52971137,
30,7443073,1,8,949459,926343,941560,27716411,40,9567903,4,8,974049,955386,977000,34346095,
34,6404281,0,0,935000,966181,967633,46155942,47,8250301,7,7,971864,974658,974159,52590654,
40,1626084,1,3,925607,954576,950685,2072371,42,8299727,3,3,965327,976269,955657,46880513,
49,1844915,10,5,923711,925785,921060,13010480,50,5180770,10,7,942068,934884,950700,48008975,
48,8367932,4,0,939051,964843,970849,27101871,49,8493369,7,8,979788,974547,978172,38475616,
31,2634398,8,6,960963,965690,950258,8720601,49,7814225,8,8,965651,972302,977799,12960898,
48,8524003,2,5,962606,937967,952875,18159740,50,10359853,7,5,976316,961609,970249,43869158,
45,4053686,5,5,925105,937441,949732,12931297,45,4575627,5,7,964999,966246,974056,44746072,
17,2266171,0,0,946207,955393,957081,8529819,17,4899496,9,1,956501,974354,964936,25715175,
17,840616,4,4,926699,979177,944801,12869663,30,2112266,7,6,974402,981029,975107,43194231,
23,4942908,8,1,931951,954663,926912,30569168,28,5969638,8,4,978294,971494,968232,53431636,
14,4157997,8,3,921865,968398,928276,1377696,26,7161945,9,4,964521,971230,961263,54897886,
40,3351599,1,2,968877,948954,977909,13662618,41,7564151,8,5,971238,979254,980803,17461498,
41,6518627,2,0,922479,934948,943451,16552411,43,6837709,4,4,962696,943192,976559,50738129,
37,101758,8,5,953754,944975,960509,22954122,44,3971162,9,8,969352,968527,966526,27669325,
42,4305284,9,2,922728,945313,943146,22293629,46,4401187,9,5,970681,971008,962830,55237091,
20,2839888,2,0,934280,927787,938070,28134080,22,3698515,2,3,951737,965532,946647,29978097,
16,1717518,3,4,959723,969417,956929,33464059,25,5358943,8,8,969450,977781,965154,47791470,
38,2247262,2,5,969440,945323,961548,42067781,44,6719857,9,7,975548,975416,981123,51531439,
18,3818534,5,0,950684,937107,960093,39066671,29,4308197,6,4,979736,979386,975572,44680396,
49,7591708,0,4,948897,926153,951847,39275502,49,8782627,9,8,973129,977526,976495,40216606,
19,7759960,8,6,923739,927458,966039,16990334,39,10456067,10,8,975998,971389,971076,42080882,
14,5662099,6,8,948103,955352,923729,9495994,30,10487400,7,8,962439,963337,964076,27291478,
5,8400876,0,3,939238,936097,936004,31123628,43,9016824,4,3,969039,961402,972601,45133419,
44,9141427,6,3,924160,929851,942772,34502868,48,9672737,6,6,964563,978612,967975,56864947,
34,1545331,9,6,958794,951574,927410,31656757,39,5851187,9,6,961496,975021,974233,44478794,
8,266787,5,6,929384,927323,952208,35262233,49,5619720,10,8,959995,954189,960889,57702287,
24,949030,9,5,953211,946378,951478,23497757,45,6061719,9,5,974334,957888,964966,34045206,
46,7479247,9,2,946771,952592,946165,16487198,48,8385422,10,7,954485,962911,969845,38349497,
46,7037165,4,8,949119,933082,941869,5381912,50,8582089,5,8,967422,955724,974705,10257403,
13,8647870,0,4,920501,949262,945206,6344709,45,10404451,3,6,951567,976082,972411,13762254,
9,8193832,8,6,958813,922724,942289,33304415,47,9163867,8,7,961124,968972,971252,43541230,
19,1986953,8,6,942490,965451,960447,20540264,28,3854701,8,8,962831,973116,975613,25773941,
43,7099447,3,0,977400,974175,975835,40009110,48,9885948,4,7,980544,980389,981027,55078626,
36,7911399,6,5,931071,943449,926964,40173810,45,8486734,9,8,963769,954085,967941,53291244,
12,6658565,10,2,929724,926703,930411,31411951,38,7877301,10,2,956653,954245,949075,49162049,
35,6338840,1,7,921317,943630,924166,23343786,46,9207361,1,8,941307,978666,953149,34713801,
30,5081832,4,3,946846,951686,949844,36734703,33,5652298,6,6,975633,976573,976455,40767484,
23,3774184,9,2,951386,933299,943066,28840230,23,4518341,9,5,967974,971869,977833,43980731,
16,800398,5,5,960693,964465,966732,8570169,41,10321781,6,8,966386,971470,975693,10729905,
50,8027972,8,8,940493,949247,955275,18805940,50,10061831,8,8,964715,971276,963829,31776822,
46,6808757,2,3,953447,963389,958412,25283196,50,9654849,7,4,972015,976252,967718,33138172,
29,6319462,6,1,965368,945639,957698,33543797,39,10068501,7,1,972891,977445,971612,41202393,
41,4206357,4,4,949856,970499,979842,4557547,50,4854218,7,6,976245,974670,980816,52463764,
42,2395950,9,7,952526,956979,969403,18370322,47,5944226,10,7,977436,963921,975070,32734540,
32,6232501,9,7,933756,938294,929772,35429251,44,9662521,9,7,970310,949682,945599,50143846,
14,667805,8,0,939060,931397,944676,35047498,38,4275179,10,5,975074,945130,959581,36719242,
15,6236647,10,3,929688,966659,926814,16840928,41,7921931,10,6,974797,980222,964235,46964058,
10,2908102,9,8,957579,920786,946111,13143683,38,4607083,9,8,972279,959104,979329,23729110,
36,2808037,2,3,955352,928209,943516,40894302,43,4866285,10,4,978441,973733,971604,49879079,
17,5029014,0,7,956180,967636,968961,18765091,37,5421097,10,7,968795,977017,970237,42927415,
27,4213387,3,1,946187,954556,938528,27366701,36,6268441,9,1,963979,977974,952062,47967141,
40,646181,8,1,939706,968274,949369,21984332,49,7699164,9,5,965057,971380,968191,24704088,
16,1929779,3,6,944619,948112,923389,32617901,16,5399461,4,8,965294,958178,961965,52508508,
30,5379766,10,7,952035,950209,967948,2877606,47,6511287,10,8,962725,962262,977877,52433051,
37,2511646,9,7,947846,926789,958935,37318053,49,6163296,9,7,974385,980007,979301,43185971,
27,5131278,4,4,944340,958178,953908,24082392,40,10096246,7,6,957295,975848,973104,28555515,
31,1178357,2,4,939783,947573,947137,34684662,41,4374564,4,4,958822,967873,964401,49416122,
48,7470091,5,0,929200,931697,949172,4663000,49,7743375,5,7,955817,952461,956673,14536748,
26,5546900,2,7,949274,971129,968817,27307813,49,7448823,2,8,975990,971680,973010,43259683,
48,3799712,7,2,949049,932098,958760,37275741,48,9781316,9,3,965936,962171,973410,56752320,
46,1980228,9,1,955593,926752,934305,34049618,46,6747644,10,2,973404,973964,972550,48531725,
43,5050325,9,5,949555,934679,952874,32767381,50,9177958,10,6,972665,956270,977907,53025524,
12,915539,5,3,969209,953310,968564,6170269,43,1989520,10,7,978682,962693,977883,7600152,
47,2266333,8,0,937083,954004,970243,42472236,50,10058986,9,8,972153,979381,976769,53313946,
18,4557628,4,6,939496,942899,960084,20468999,28,10444239,8,6,961568,959672,962586,40097570,
36,4038448,1,0,936163,938487,959663,11196038,39,4229631,9,3,956372,969846,967044,28433612,
29,6250868,0,2,950287,958728,951510,16154795,39,8925454,3,5,954003,961564,977611,25721485,
8,8012718,9,3,958069,961140,959852,8616214,44,8798128,10,6,963476,976055,965773,32512160,
47,8578893,9,5,929041,946001,956619,23043809,50,9480573,10,8,958854,979213,977743,54239085,
29,6865682,6,1,935141,927233,928863,14672009,36,6966142,9,1,941363,949108,948953,49532720,
19,6767170,5,8,945476,945524,940842,38420487,44,9939370,7,8,974711,970272,951862,52765895,
47,1297062,4,2,930238,924825,937199,12339393,49,6883788,5,2,966333,934250,981050,40246965,
38,7956260,5,2,929724,936826,921221,22043998,45,9780383,8,7,977936,941153,932916,29346338,
26,3098036,5,3,929318,941209,931462,28292570,32,9703128,8,3,963610,943288,972931,35750829,
23,3379420,1,5,942717,953318,944543,530959,28,6425738,7,8,953815,964587,974274,4982927,
12,3150245,7,2,962462,931307,930579,9961513,29,5838902,8,4,977434,964390,977754,12382145,
49,7559042,10,5,945984,922375,928502,11782813,49,7732468,10,8,971392,968222,968745,57243105,
17,7257489,4,4,962873,970175,936809,4042496,36,7409588,8,6,980980,975529,972879,56785236,
48,8630419,10,1,953231,968994,964155,13954532,48,9210149,10,4,980403,973855,979953,26018227,
44,2090115,0,3,936814,965978,950134,24936165,46,9935300,1,6,968867,975798,970089,48203565,
5,6191023,0,6,952630,963379,921754,19438248,38,9974645,3,7,963612,970580,967044,51149981,
25,6507246,4,5,935002,937972,949320,41109144,44,8106008,9,6,961566,959208,956657,53272204,
13,217003,5,2,958093,968635,928148,39007680,48,6400928,10,6,963380,976613,978549,48208816,
44,6826134,4,6,937175,922121,945502,35886959,44,8981688,10,6,958287,966040,963678,44579909,
15,4644278,9,1,927473,937530,924413,8311587,44,4773704,9,8,939317,978336,972506,43055143,
45,7755000,9,2,927284,940494,970440,16370014,46,9333333,9,2,975157,976177,975758,25501881,
32,7759356,2,1,927792,938765,948777,13351192,39,9629374,3,3,955462,975779,961868,43287589,
29,8247733,9,1,925683,946080,942696,24467933,46,8623222,9,8,964624,970966,950336,55881119,
46,93732,7,5,933448,939367,924567,40538411,49,10354570,7,6,962850,978920,973823,55641682,
38,1046018,10,3,955619,969827,941301,31983838,44,9563878,10,4,978130,979058,980877,32934568,
9,9575627,6,1,923116,930912,920204,21903121,49,9910186,7,3,953682,940795,956746,33178064,
12,782962,6,5,950908,946988,944365,27927092,13,6131725,9,5,961932,954450,959931,57660272,
16,2643790,10,8,959770,933888,961165,32298346,40,9110770,10,8,968581,971377,975006,50393850,
39,5373597,1,4,957764,958283,946863,33592789,39,8140541,1,7,961727,973859,970705,52788521,
26,359861,1,6,938812,931192,947916,34506580,35,10037300,8,6,971880,949892,971633,45288054,
32,4617953,3,6,928727,960589,956341,16052144,41,4761127,4,6,970095,962033,968793,29257331,
20,4056824,9,6,961132,935708,936376,34711043,45,9537847,9,8,978490,962074,973703,49463693,
17,8311685,2,1,942053,923491,955194,5162259,44,8845769,6,7,953279,960086,971000,53104751,
45,7988659,10,4,961641,945441,956948,30705373,46,9112336,10,5,980446,979305,971269,56745942,
12,4447761,3,1,955170,958909,965400,38059004,48,9574368,5,6,970644,964354,972208,40413755,
45,1949828,3,7,939585,925483,962508,30040898,49,9566180,6,8,963855,963496,974847,49703727,
32,2910497,9,1,963953,928102,970144,33948318,49,8416289,9,7,976732,965848,978679,43344188,
50,1285015,10,4,964191,937607,969672,20805208,50,6916641,10,4,972244,974752,972474,36025902,
6,909632,8,1,956587,953310,959075,30925729,26,7660620,8,4,967276,968956,960235,34634500,
38,6463884,5,7,959217,921505,971144,14846118,39,8551441,10,7,978517,971609,972600,54959871,
46,5185720,4,5,926277,965391,920395,5384895,48,5707916,9,7,978481,971113,969471,40168792,
30,2565819,4,4,965085,965959,966191,37751419,33,7257390,6,6,975260,970713,971769,50968014,
44,1933735,3,0,923754,945951,930461,28594961,46,10297108,10,1,969545,968026,945291,49153978,
45,7875009,1,6,933492,974959,961164,19828164,49,8616900,9,7,971922,980672,979703,34580190,
17,3112315,5,8,940214,929939,937326,20101126,17,9419964,7,8,958827,960555,943194,50591642,
37,7493279,10,5,948914,945921,945214,28286261,43,9716069,10,6,973178,968076,957589,30761352,
14,5356330,5,8,961086,968893,926582,16826597,44,8075992,6,8,963384,979054,970730,25400506,
34,6273883,5,8,945006,940849,939100,25068701,47,8933426,7,8,964527,949700,973670,32850625,
2,7654084,7,5,928699,950717,944858,33818323,49,9522456,8,5,976927,957760,978077,55137278,
1,4733315,9,2,967111,977214,977819,20410647,34,5909978,9,7,975538,980571,980212,48895554,
4,4718466,10,3,970649,945006,940653,23550412,36,8279076,10,3,973961,978371,970875,45128029,
4,3247650,5,0,948965,957523,928976,41467744,48,7204634,8,0,970679,979830,962783,56816394,
45,8575632,1,4,936487,969085,969688,29539580,49,10315126,9,8,962972,976717,970932,45368873,
2,2420726,10,8,941639,944258,940690,37404048,46,5351903,10,8,968650,977205,965548,39315898,
39,4112686,5,7,949633,968726,956128,3074934,44,5059465,7,8,968464,970118,980605,55802850,
7,2050130,8,2,979736,970739,979976,33537977,32,9673381,9,5,980437,973732,980265,52744370,
22,4217029,1,8,933855,931089,934556,42418569,42,7685282,5,8,941796,955857,970069,52172875,
47,1013449,6,7,950554,932095,944688,26151699,50,5429446,7,7,965099,960686,980733,31459184,
31,3005143,6,3,946467,942931,931180,41385870,42,6948122,8,5,953936,964363,963461,50298761,
47,6410927,4,6,921212,968453,974894,17042488,49,9753590,9,7,972639,978830,980911,25180156,
42,8211622,2,3,969407,964816,923023,5542368,46,9024912,5,4,976490,980858,970210,39869208,
41,1459537,4,8,960206,947979,934605,38461428,45,7891151,8,8,966457,969779,961872,47807739,
10,7960183,2,0,932140,945006,930474,17490342,40,10223927,7,0,954392,966854,972761,44831392,
25,9479644,8,4,953691,954765,959490,3080685,49,9666683,8,6,973201,974456,970278,28212361,
18,1805908,10,4,935240,931579,937169,38177250,25,6068209,10,8,947116,971381,968081,49518715,
48,5140543,4,4,937335,928221,933892,694036,48,10119140,7,5,951868,937189,961358,21234606,
48,8076941,9,0,953458,958177,962956,28503432,50,10113074,10,7,970112,963822,972484,53227275,
29,6143160,10,4,926106,940266,935764,7121432,45,9414349,10,5,940266,946281,958073,19954922,
21,5658415,2,6,965987,948480,966907,43434890,39,8148277,9,8,977370,980077,978558,55778926,
50,3218403,1,6,945933,941998,941120,1587158,50,9313490,2,6,971910,974681,951610,11791583,
13,618500,6,3,954669,958862,957668,36970419,19,7240854,7,5,968561,963640,978080,43118599,
45,2593972,6,6,944063,931182,924753,40525212,49,9576603,8,6,954989,980527,971149,48217051,
27,8072952,10,2,944834,926376,947142,30565333,47,9467267,10,5,960516,971090,950474,52330856,
13,5168464,7,1,935465,967445,948210,11865056,33,5496331,8,3,965473,976342,975962,41108205,
50,271263,1,7,960136,959006,962639,11371149,50,9325116,10,8,972843,969174,977226,16270046,
6,8849091,5,5,952225,933694,945285,7161430,46,8885477,8,6,966225,974252,965396,49732812,
8,3657520,1,1,962194,951428,969264,35772654,47,4224630,7,1,980347,979768,970641,52208292,
41,5121957,0,3,931118,928102,934111,28138074,47,7853251,0,5,969262,935297,957577,41048273,
40,7756812,4,3,977621,957511,970815,156577,43,9133056,5,7,980290,978261,980912,36852193,
20,5443191,10,1,946885,928263,949509,41813142,50,10165428,10,3,971252,957373,954138,46937493,
15,4242057,5,7,953053,935046,970395,27439150,23,6594630,7,8,973180,973549,974422,36494392,
47,2781864,5,3,957067,956901,935893,37334447,47,9329458,6,7,968867,970834,962321,42001444,
34,4535124,4,5,949432,922619,955415,29490185,45,9054906,4,7,956499,977870,978389,41861153,
37,3247341,3,4,956675,959734,957125,9648980,39,3610049,7,6,973575,968947,962595,35566391,
46,7225839,6,8,921416,953271,926419,31350331,47,8088790,10,8,963735,970439,971493,42339664,
47,6566889,7,7,938934,928774,923847,40428744,50,10250828,10,7,970361,954337,971234,45470932,
35,4700199,4,2,971082,978669,975590,19856304,42,7742488,4,5,978578,980469,980871,35666465,
35,8011189,1,0,949672,931627,940926,39026772,44,10341801,1,5,976785,974981,973738,42179865,
17,5124099,1,0,930644,968089,967867,7914881,47,5178365,8,5,967123,973028,979553,28678141,
24,870275,3,1,948180,934209,953804,37727315,42,7869407,4,8,964702,957138,971058,50539224,
32,5393236,5,2,956741,960732,979371,7521623,40,6924968,7,6,976242,971258,980257,14523327,
47,3431933,1,5,933178,961719,950853,2690273,48,9161073,9,7,961755,973940,978796,10901760,
38,2981023,10,4,969289,961161,970126,40062165,49,7481931,10,6,973424,974754,972739,53836643,
13,2592778,6,4,950272,922808,923376,21515045,46,6764615,7,6,978782,943213,953635,57556774,
6,1550477,8,8,958271,941914,947137,34697587,38,3293980,8,8,970753,962755,968420,57526448,
21,5134481,2,7,967683,935926,944255,11879495,26,8744178,4,8,979276,971262,980816,28415237,
39,8501535,0,7,937764,953345,963014,34272531,45,9277026,6,7,978030,978054,980278,40316696,
22,3933379,10,7,927008,950210,951386,23052501,49,8182464,10,8,953789,958918,961226,26153515,
39,4051903,0,7,945950,923301,958234,7941987,48,9704275,0,7,959848,976643,972230,19554162,
26,4558416,2,4,959134,925792,957621,25116641,46,9109196,2,6,963271,959428,973040,26998762,
8,3389811,2,0,928365,927942,925739,39619690,28,4166435,3,2,976807,953982,975408,47434577,
8,2313246,10,7,956487,939573,960563,37942954,34,9515115,10,8,966044,976965,978750,54702367,
50,317443,2,5,941661,934647,945569,2879945,50,8725805,4,8,973645,976538,969277,6187309,
27,5219827,7,1,947991,953939,924093,23382394,34,9288825,8,6,975333,963986,958794,35269673,
16,7012405,1,0,955466,928343,954029,29606847,39,8322793,6,5,975055,959871,960488,57469999,
8,1375044,4,0,929474,960084,959972,34590208,13,5208504,4,4,964277,961465,973982,40966497,
33,5262134,0,8,953257,936324,969084,19395413,36,8600592,2,8,977526,965593,975015,35343533,
44,9329416,7,6,951176,945625,927340,11996570,49,10169084,10,8,951492,960436,963013,39396141,
23,4027193,2,3,923861,926781,925936,43855384,47,6742439,6,5,951714,950105,961014,46084827,
44,7750328,1,3,966291,954406,932623,28471980,50,8679337,3,6,978192,969585,981145,44463085,
35,1157248,5,1,958237,943597,964685,43459716,41,8529675,8,5,972047,976371,971287,52887295,
30,5529055,2,0,957684,945295,927048,27460831,44,5665390,10,3,961667,951319,971540,46509165,
6,6284781,2,3,922757,926337,921801,25697361,31,10349403,8,6,968150,949671,960144,32901197,
43,2196016,0,5,930966,924550,969362,4679044,43,5526661,8,5,973558,968020,972619,40212488,
43,5998950,6,1,944387,929199,942946,42944578,48,7886927,10,6,954167,952835,963267,52371007,
31,1067682,8,1,951153,951651,932635,30100770,42,3602685,8,6,967950,961195,978267,37620779,
30,7143210,6,2,929624,959792,923215,32179361,37,9889639,8,5,973030,966063,973277,47602674,
32,4741858,8,0,949984,955878,944365,28937363,43,9365445,9,1,954510,971351,978107,49848629,
45,1851457,1,1,944121,931953,936142,14181021,46,5717233,2,8,978471,972202,954726,14696261,
49,8759076,10,6,947131,959699,932079,2578534,49,9640148,10,6,981198,976018,966818,54708397,
26,6256467,1,3,969099,952071,969086,27159032,47,6294048,8,3,970933,973690,978494,37508278,
8,343560,3,2,969098,945016,946374,35301073,31,5154500,5,6,971299,963572,971955,42073900,
1,5964524,6,5,933136,958002,936470,9926680,34,9825014,10,7,952213,962434,967924,18945564,
22,6323287,8,1,947969,929077,939098,2028754,36,9135012,10,2,955097,946078,980875,57799953,
40,8015069,6,5,925225,958224,947523,16564007,40,9454224,9,7,971380,962174,978732,52303462,
47,5212930,3,5,926915,920708,949523,39092578,48,6899837,10,8,954376,952912,970093,51572696,
31,6640669,5,4,956785,940834,947893,15629786,44,8729247,6,4,974247,953868,968944,30141865,
33,6879268,5,1,936827,921145,935548,13602928,35,10338143,10,1,971364,967654,940900,40872652,
13,7582351,1,2,950582,979870,944461,22770593,50,10014608,3,2,978232,980247,978220,40922276,
48,9969544,1,1,956154,960043,951534,32105161,50,10436546,4,8,976402,964360,967652,56449454,
25,5868881,1,4,955333,960207,957726,25771763,32,8506930,2,6,981108,977016,972063,27135481,
3,4625136,9,5,938345,948291,948643,27453894,48,9369430,10,7,945657,957503,969832,31570656,
18,3911268,4,7,928037,954660,969404,22771647,29,10310831,7,7,967016,971801,975102,42050926,
5,6542900,5,4,944713,958685,922862,18888709,49,7731406,9,4,951338,961375,976069,23017953,
7,6795811,10,7,940295,926738,940970,5126702,36,7196911,10,8,967832,975589,969520,13550465,
40,8012142,1,4,922606,932686,927914,30749302,49,8148134,3,6,951590,941170,940770,53892665,
8,7263524,7,2,924254,927265,929973,4345490,36,8463892,7,6,952493,968285,978226,33434867,
45,4265924,4,6,937799,939927,947859,5831590,47,4684792,4,8,977080,977416,959436,27066096,
36,5984276,8,4,956589,978682,955729,13758400,39,7779938,10,4,978596,980375,980820,30440170,
35,7942388,8,1,939962,938495,939301,23171342,50,8052885,10,6,949944,953644,965129,24151415,
35,734458,5,6,954589,963516,933325,32545660,37,9170820,5,7,979825,979395,975363,34990169,
34,4219659,10,0,965793,963494,925562,39029098,43,8725772,10,2,979129,979797,980937,51457047,
45,9644044,1,1,946692,953039,951990,2164584,48,10094525,1,7,969332,970907,966469,57803541,
45,5006144,7,6,942381,937032,943549,39370326,49,10396190,8,6,951540,979059,961925,53057017,
33,4429693,0,5,934449,960361,928402,35278404,50,4512906,3,7,978263,976373,979035,46737572,
41,1358713,9,1,957734,965550,944039,24927449,46,7335595,9,8,963257,974938,965284,31523929,
46,2753675,10,4,969411,946756,959105,31368326,49,7561504,10,4,972351,979777,975352,44304102,
39,6098077,9,4,959316,949752,932566,37849352,50,6771809,10,7,973268,969737,977808,53594510,
49,148647,0,0,948024,966068,948403,7367818,49,10315606,5,1,963792,971918,974618,20850960,
21,7096059,7,7,952844,964116,926871,8277319,43,9796442,9,7,962219,972357,970749,56359781,
34,1312011,0,3,944742,925862,960086,23700660,37,8728446,7,6,980620,953798,979128,24074996,
44,5413538,2,6,949690,977693,970203,32899946,46,8978320,10,8,974629,980569,972411,51258697,
41,6400462,6,0,968105,955433,927970,6657341,46,8879242,6,0,974937,969928,970614,55704508,
12,2195886,2,1,960955,954456,969301,9667513,15,2220814,6,3,979759,978763,972945,13558239,
47,9115880,0,6,944858,954723,940762,4141830,48,9334770,1,6,969182,975811,968651,47638013,
48,3325751,8,8,922557,953970,938100,16371486,49,8192920,10,8,952249,960695,971502,41475662,
44,9145453,4,7,947358,943258,933526,5515750,45,9433169,7,8,977894,961306,969430,44721564,
2,1141174,8,2,939623,920490,932291,38635807,13,2273846,9,8,973493,950513,961642,41909674,
43,7080890,4,6,941434,935240,945617,483866,47,8219959,6,7,964930,942714,958127,21291993,
25,7385503,2,8,927266,923257,922010,36842630,41,8271446,3,8,973060,976905,977036,45858429,
31,3786834,10,3,945454,936587,933149,38252843,36,7494931,10,7,969379,957867,974785,56136484,
17,5893859,10,4,933189,922777,936473,5705583,34,7456541,10,8,959246,932543,954422,37262715,
16,5041310,10,2,943946,961739,939377,8342804,50,7152264,10,3,977334,979882,962371,18420309,
29,1005952,8,3,931490,936552,938720,13356700,45,3305560,8,3,965528,955866,944976,29299355,
45,6510745,1,3,960238,948918,954309,41138147,47,8666196,6,6,976426,962910,974237,53193339,
2,7691220,1,1,945048,942031,955500,39328680,44,7797305,8,8,970070,972759,966490,49962117,
20,6595001,0,5,939998,961523,942479,19664454,49,9668854,5,7,965527,972963,969202,21330830,
26,3331108,0,4,928659,943905,926115,19756956,29,8504786,4,8,961066,960972,941911,22448881,
41,7918477,6,5,952398,940340,939719,11254549,46,10385705,6,7,973624,957051,980627,38748670,
