27,27,27,27,27,27,27,27,27,34,34,34,34,34,34,34,34,34,
5944143,5944143,5944143,5944143,5944143,5944143,5944143,5944143,5944143,7820564,7820564,7820564,7820564,7820564,7820564,7820564,7820564,7820564,
7,7,7,7,7,7,7,7,7,7,7,7,7,7,7,7,7,7,
7,7,7,7,7,7,7,7,7,7,7,7,7,7,7,7,7,7,
958944,958944,958944,958944,958944,958944,958944,958944,958944,977998,977998,977998,977998,977998,977998,977998,977998,977998,
946336,946336,946336,946336,946336,946336,946336,946336,946336,970951,970951,970951,970951,970951,970951,970951,970951,970951,
958305,958305,958305,958305,958305,958305,958305,958305,958305,966614,966614,966614,966614,966614,966614,966614,966614,966614,
38161867,38161867,38161867,38161867,38161867,38161867,38161867,38161867,38161867,50657675,50657675,50657675,50657675,50657675,50657675,50657675,50657675,50657675,
931938,931938,931938,931938,931938,931938,931938,931938,931938,971575,971575,971575,971575,971575,971575,971575,971575,971575,
0,0,0,0,0,0,0,0,0,0,0,0,0,0,0,0,0,0,
50,50,50,50,50,50,50,50,50,140503401628880,140503401628880,140503401628880,140503401628880,140503401628880,140503401628880,140503401628880,140503401628880,140503401628880,
10335973,10335973,10335973,10335973,10335973,10335973,10335973,10335973,10335973,140503401628440,140503401628440,140503401628440,140503401628440,140503401628440,140503401628440,140503401628440,140503401628440,140503401628440,
10,10,10,10,10,10,10,10,10,94007496438640,94007496438640,94007496438640,94007496438640,94007496438640,94007496438640,94007496438640,94007496438640,94007496438640,
8,8,8,8,8,8,8,8,8,94007496438640,94007496438640,94007496438640,94007496438640,94007496438640,94007496438640,94007496438640,94007496438640,94007496438640,
980064,980064,980064,980064,980064,980064,980064,980064,980064,94007496438640,94007496438640,94007496438640,94007496438640,94007496438640,94007496438640,94007496438640,94007496438640,94007496438640,
964244,964244,964244,964244,964244,964244,964244,964244,964244,94007496438640,94007496438640,94007496438640,94007496438640,94007496438640,94007496438640,94007496438640,94007496438640,94007496438640,
970557,970557,970557,970557,970557,970557,970557,970557,970557,94007496438640,94007496438640,94007496438640,94007496438640,94007496438640,94007496438640,94007496438640,94007496438640,94007496438640,
55431072,55431072,55431072,55431072,55431072,55431072,55431072,55431072,55431072,94007496446831,94007496446831,94007496446831,94007496446831,94007496446831,94007496446831,94007496446831,94007496446831,94007496446831,
960458,960458,960458,960458,960458,960458,960458,960458,960458,140503401662112,140503401662112,140503401662112,140503401662112,140503401662112,140503401662112,140503401662112,140503401662112,140503401662112,
0,0,0,0,0,0,0,0,0,0,0,0,0,0,0,0,0,0,
140503401628880,140503401628880,140503401628880,140503401628880,140503401628880,140503401628880,140503401628880,140503401628880,140503401628880,0,0,0,0,0,0,0,0,0,
140503401628440,140503401628440,140503401628440,140503401628440,140503401628440,140503401628440,140503401628440,140503401628440,140503401628440,0,0,0,0,0,0,0,0,0,
94007496438640,94007496438640,94007496438640,94007496438640,94007496438640,94007496438640,94007496438640,94007496438640,94007496438640,0,0,0,0,0,0,0,0,0,
94007496438640,94007496438640,94007496438640,94007496438640,94007496438640,94007496438640,94007496438640,94007496438640,94007496438640,0,0,0,0,0,0,0,0,0,
94007496438640,94007496438640,94007496438640,94007496438640,94007496438640,94007496438640,94007496438640,94007496438640,94007496438640,94020456826608,94020456826608,94020456826608,94020456826608,94020456826608,94020456826608,94020456826608,94020456826608,94020456826608,
94007496438640,94007496438640,94007496438640,94007496438640,94007496438640,94007496438640,94007496438640,94007496438640,94007496438640,1,1,1,1,1,1,1,1,1,
94007496438640,94007496438640,94007496438640,94007496438640,94007496438640,94007496438640,94007496438640,94007496438640,94007496438640,48,48,48,48,48,48,48,48,48,
94007496446831,94007496446831,94007496446831,94007496446831,94007496446831,94007496446831,94007496446831,94007496446831,94007496446831,0,0,0,0,0,0,0,0,0,
140503401662112,140503401662112,140503401662112,140503401662112,140503401662112,140503401662112,140503401662112,140503401662112,140503401662112,0,0,0,0,0,0,0,0,0,
0,0,0,0,0,0,0,0,0,0,0,0,0,0,0,0,0,0,
0,0,0,0,0,0,0,0,0,94007496438640,94007496438640,94007496438640,94007496438640,94007496438640,94007496438640,94007496438640,94007496438640,94007496438640,
0,0,0,0,0,0,0,0,0,8192,8192,8192,8192,8192,8192,8192,8192,8192,
0,0,0,0,0,0,0,0,0,65537,65537,65537,65537,65537,65537,65537,65537,65537,
0,0,0,0,0,0,0,0,0,0,0,0,0,0,0,0,0,0,
94020456826608,94020456826608,94020456826608,94020456826608,94020456826608,94020456826608,94020456826608,94020456826608,94020456826608,0,0,0,0,0,0,0,0,0,
1,1,1,1,1,1,1,1,1,3788032,3788032,3788032,3788032,3788032,3788032,3788032,3788032,3788032,
48,48,48,48,48,48,48,48,48,140503401660464,140503401660464,140503401660464,140503401660464,140503401660464,140503401660464,140503401660464,140503401660464,140503401660464,
0,0,0,0,0,0,0,0,0,0,0,0,0,0,0,0,0,0,
0,0,0,0,0,0,0,0,0,0,0,0,0,0,0,0,0,0,
0,0,0,0,0,0,0,0,0,0,0,0,0,0,0,0,0,0,
94007496438640,94007496438640,94007496438640,94007496438640,94007496438640,94007496438640,94007496438640,94007496438640,94007496438640,0,0,0,0,0,0,0,0,0,
8192,8192,8192,8192,8192,8192,8192,8192,8192,140503401628920,140503401628920,140503401628920,140503401628920,140503401628920,140503401628920,140503401628920,140503401628920,140503401628920,
65537,65537,65537,65537,65537,65537,65537,65537,65537,6,6,6,6,6,6,6,6,6,
0,0,0,0,0,0,0,0,0,0,0,0,0,0,0,0,0,0,
0,0,0,0,0,0,0,0,0,4098,4098,4098,4098,4098,4098,4098,4098,4098,
3788032,3788032,3788032,3788032,3788032,3788032,3788032,3788032,3788032,140501265154048,140501265154048,140501265154048,140501265154048,140501265154048,140501265154048,140501265154048,140501265154048,140501265154048,
140503401660464,140503401660464,140503401660464,140503401660464,140503401660464,140503401660464,140503401660464,140503401660464,140503401660464,0,0,0,0,0,0,0,0,0,
0,0,0,0,0,0,0,0,0,0,0,0,0,0,0,0,0,0,
0,0,0,0,0,0,0,0,0,0,0,0,0,0,0,0,0,0,
0,0,0,0,0,0,0,0,0,0,0,0,0,0,0,0,0,0,
0,0,0,0,0,0,0,0,0,0,0,0,0,0,0,0,0,0,
140503401628920,140503401628920,140503401628920,140503401628920,140503401628920,140503401628920,140503401628920,140503401628920,140503401628920,0,0,0,0,0,0,0,0,0,
6,6,6,6,6,6,6,6,6,0,0,0,0,0,0,0,0,0,
0,0,0,0,0,0,0,0,0,0,0,0,0,0,0,0,0,0,
4098,4098,4098,4098,4098,4098,4098,4098,4098,0,0,0,0,0,0,0,0,0,
140501265154048,140501265154048,140501265154048,140501265154048,140501265154048,140501265154048,140501265154048,140501265154048,140501265154048,0,0,0,0,0,0,0,0,0,
0,0,0,0,0,0,0,0,0,0,0,0,0,0,0,0,0,0,
0,0,0,0,0,0,0,0,0,0,0,0,0,0,0,0,0,0,
0,0,0,0,0,0,0,0,0,0,0,0,0,0,0,0,0,0,
0,0,0,0,0,0,0,0,0,0,0,0,0,0,0,0,0,0,
0,0,0,0,0,0,0,0,0,0,0,0,0,0,0,0,0,0,
0,0,0,0,0,0,0,0,0,0,0,0,0,0,0,0,0,0,
0,0,0,0,0,0,0,0,0,0,0,0,0,0,0,0,0,0,
0,0,0,0,0,0,0,0,0,0,0,0,0,0,0,0,0,0,
0,0,0,0,0,0,0,0,0,0,0,0,0,0,0,0,0,0,
0,0,0,0,0,0,0,0,0,140501265154056,140501265154056,140501265154056,140501265154056,140501265154056,140501265154056,140501265154056,140501265154056,140501265154056,
0,0,0,0,0,0,0,0,0,140731257896856,140731257896856,140731257896856,140731257896856,140731257896856,140731257896856,140731257896856,140731257896856,140731257896856,
0,0,0,0,0,0,0,0,0,140503401662112,140503401662112,140503401662112,140503401662112,140503401662112,140503401662112,140503401662112,140503401662112,140503401662112,
0,0,0,0,0,0,0,0,0,0,0,0,0,0,0,0,0,0,
0,0,0,0,0,0,0,0,0,140503401693472,140503401693472,140503401693472,140503401693472,140503401693472,140503401693472,140503401693472,140503401693472,140503401693472,
0,0,0,0,0,0,0,0,0,140731257896552,140731257896552,140731257896552,140731257896552,140731257896552,140731257896552,140731257896552,140731257896552,140731257896552,
0,0,0,0,0,0,0,0,0,140503401660608,140503401660608,140503401660608,140503401660608,140503401660608,140503401660608,140503401660608,140503401660608,140503401660608,
0,0,0,0,0,0,0,0,0,140503401660496,140503401660496,140503401660496,140503401660496,140503401660496,140503401660496,140503401660496,140503401660496,140503401660496,
0,0,0,0,0,0,0,0,0,140503401660512,140503401660512,140503401660512,140503401660512,140503401660512,140503401660512,140503401660512,140503401660512,140503401660512,
0,0,0,0,0,0,0,0,0,140503401628880,140503401628880,140503401628880,140503401628880,140503401628880,140503401628880,140503401628880,140503401628880,140503401628880,
140501265154056,140501265154056,140501265154056,140501265154056,140501265154056,140501265154056,140501265154056,140501265154056,140501265154056,140503401628440,140503401628440,140503401628440,140503401628440,140503401628440,140503401628440,140503401628440,140503401628440,140503401628440,
140731257896856,140731257896856,140731257896856,140731257896856,140731257896856,140731257896856,140731257896856,140731257896856,140731257896856,94020615155440,94020615155440,94020615155440,94020615155440,94020615155440,94020615155440,94020615155440,94020615155440,94020615155440,
140503401662112,140503401662112,140503401662112,140503401662112,140503401662112,140503401662112,140503401662112,140503401662112,140503401662112,94020615155440,94020615155440,94020615155440,94020615155440,94020615155440,94020615155440,94020615155440,94020615155440,94020615155440,
0,0,0,0,0,0,0,0,0,94020615155440,94020615155440,94020615155440,94020615155440,94020615155440,94020615155440,94020615155440,94020615155440,94020615155440,
140503401693472,140503401693472,140503401693472,140503401693472,140503401693472,140503401693472,140503401693472,140503401693472,140503401693472,94020615155440,94020615155440,94020615155440,94020615155440,94020615155440,94020615155440,94020615155440,94020615155440,94020615155440,
140731257896552,140731257896552,140731257896552,140731257896552,140731257896552,140731257896552,140731257896552,140731257896552,140731257896552,94020615155440,94020615155440,94020615155440,94020615155440,94020615155440,94020615155440,94020615155440,94020615155440,94020615155440,
140503401660608,140503401660608,140503401660608,140503401660608,140503401660608,140503401660608,140503401660608,140503401660608,140503401660608,94020615163631,94020615163631,94020615163631,94020615163631,94020615163631,94020615163631,94020615163631,94020615163631,94020615163631,
140503401660496,140503401660496,140503401660496,140503401660496,140503401660496,140503401660496,140503401660496,140503401660496,140503401660496,140503401662112,140503401662112,140503401662112,140503401662112,140503401662112,140503401662112,140503401662112,140503401662112,140503401662112,
140503401660512,140503401660512,140503401660512,140503401660512,140503401660512,140503401660512,140503401660512,140503401660512,140503401660512,0,0,0,0,0,0,0,0,0,
140503401628880,140503401628880,140503401628880,140503401628880,140503401628880,140503401628880,140503401628880,140503401628880,140503401628880,0,0,0,0,0,0,0,0,0,
140503401628440,140503401628440,140503401628440,140503401628440,140503401628440,140503401628440,140503401628440,140503401628440,140503401628440,0,0,0,0,0,0,0,0,0,
94020615155440,94020615155440,94020615155440,94020615155440,94020615155440,94020615155440,94020615155440,94020615155440,94020615155440,0,0,0,0,0,0,0,0,0,
94020615155440,94020615155440,94020615155440,94020615155440,94020615155440,94020615155440,94020615155440,94020615155440,94020615155440,0,0,0,0,0,0,0,0,0,
94020615155440,94020615155440,94020615155440,94020615155440,94020615155440,94020615155440,94020615155440,94020615155440,94020615155440,94007496802400,94007496802400,94007496802400,94007496802400,94007496802400,94007496802400,94007496802400,94007496802400,94007496802400,
94020615155440,94020615155440,94020615155440,94020615155440,94020615155440,94020615155440,94020615155440,94020615155440,94020615155440,2090266625,2090266625,2090266625,2090266625,2090266625,2090266625,2090266625,2090266625,2090266625,
94020615155440,94020615155440,94020615155440,94020615155440,94020615155440,94020615155440,94020615155440,94020615155440,94020615155440,17,17,17,17,17,17,17,17,17,
94020615163631,94020615163631,94020615163631,94020615163631,94020615163631,94020615163631,94020615163631,94020615163631,94020615163631,0,0,0,0,0,0,0,0,0,
140503401662112,140503401662112,140503401662112,140503401662112,140503401662112,140503401662112,140503401662112,140503401662112,140503401662112,0,0,0,0,0,0,0,0,0,
0,0,0,0,0,0,0,0,0,140501265154048,140501265154048,140501265154048,140501265154048,140501265154048,140501265154048,140501265154048,140501265154048,140501265154048,
0,0,0,0,0,0,0,0,0,94020615155440,94020615155440,94020615155440,94020615155440,94020615155440,94020615155440,94020615155440,94020615155440,94020615155440,
0,0,0,0,0,0,0,0,0,8192,8192,8192,8192,8192,8192,8192,8192,8192,
0,0,0,0,0,0,0,0,0,65537,65537,65537,65537,65537,65537,65537,65537,65537,
0,0,0,0,0,0,0,0,0,0,0,0,0,0,0,0,0,0,
94007496802400,94007496802400,94007496802400,94007496802400,94007496802400,94007496802400,94007496802400,94007496802400,94007496802400,0,0,0,0,0,0,0,0,0,
2090266625,2090266625,2090266625,2090266625,2090266625,2090266625,2090266625,2090266625,2090266625,0,0,0,0,0,0,0,0,0,
17,17,17,17,17,17,17,17,17,140503401660464,140503401660464,140503401660464,140503401660464,140503401660464,140503401660464,140503401660464,140503401660464,140503401660464,
0,0,0,0,0,0,0,0,0,0,0,0,0,0,0,0,0,0,
0,0,0,0,0,0,0,0,0,0,0,0,0,0,0,0,0,0,
140501265154048,140501265154048,140501265154048,140501265154048,140501265154048,140501265154048,140501265154048,140501265154048,140501265154048,0,0,0,0,0,0,0,0,0,
94020615155440,94020615155440,94020615155440,94020615155440,94020615155440,94020615155440,94020615155440,94020615155440,94020615155440,0,0,0,0,0,0,0,0,0,
8192,8192,8192,8192,8192,8192,8192,8192,8192,140503401628920,140503401628920,140503401628920,140503401628920,140503401628920,140503401628920,140503401628920,140503401628920,140503401628920,
65537,65537,65537,65537,65537,65537,65537,65537,65537,6,6,6,6,6,6,6,6,6,
0,0,0,0,0,0,0,0,0,0,0,0,0,0,0,0,0,0,
0,0,0,0,0,0,0,0,0,4098,4098,4098,4098,4098,4098,4098,4098,4098,
0,0,0,0,0,0,0,0,0,0,0,0,0,0,0,0,0,0,
140503401660464,140503401660464,140503401660464,140503401660464,140503401660464,140503401660464,140503401660464,140503401660464,140503401660464,0,0,0,0,0,0,0,0,0,
0,0,0,0,0,0,0,0,0,0,0,0,0,0,0,0,0,0,
0,0,0,0,0,0,0,0,0,0,0,0,0,0,0,0,0,0,
0,0,0,0,0,0,0,0,0,0,0,0,0,0,0,0,0,0,
0,0,0,0,0,0,0,0,0,0,0,0,0,0,0,0,0,0,
140503401628920,140503401628920,140503401628920,140503401628920,140503401628920,140503401628920,140503401628920,140503401628920,140503401628920,0,0,0,0,0,0,0,0,0,
6,6,6,6,6,6,6,6,6,0,0,0,0,0,0,0,0,0,
0,0,0,0,0,0,0,0,0,0,0,0,0,0,0,0,0,0,
4098,4098,4098,4098,4098,4098,4098,4098,4098,0,0,0,0,0,0,0,0,0,
0,0,0,0,0,0,0,0,0,0,0,0,0,0,0,0,0,0,
0,0,0,0,0,0,0,0,0,0,0,0,0,0,0,0,0,0,
0,0,0,0,0,0,0,0,0,0,0,0,0,0,0,0,0,0,
0,0,0,0,0,0,0,0,0,0,0,0,0,0,0,0,0,0,
0,0,0,0,0,0,0,0,0,0,0,0,0,0,0,0,0,0,
0,0,0,0,0,0,0,0,0,0,0,0,0,0,0,0,0,0,
0,0,0,0,0,0,0,0,0,0,0,0,0,0,0,0,0,0,
0,0,0,0,0,0,0,0,0,0,0,0,0,0,0,0,0,0,
0,0,0,0,0,0,0,0,0,0,0,0,0,0,0,0,0,0,
0,0,0,0,0,0,0,0,0,0,0,0,0,0,0,0,0,0,
0,0,0,0,0,0,0,0,0,8,8,8,8,8,8,8,8,8,
0,0,0,0,0,0,0,0,0,140731257897368,140731257897368,140731257897368,140731257897368,140731257897368,140731257897368,140731257897368,140731257897368,140731257897368,
0,0,0,0,0,0,0,0,0,140503401662112,140503401662112,140503401662112,140503401662112,140503401662112,140503401662112,140503401662112,140503401662112,140503401662112,
0,0,0,0,0,0,0,0,0,0,0,0,0,0,0,0,0,0,
0,0,0,0,0,0,0,0,0,140503401759008,140503401759008,140503401759008,140503401759008,140503401759008,140503401759008,140503401759008,140503401759008,140503401759008,
0,0,0,0,0,0,0,0,0,140731257897064,140731257897064,140731257897064,140731257897064,140731257897064,140731257897064,140731257897064,140731257897064,140731257897064,
0,0,0,0,0,0,0,0,0,140503401660608,140503401660608,140503401660608,140503401660608,140503401660608,140503401660608,140503401660608,140503401660608,140503401660608,
0,0,0,0,0,0,0,0,0,140503401660496,140503401660496,140503401660496,140503401660496,140503401660496,140503401660496,140503401660496,140503401660496,140503401660496,
0,0,0,0,0,0,0,0,0,140503401660512,140503401660512,140503401660512,140503401660512,140503401660512,140503401660512,140503401660512,140503401660512,140503401660512,
0,0,0,0,0,0,0,0,0,140503401628880,140503401628880,140503401628880,140503401628880,140503401628880,140503401628880,140503401628880,140503401628880,140503401628880,
8,8,8,8,8,8,8,8,8,140503401628440,140503401628440,140503401628440,140503401628440,140503401628440,140503401628440,140503401628440,140503401628440,140503401628440,
140731257897368,140731257897368,140731257897368,140731257897368,140731257897368,140731257897368,140731257897368,140731257897368,140731257897368,94020615163648,94020615163648,94020615163648,94020615163648,94020615163648,94020615163648,94020615163648,94020615163648,94020615163648,
140503401662112,140503401662112,140503401662112,140503401662112,140503401662112,140503401662112,140503401662112,140503401662112,140503401662112,94020615163648,94020615163648,94020615163648,94020615163648,94020615163648,94020615163648,94020615163648,94020615163648,94020615163648,
0,0,0,0,0,0,0,0,0,94020615163648,94020615163648,94020615163648,94020615163648,94020615163648,94020615163648,94020615163648,94020615163648,94020615163648,
140503401759008,140503401759008,140503401759008,140503401759008,140503401759008,140503401759008,140503401759008,140503401759008,140503401759008,94020615163648,94020615163648,94020615163648,94020615163648,94020615163648,94020615163648,94020615163648,94020615163648,94020615163648,
140731257897064,140731257897064,140731257897064,140731257897064,140731257897064,140731257897064,140731257897064,140731257897064,140731257897064,94020615163792,94020615163807,94020615163822,94020615163837,94020615163852,94020615163867,94020615163882,94020615163897,94020615163912,
140503401660608,140503401660608,140503401660608,140503401660608,140503401660608,140503401660608,140503401660608,140503401660608,140503401660608,94020615171839,94020615171839,94020615171839,94020615171839,94020615171839,94020615171839,94020615171839,94020615171839,94020615171839,
140503401660496,140503401660496,140503401660496,140503401660496,140503401660496,140503401660496,140503401660496,140503401660496,140503401660496,140503401662112,140503401662112,140503401662112,140503401662112,140503401662112,140503401662112,140503401662112,140503401662112,140503401662112,
140503401660512,140503401660512,140503401660512,140503401660512,140503401660512,140503401660512,140503401660512,140503401660512,140503401660512,0,0,0,0,0,0,0,0,0,
140503401628880,140503401628880,140503401628880,140503401628880,140503401628880,140503401628880,140503401628880,140503401628880,140503401628880,0,0,0,0,0,0,0,0,0,
140503401628440,140503401628440,140503401628440,140503401628440,140503401628440,140503401628440,140503401628440,140503401628440,140503401628440,0,0,0,0,0,0,0,0,0,
94020615163648,94020615163648,94020615163648,94020615163648,94020615163648,94020615163648,94020615163648,94020615163648,94020615163648,0,0,0,0,0,0,0,0,0,
94020615163648,94020615163648,94020615163648,94020615163648,94020615163648,94020615163648,94020615163648,94020615163648,94020615163648,0,0,0,0,0,0,0,0,0,
94020615163648,94020615163648,94020615163648,94020615163648,94020615163648,94020615163648,94020615163648,94020615163648,94020615163648,94007496785168,94007496785168,94007496785168,94007496785168,94007496785168,94007496785168,94007496785168,94007496785168,94007496785168,
94020615163648,94020615163648,94020615163648,94020615163648,94020615163648,94020615163648,94020615163648,94020615163648,94020615163648,1,1,1,1,1,1,1,1,1,
94020615163648,94020615163663,94020615163678,94020615163693,94020615163708,94020615163723,94020615163738,94020615163753,94020615163768,17,17,17,17,17,17,17,17,17,
94020615171839,94020615171839,94020615171839,94020615171839,94020615171839,94020615171839,94020615171839,94020615171839,94020615171839,0,0,0,0,0,0,0,0,0,
140503401662112,140503401662112,140503401662112,140503401662112,140503401662112,140503401662112,140503401662112,140503401662112,140503401662112,0,0,0,0,0,0,0,0,0,
0,0,0,0,0,0,0,0,0,140501265154048,140501265154048,140501265154048,140501265154048,140501265154048,140501265154048,140501265154048,140501265154048,140501265154048,
0,0,0,0,0,0,0,0,0,94020615163648,94020615163648,94020615163648,94020615163648,94020615163648,94020615163648,94020615163648,94020615163648,94020615163648,
0,0,0,0,0,0,0,0,0,8192,8192,8192,8192,8192,8192,8192,8192,8192,
0,0,0,0,0,0,0,0,0,140501265219585,140501265219585,140501265219585,140501265219585,140501265219585,140501265219585,140501265219585,140501265219585,140501265219585,
0,0,0,0,0,0,0,0,0,0,0,0,0,0,0,0,0,0,
94007496785168,94007496785168,94007496785168,94007496785168,94007496785168,94007496785168,94007496785168,94007496785168,94007496785168,0,0,0,0,0,0,0,0,0,
1,1,1,1,1,1,1,1,1,0,0,0,0,0,0,0,0,0,
17,17,17,17,17,17,17,17,17,140503401660464,140503401660464,140503401660464,140503401660464,140503401660464,140503401660464,140503401660464,140503401660464,140503401660464,
0,0,0,0,0,0,0,0,0,0,0,0,0,0,0,0,0,0,
0,0,0,0,0,0,0,0,0,0,0,0,0,0,0,0,0,0,
140501265154048,140501265154048,140501265154048,140501265154048,140501265154048,140501265154048,140501265154048,140501265154048,140501265154048,0,0,0,0,0,0,0,0,0,
94020615163648,94020615163648,94020615163648,94020615163648,94020615163648,94020615163648,94020615163648,94020615163648,94020615163648,0,0,0,0,0,0,0,0,0,
8192,8192,8192,8192,8192,8192,8192,8192,8192,140503401628920,140503401628920,140503401628920,140503401628920,140503401628920,140503401628920,140503401628920,140503401628920,140503401628920,
140501265219585,140501265219585,140501265219585,140501265219585,140501265219585,140501265219585,140501265219585,140501265219585,140501265219585,6,6,6,6,6,6,6,6,6,
0,0,0,0,0,0,0,0,0,0,0,0,0,0,0,0,0,0,
0,0,0,0,0,0,0,0,0,4098,4098,4098,4098,4098,4098,4098,4098,4098,
0,0,0,0,0,0,0,0,0,0,0,0,0,0,0,0,0,0,
140503401660464,140503401660464,140503401660464,140503401660464,140503401660464,140503401660464,140503401660464,140503401660464,140503401660464,0,0,0,0,0,0,0,0,0,
0,0,0,0,0,0,0,0,0,0,0,0,0,0,0,0,0,0,
0,0,0,0,0,0,0,0,0,0,0,0,0,0,0,0,0,0,
0,0,0,0,0,0,0,0,0,0,0,0,0,0,0,0,0,0,
0,0,0,0,0,0,0,0,0,0,0,0,0,0,0,0,0,0,
140503401628920,140503401628920,140503401628920,140503401628920,140503401628920,140503401628920,140503401628920,140503401628920,140503401628920,0,0,0,0,0,0,0,0,0,
6,6,6,6,6,6,6,6,6,0,0,0,0,0,0,0,0,0,
0,0,0,0,0,0,0,0,0,0,0,0,0,0,0,0,0,0,
4098,4098,4098,4098,4098,4098,4098,4098,4098,0,0,0,0,0,0,0,0,0,
0,0,0,0,0,0,0,0,0,0,0,0,0,0,0,0,0,0,
0,0,0,0,0,0,0,0,0,0,0,0,0,0,0,0,0,0,
0,0,0,0,0,0,0,0,0,0,0,0,0,0,0,0,0,0,
0,0,0,0,0,0,0,0,0,0,0,0,0,0,0,0,0,0,
0,0,0,0,0,0,0,0,0,0,0,0,0,0,0,0,0,0,
0,0,0,0,0,0,0,0,0,0,0,0,0,0,0,0,0,0,
0,0,0,0,0,0,0,0,0,0,0,0,0,0,0,0,0,0,
0,0,0,0,0,0,0,0,0,0,0,0,0,0,0,0,0,0,
0,0,0,0,0,0,0,0,0,0,0,0,0,0,0,0,0,0,
0,0,0,0,0,0,0,0,0,0,0,0,0,0,0,0,0,0,
0,0,0,0,0,0,0,0,0,8,8,8,8,8,8,8,8,8,
0,0,0,0,0,0,0,0,0,140731257897880,140731257897880,140731257897880,140731257897880,140731257897880,140731257897880,140731257897880,140731257897880,140731257897880,
0,0,0,0,0,0,0,0,0,140503401662112,140503401662112,140503401662112,140503401662112,140503401662112,140503401662112,140503401662112,140503401662112,140503401662112,
0,0,0,0,0,0,0,0,0,0,0,0,0,0,0,0,0,0,
0,0,0,0,0,0,0,0,0,288,288,288,288,288,288,288,288,288,
0,0,0,0,0,0,0,0,0,140731257897576,140731257897576,140731257897576,140731257897576,140731257897576,140731257897576,140731257897576,140731257897576,140731257897576,
0,0,0,0,0,0,0,0,0,140503401660608,140503401660608,140503401660608,140503401660608,140503401660608,140503401660608,140503401660608,140503401660608,140503401660608,
0,0,0,0,0,0,0,0,0,140503401660496,140503401660496,140503401660496,140503401660496,140503401660496,140503401660496,140503401660496,140503401660496,140503401660496,
0,0,0,0,0,0,0,0,0,140503401660512,140503401660512,140503401660512,140503401660512,140503401660512,140503401660512,140503401660512,140503401660512,140503401660512,
0,0,0,0,0,0,0,0,0,140503401628688,140503401628688,140503401628688,140503401628688,140503401628688,140503401628688,140503401628688,140503401628688,140503401628688,
8,8,8,8,8,8,8,8,8,0,0,0,0,0,0,0,0,0,
140731257897880,140731257897880,140731257897880,140731257897880,140731257897880,140731257897880,140731257897880,140731257897880,140731257897880,140503401628440,140503401628440,140503401628440,140503401628440,140503401628440,140503401628440,140503401628440,140503401628440,140503401628440,
140503401662112,140503401662112,140503401662112,140503401662112,140503401662112,140503401662112,140503401662112,140503401662112,140503401662112,0,0,0,0,0,0,0,0,0,
0,0,0,0,0,0,0,0,0,0,0,0,0,0,0,0,0,0,
288,288,288,288,288,288,288,288,288,0,0,0,0,0,0,0,0,0,
140731257897576,140731257897576,140731257897576,140731257897576,140731257897576,140731257897576,140731257897576,140731257897576,140731257897576,0,0,0,0,0,0,0,0,0,
140503401660608,140503401660608,140503401660608,140503401660608,140503401660608,140503401660608,140503401660608,140503401660608,140503401660608,0,0,0,0,0,0,0,0,0,
140503401660496,140503401660496,140503401660496,140503401660496,140503401660496,140503401660496,140503401660496,140503401660496,140503401660496,0,0,0,0,0,0,0,0,0,
140503401660512,140503401660512,140503401660512,140503401660512,140503401660512,140503401660512,140503401660512,140503401660512,140503401660512,140503401662112,140503401662112,140503401662112,140503401662112,140503401662112,140503401662112,140503401662112,140503401662112,140503401662112,
140503401628688,140503401628688,140503401628688,140503401628688,140503401628688,140503401628688,140503401628688,140503401628688,140503401628688,0,0,0,0,0,0,0,0,0,
0,0,0,0,0,0,0,0,0,0,0,0,0,0,0,0,0,0,
140503401628440,140503401628440,140503401628440,140503401628440,140503401628440,140503401628440,140503401628440,140503401628440,140503401628440,0,0,0,0,0,0,0,0,0,
0,0,0,0,0,0,0,0,0,0,0,0,0,0,0,0,0,0,
0,0,0,0,0,0,0,0,0,0,0,0,0,0,0,0,0,0,
0,0,0,0,0,0,0,0,0,0,0,0,0,0,0,0,0,0,
0,0,0,0,0,0,0,0,0,1,1,1,1,1,1,1,1,1,
0,0,0,0,0,0,0,0,0,0,0,0,0,0,0,0,0,0,
0,0,0,0,0,0,0,0,0,0,0,0,0,0,0,0,0,0,
140503401662112,140503401662112,140503401662112,140503401662112,140503401662112,140503401662112,140503401662112,140503401662112,140503401662112,0,0,0,0,0,0,0,0,0,
0,0,0,0,0,0,0,0,0,0,0,0,0,0,0,0,0,0,
0,0,0,0,0,0,0,0,0,0,0,0,0,0,0,0,0,0,
0,0,0,0,0,0,0,0,0,8192,8192,8192,8192,8192,8192,8192,8192,8192,
0,0,0,0,0,0,0,0,0,0,0,0,0,0,0,0,0,0,
0,0,0,0,0,0,0,0,0,0,0,0,0,0,0,0,0,0,
0,0,0,0,0,0,0,0,0,0,0,0,0,0,0,0,0,0,
1,1,1,1,1,1,1,1,1,0,0,0,0,0,0,0,0,0,
0,0,0,0,0,0,0,0,0,140503401660464,140503401660464,140503401660464,140503401660464,140503401660464,140503401660464,140503401660464,140503401660464,140503401660464,
0,0,0,0,0,0,0,0,0,0,0,0,0,0,0,0,0,0,
0,0,0,0,0,0,0,0,0,0,0,0,0,0,0,0,0,0,
0,0,0,0,0,0,0,0,0,0,0,0,0,0,0,0,0,0,
0,0,0,0,0,0,0,0,0,0,0,0,0,0,0,0,0,0,
8192,8192,8192,8192,8192,8192,8192,8192,8192,140503401628728,140503401628728,140503401628728,140503401628728,140503401628728,140503401628728,140503401628728,140503401628728,140503401628728,
0,0,0,0,0,0,0,0,0,6,6,6,6,6,6,6,6,6,
0,0,0,0,0,0,0,0,0,0,0,0,0,0,0,0,0,0,
0,0,0,0,0,0,0,0,0,4098,4098,4098,4098,4098,4098,4098,4098,4098,
0,0,0,0,0,0,0,0,0,0,0,0,0,0,0,0,0,0,
140503401660464,140503401660464,140503401660464,140503401660464,140503401660464,140503401660464,140503401660464,140503401660464,140503401660464,0,0,0,0,0,0,0,0,0,
0,0,0,0,0,0,0,0,0,0,0,0,0,0,0,0,0,0,
0,0,0,0,0,0,0,0,0,0,0,0,0,0,0,0,0,0,
0,0,0,0,0,0,0,0,0,0,0,0,0,0,0,0,0,0,
0,0,0,0,0,0,0,0,0,0,0,0,0,0,0,0,0,0,
140503401628728,140503401628728,140503401628728,140503401628728,140503401628728,140503401628728,140503401628728,140503401628728,140503401628728,0,0,0,0,0,0,0,0,0,
6,6,6,6,6,6,6,6,6,0,0,0,0,0,0,0,0,0,
0,0,0,0,0,0,0,0,0,0,0,0,0,0,0,0,0,0,
4098,4098,4098,4098,4098,4098,4098,4098,4098,0,0,0,0,0,0,0,0,0,
0,0,0,0,0,0,0,0,0,0,0,0,0,0,0,0,0,0,
0,0,0,0,0,0,0,0,0,0,0,0,0,0,0,0,0,0,
0,0,0,0,0,0,0,0,0,0,0,0,0,0,0,0,0,0,
0,0,0,0,0,0,0,0,0,0,0,0,0,0,0,0,0,0,
0,0,0,0,0,0,0,0,0,0,0,0,0,0,0,0,0,0,
0,0,0,0,0,0,0,0,0,0,0,0,0,0,0,0,0,0,
0,0,0,0,0,0,0,0,0,0,0,0,0,0,0,0,0,0,
0,0,0,0,0,0,0,0,0,0,0,0,0,0,0,0,0,0,
0,0,0,0,0,0,0,0,0,0,0,0,0,0,0,0,0,0,
0,0,0,0,0,0,0,0,0,0,0,0,0,0,0,0,0,0,
0,0,0,0,0,0,0,0,0,140728898420744,140728898420744,140728898420744,140728898420744,140728898420744,140728898420744,140728898420744,140728898420744,140728898420744,
0,0,0,0,0,0,0,0,0,140731257898400,140731257898400,140731257898400,140731257898400,140731257898400,140731257898400,140731257898400,140731257898400,140731257898400,
0,0,0,0,0,0,0,0,0,140503401662112,140503401662112,140503401662112,140503401662112,140503401662112,140503401662112,140503401662112,140503401662112,140503401662112,
0,0,0,0,0,0,0,0,0,0,0,0,0,0,0,0,0,0,
0,0,0,0,0,0,0,0,0,140731257847808,140731257847808,140731257847808,140731257847808,140731257847808,140731257847808,140731257847808,140731257847808,140731257847808,
0,0,0,0,0,0,0,0,0,140731257898096,140731257898096,140731257898096,140731257898096,140731257898096,140731257898096,140731257898096,140731257898096,140731257898096,
0,0,0,0,0,0,0,0,0,140503401660608,140503401660608,140503401660608,140503401660608,140503401660608,140503401660608,140503401660608,140503401660608,140503401660608,
0,0,0,0,0,0,0,0,0,140503401660496,140503401660496,140503401660496,140503401660496,140503401660496,140503401660496,140503401660496,140503401660496,140503401660496,
0,0,0,0,0,0,0,0,0,140503401660512,140503401660512,140503401660512,140503401660512,140503401660512,140503401660512,140503401660512,140503401660512,140503401660512,
0,0,0,0,0,0,0,0,0,14693093433683219968,14693093433683219968,14693093433683219968,14693093433683219968,14693093433683219968,14693093433683219968,14693093433683219968,14693093433683219968,14693093433683219968,
140728898420744,140728898420744,140728898420744,140728898420744,140728898420744,140728898420744,140728898420744,140728898420744,140728898420744,94007496437433,94007496437433,94007496437433,94007496437433,94007496437433,94007496437433,94007496437433,94007496437433,94007496437433,
140731257898400,140731257898400,140731257898400,140731257898400,140731257898400,140731257898400,140731257898400,140731257898400,140731257898400,32,32,32,32,32,32,32,32,32,
140503401662112,140503401662112,140503401662112,140503401662112,140503401662112,140503401662112,140503401662112,140503401662112,140503401662112,94007467614488,94007467614488,94007467614488,94007467614488,94007467614488,94007467614488,94007467614488,94007467614488,94007467614488,
0,0,0,0,0,0,0,0,0,9,9,9,9,9,9,9,9,9,
140731257847808,140731257847808,140731257847808,140731257847808,140731257847808,140731257847808,140731257847808,140731257847808,140731257847808,94007467614472,94007467614472,94007467614472,94007467614472,94007467614472,94007467614472,94007467614472,94007467614472,94007467614472,
140731257898096,140731257898096,140731257898096,140731257898096,140731257898096,140731257898096,140731257898096,140731257898096,140731257898096,9,9,9,9,9,9,9,9,9,
140503401660608,140503401660608,140503401660608,140503401660608,140503401660608,140503401660608,140503401660608,140503401660608,140503401660608,140731257898896,140731257898896,140731257898896,140731257898896,140731257898896,140731257898896,140731257898896,140731257898896,140731257898896,
140503401660496,140503401660496,140503401660496,140503401660496,140503401660496,140503401660496,140503401660496,140503401660496,140503401660496,94007467497244,94007467497244,94007467497244,94007467497244,94007467497244,94007467497244,94007467497244,94007467497244,94007467497244,
140503401660512,140503401660512,140503401660512,140503401660512,140503401660512,140503401660512,140503401660512,140503401660512,140503401660512,94007496437360,94007496437360,94007496437360,94007496437360,94007496437360,94007496437360,94007496437360,94007496437360,94007496437360,
14693093433683219968,14693093433683219968,14693093433683219968,14693093433683219968,14693093433683219968,14693093433683219968,14693093433683219968,14693093433683219968,14693093433683219968,94007496437369,94007496437369,94007496437369,94007496437369,94007496437369,94007496437369,94007496437369,94007496437369,94007496437369,
94007496437433,94007496437433,94007496437433,94007496437433,94007496437433,94007496437433,94007496437433,94007496437433,94007496437433,94007496437369,94007496437369,94007496437369,94007496437369,94007496437369,94007496437369,94007496437369,94007496437369,94007496437369,
32,32,32,32,32,32,32,32,32,94007467503230,94007467503230,94007467503230,94007467503230,94007467503230,94007467503230,94007467503230,94007467503230,94007467503230,
94007467614488,94007467614488,94007467614488,94007467614488,94007467614488,94007467614488,94007467614488,94007467614488,94007467614488,94007496437392,94007496437392,94007496437392,94007496437392,94007496437392,94007496437392,94007496437392,94007496437392,94007496437392,
9,9,9,9,9,9,9,9,9,94007496437401,94007496437401,94007496437401,94007496437401,94007496437401,94007496437401,94007496437401,94007496437401,94007496437401,
94007467614472,94007467614472,94007467614472,94007467614472,94007467614472,94007467614472,94007467614472,94007467614472,94007467614472,94007496437401,94007496437401,94007496437401,94007496437401,94007496437401,94007496437401,94007496437401,94007496437401,94007496437401,
9,9,9,9,9,9,9,9,9,140503393539848,140503393539848,140503393539848,140503393539848,140503393539848,140503393539848,140503393539848,140503393539848,140503393539848,
140731257898896,140731257898896,140731257898896,140731257898896,140731257898896,140731257898896,140731257898896,140731257898896,140731257898896,94007496437456,94007496437456,94007496437456,94007496437456,94007496437456,94007496437456,94007496437456,94007496437456,94007496437456,
94007467497244,94007467497244,94007467497244,94007467497244,94007467497244,94007467497244,94007467497244,94007467497244,94007467497244,94007496437465,94007496437465,94007496437465,94007496437465,94007496437465,94007496437465,94007496437465,94007496437465,94007496437465,
94007496437360,94007496437360,94007496437360,94007496437360,94007496437360,94007496437360,94007496437360,94007496437360,94007496437360,94007496437465,94007496437465,94007496437465,94007496437465,94007496437465,94007496437465,94007496437465,94007496437465,94007496437465,
94007496437369,94007496437369,94007496437369,94007496437369,94007496437369,94007496437369,94007496437369,94007496437369,94007496437369,1,1,1,1,1,1,1,1,1,
94007496437369,94007496437369,94007496437369,94007496437369,94007496437369,94007496437369,94007496437369,94007496437369,94007496437369,94007496437424,94007496437424,94007496437424,94007496437424,94007496437424,94007496437424,94007496437424,94007496437424,94007496437424,
94007467503230,94007467503230,94007467503230,94007467503230,94007467503230,94007467503230,94007467503230,94007467503230,94007467503230,94007496437433,94007496437433,94007496437433,94007496437433,94007496437433,94007496437433,94007496437433,94007496437433,94007496437433,
94007496437392,94007496437392,94007496437392,94007496437392,94007496437392,94007496437392,94007496437392,94007496437392,94007496437392,94007496437433,94007496437433,94007496437433,94007496437433,94007496437433,94007496437433,94007496437433,94007496437433,94007496437433,
94007496437401,94007496437401,94007496437401,94007496437401,94007496437401,94007496437401,94007496437401,94007496437401,94007496437401,94007467497804,94007467497804,94007467497804,94007467497804,94007467497804,94007467497804,94007467497804,94007467497804,94007467497804,
94007496437401,94007496437401,94007496437401,94007496437401,94007496437401,94007496437401,94007496437401,94007496437401,94007496437401,94007469762992,94007469762992,94007469762992,94007469762992,94007469762992,94007469762992,94007469762992,94007469762992,94007469762992,
140503393539848,140503393539848,140503393539848,140503393539848,140503393539848,140503393539848,140503393539848,140503393539848,140503393539848,140502010613776,140502010613776,140502010613776,140502010613776,140502010613776,140502010613776,140502010613776,140502010613776,140502010613776,
94007496437456,94007496437456,94007496437456,94007496437456,94007496437456,94007496437456,94007496437456,94007496437456,94007496437456,11000000000,11000000000,11000000000,11000000000,11000000000,11000000000,11000000000,11000000000,11000000000,
94007496437465,94007496437465,94007496437465,94007496437465,94007496437465,94007496437465,94007496437465,94007496437465,94007496437465,250000000,250000000,250000000,250000000,250000000,250000000,250000000,250000000,250000000,
94007496437465,94007496437465,94007496437465,94007496437465,94007496437465,94007496437465,94007496437465,94007496437465,94007496437465,2,2,2,2,2,2,2,2,2,
1,1,1,1,1,1,1,1,1,14693093433683219968,14693093433683219968,14693093433683219968,14693093433683219968,14693093433683219968,14693093433683219968,14693093433683219968,14693093433683219968,14693093433683219968,
94007496437424,94007496437424,94007496437424,94007496437424,94007496437424,94007496437424,94007496437424,94007496437424,94007496437424,140503401737024,140503401737024,140503401737024,140503401737024,140503401737024,140503401737024,140503401737024,140503401737024,140503401737024,
94007496437433,94007496437433,94007496437433,94007496437433,94007496437433,94007496437433,94007496437433,94007496437433,94007496437433,0,0,0,0,0,0,0,0,0,
94007496437433,94007496437433,94007496437433,94007496437433,94007496437433,94007496437433,94007496437433,94007496437433,94007496437433,94007467486832,94007467486832,94007467486832,94007467486832,94007467486832,94007467486832,94007467486832,94007467486832,94007467486832,
94007467497804,94007467497804,94007467497804,94007467497804,94007467497804,94007467497804,94007467497804,94007467497804,94007467497804,140731257899120,140731257899120,140731257899120,140731257899120,140731257899120,140731257899120,140731257899120,140731257899120,140731257899120,
94007469762992,94007469762992,94007469762992,94007469762992,94007469762992,94007469762992,94007469762992,94007469762992,94007469762992,0,0,0,0,0,0,0,0,0,
140502010613776,140502010613776,140502010613776,140502010613776,140502010613776,140502010613776,140502010613776,140502010613776,140502010613776,0,0,0,0,0,0,0,0,0,
11000000000,11000000000,11000000000,11000000000,11000000000,11000000000,11000000000,11000000000,11000000000,94007467606736,94007467606736,94007467606736,94007467606736,94007467606736,94007467606736,94007467606736,94007467606736,94007467606736,
250000000,250000000,250000000,250000000,250000000,250000000,250000000,250000000,250000000,140503389547655,140503389547655,140503389547655,140503389547655,140503389547655,140503389547655,140503389547655,140503389547655,140503389547655,
2,2,2,2,2,2,2,2,2,18446744073709551504,18446744073709551504,18446744073709551504,18446744073709551504,18446744073709551504,18446744073709551504,18446744073709551504,18446744073709551504,18446744073709551504,
14693093433683219968,14693093433683219968,14693093433683219968,14693093433683219968,14693093433683219968,14693093433683219968,14693093433683219968,14693093433683219968,14693093433683219968,140731257899128,140731257899128,140731257899128,140731257899128,140731257899128,140731257899128,140731257899128,140731257899128,140731257899128,
140503401737024,140503401737024,140503401737024,140503401737024,140503401737024,140503401737024,140503401737024,140503401737024,140503401737024,8589934480,8589934480,8589934480,8589934480,8589934480,8589934480,8589934480,8589934480,8589934480,
0,0,0,0,0,0,0,0,0,94007467496816,94007467496816,94007467496816,94007467496816,94007467496816,94007467496816,94007467496816,94007467496816,94007467496816,
94007467486832,94007467486832,94007467486832,94007467486832,94007467486832,94007467486832,94007467486832,94007467486832,94007467486832,0,0,0,0,0,0,0,0,0,
140731257899120,140731257899120,140731257899120,140731257899120,140731257899120,140731257899120,140731257899120,140731257899120,140731257899120,13262371668316729642,13262371668316729642,13262371668316729642,13262371668316729642,13262371668316729642,13262371668316729642,13262371668316729642,13262371668316729642,13262371668316729642,
0,0,0,0,0,0,0,0,0,94007467486832,94007467486832,94007467486832,94007467486832,94007467486832,94007467486832,94007467486832,94007467486832,94007467486832,
0,0,0,0,0,0,0,0,0,140731257899120,140731257899120,140731257899120,140731257899120,140731257899120,140731257899120,140731257899120,140731257899120,140731257899120,
94007467606736,94007467606736,94007467606736,94007467606736,94007467606736,94007467606736,94007467606736,94007467606736,94007467606736,0,0,0,0,0,0,0,0,0,
140503389547655,140503389547655,140503389547655,140503389547655,140503389547655,140503389547655,140503389547655,140503389547655,140503389547655,0,0,0,0,0,0,0,0,0,
18446744073709551504,18446744073709551504,18446744073709551504,18446744073709551504,18446744073709551504,18446744073709551504,18446744073709551504,18446744073709551504,18446744073709551504,17082103820073906474,17082103820073906474,17082103820073906474,17082103820073906474,17082103820073906474,17082103820073906474,17082103820073906474,17082103820073906474,17082103820073906474,
140731257899128,140731257899128,140731257899128,140731257899128,140731257899128,140731257899128,140731257899128,140731257899128,140731257899128,17104731384186351914,17104731384186351914,17104731384186351914,17104731384186351914,17104731384186351914,17104731384186351914,17104731384186351914,17104731384186351914,17104731384186351914,
8589934480,8589934480,8589934480,8589934480,8589934480,8589934480,8589934480,8589934480,8589934480,0,0,0,0,0,0,0,0,0,
94007467496816,94007467496816,94007467496816,94007467496816,94007467496816,94007467496816,94007467496816,94007467496816,94007467496816,0,0,0,0,0,0,0,0,0,
0,0,0,0,0,0,0,0,0,0,0,0,0,0,0,0,0,0,
13262371668316729642,13262371668316729642,13262371668316729642,13262371668316729642,13262371668316729642,13262371668316729642,13262371668316729642,13262371668316729642,13262371668316729642,140503401736403,140503401736403,140503401736403,140503401736403,140503401736403,140503401736403,140503401736403,140503401736403,140503401736403,
94007467486832,94007467486832,94007467486832,94007467486832,94007467486832,94007467486832,94007467486832,94007467486832,94007467486832,140503401603768,140503401603768,140503401603768,140503401603768,140503401603768,140503401603768,140503401603768,140503401603768,140503401603768,
140731257899120,140731257899120,140731257899120,140731257899120,140731257899120,140731257899120,140731257899120,140731257899120,140731257899120,140503395744688,140503395744688,140503395744688,140503395744688,140503395744688,140503395744688,140503395744688,140503395744688,140503395744688,
0,0,0,0,0,0,0,0,0,0,0,0,0,0,0,0,0,0,
0,0,0,0,0,0,0,0,0,0,0,0,0,0,0,0,0,0,
17082103820073906474,17082103820073906474,17082103820073906474,17082103820073906474,17082103820073906474,17082103820073906474,17082103820073906474,17082103820073906474,17082103820073906474,0,0,0,0,0,0,0,0,0,
17104731384186351914,17104731384186351914,17104731384186351914,17104731384186351914,17104731384186351914,17104731384186351914,17104731384186351914,17104731384186351914,17104731384186351914,94007467486832,94007467486832,94007467486832,94007467486832,94007467486832,94007467486832,94007467486832,94007467486832,94007467486832,
0,0,0,0,0,0,0,0,0,140731257899120,140731257899120,140731257899120,140731257899120,140731257899120,140731257899120,140731257899120,140731257899120,140731257899120,
0,0,0,0,0,0,0,0,0,94007467486874,94007467486874,94007467486874,94007467486874,94007467486874,94007467486874,94007467486874,94007467486874,94007467486874,
0,0,0,0,0,0,0,0,0,140731257899112,140731257899112,140731257899112,140731257899112,140731257899112,140731257899112,140731257899112,140731257899112,140731257899112,
140503401736403,140503401736403,140503401736403,140503401736403,140503401736403,140503401736403,140503401736403,140503401736403,140503401736403,28,28,28,28,28,28,28,28,28,
140503401603768,140503401603768,140503401603768,140503401603768,140503401603768,140503401603768,140503401603768,140503401603768,140503401603768,1,1,1,1,1,1,1,1,1,
140503395744688,140503395744688,140503395744688,140503395744688,140503395744688,140503395744688,140503395744688,140503395744688,140503395744688,140731257906538,140731257906538,140731257906538,140731257906538,140731257906538,140731257906538,140731257906538,140731257906538,140731257906538,
0,0,0,0,0,0,0,0,0,0,0,0,0,0,0,0,0,0,
0,0,0,0,0,0,0,0,0,140731257906581,140731257906581,140731257906581,140731257906581,140731257906581,140731257906581,140731257906581,140731257906581,140731257906581,
0,0,0,0,0,0,0,0,0,140731257908097,140731257908097,140731257908097,140731257908097,140731257908097,140731257908097,140731257908097,140731257908097,140731257908097,
94007467486832,94007467486832,94007467486832,94007467486832,94007467486832,94007467486832,94007467486832,94007467486832,94007467486832,140731257908119,140731257908119,140731257908119,140731257908119,140731257908119,140731257908119,140731257908119,140731257908119,140731257908119,
140731257899120,140731257899120,140731257899120,140731257899120,140731257899120,140731257899120,140731257899120,140731257899120,140731257899120,140731257908175,140731257908175,140731257908175,140731257908175,140731257908175,140731257908175,140731257908175,140731257908175,140731257908175,
94007467486874,94007467486874,94007467486874,94007467486874,94007467486874,94007467486874,94007467486874,94007467486874,94007467486874,140731257908209,140731257908209,140731257908209,140731257908209,140731257908209,140731257908209,140731257908209,140731257908209,140731257908209,
140731257899112,140731257899112,140731257899112,140731257899112,140731257899112,140731257899112,140731257899112,140731257899112,140731257899112,140731257908226,140731257908226,140731257908226,140731257908226,140731257908226,140731257908226,140731257908226,140731257908226,140731257908226,
28,28,28,28,28,28,28,28,28,140731257908259,140731257908259,140731257908259,140731257908259,140731257908259,140731257908259,140731257908259,140731257908259,140731257908259,
1,1,1,1,1,1,1,1,1,140731257908279,140731257908279,140731257908279,140731257908279,140731257908279,140731257908279,140731257908279,140731257908279,140731257908279,
140731257906538,140731257906538,140731257906538,140731257906538,140731257906538,140731257906538,140731257906538,140731257906538,140731257906538,140731257908294,140731257908294,140731257908294,140731257908294,140731257908294,140731257908294,140731257908294,140731257908294,140731257908294,
0,0,0,0,0,0,0,0,0,140731257908310,140731257908310,140731257908310,140731257908310,140731257908310,140731257908310,140731257908310,140731257908310,140731257908310,
140731257906581,140731257906581,140731257906581,140731257906581,140731257906581,140731257906581,140731257906581,140731257906581,140731257906581,140731257908323,140731257908323,140731257908323,140731257908323,140731257908323,140731257908323,140731257908323,140731257908323,140731257908323,
140731257908097,140731257908097,140731257908097,140731257908097,140731257908097,140731257908097,140731257908097,140731257908097,140731257908097,140731257908343,140731257908343,140731257908343,140731257908343,140731257908343,140731257908343,140731257908343,140731257908343,140731257908343,
140731257908119,140731257908119,140731257908119,140731257908119,140731257908119,140731257908119,140731257908119,140731257908119,140731257908119,140731257908355,140731257908355,140731257908355,140731257908355,140731257908355,140731257908355,140731257908355,140731257908355,140731257908355,
140731257908175,140731257908175,140731257908175,140731257908175,140731257908175,140731257908175,140731257908175,140731257908175,140731257908175,140731257908373,140731257908373,140731257908373,140731257908373,140731257908373,140731257908373,140731257908373,140731257908373,140731257908373,
140731257908209,140731257908209,140731257908209,140731257908209,140731257908209,140731257908209,140731257908209,140731257908209,140731257908209,140731257908409,140731257908409,140731257908409,140731257908409,140731257908409,140731257908409,140731257908409,140731257908409,140731257908409,
140731257908226,140731257908226,140731257908226,140731257908226,140731257908226,140731257908226,140731257908226,140731257908226,140731257908226,140731257908428,140731257908428,140731257908428,140731257908428,140731257908428,140731257908428,140731257908428,140731257908428,140731257908428,
140731257908259,140731257908259,140731257908259,140731257908259,140731257908259,140731257908259,140731257908259,140731257908259,140731257908259,140731257908533,140731257908533,140731257908533,140731257908533,140731257908533,140731257908533,140731257908533,140731257908533,140731257908533,
140731257908279,140731257908279,140731257908279,140731257908279,140731257908279,140731257908279,140731257908279,140731257908279,140731257908279,140731257908553,140731257908553,140731257908553,140731257908553,140731257908553,140731257908553,140731257908553,140731257908553,140731257908553,
140731257908294,140731257908294,140731257908294,140731257908294,140731257908294,140731257908294,140731257908294,140731257908294,140731257908294,140731257908606,140731257908606,140731257908606,140731257908606,140731257908606,140731257908606,140731257908606,140731257908606,140731257908606,
140731257908310,140731257908310,140731257908310,140731257908310,140731257908310,140731257908310,140731257908310,140731257908310,140731257908310,140731257908642,140731257908642,140731257908642,140731257908642,140731257908642,140731257908642,140731257908642,140731257908642,140731257908642,
140731257908323,140731257908323,140731257908323,140731257908323,140731257908323,140731257908323,140731257908323,140731257908323,140731257908323,140731257908670,140731257908670,140731257908670,140731257908670,140731257908670,140731257908670,140731257908670,140731257908670,140731257908670,
140731257908343,140731257908343,140731257908343,140731257908343,140731257908343,140731257908343,140731257908343,140731257908343,140731257908343,140731257908759,140731257908759,140731257908759,140731257908759,140731257908759,140731257908759,140731257908759,140731257908759,140731257908759,
140731257908355,140731257908355,140731257908355,140731257908355,140731257908355,140731257908355,140731257908355,140731257908355,140731257908355,140731257908781,140731257908781,140731257908781,140731257908781,140731257908781,140731257908781,140731257908781,140731257908781,140731257908781,
140731257908373,140731257908373,140731257908373,140731257908373,140731257908373,140731257908373,140731257908373,140731257908373,140731257908373,140731257908801,140731257908801,140731257908801,140731257908801,140731257908801,140731257908801,140731257908801,140731257908801,140731257908801,
140731257908409,140731257908409,140731257908409,140731257908409,140731257908409,140731257908409,140731257908409,140731257908409,140731257908409,140731257908817,140731257908817,140731257908817,140731257908817,140731257908817,140731257908817,140731257908817,140731257908817,140731257908817,
140731257908428,140731257908428,140731257908428,140731257908428,140731257908428,140731257908428,140731257908428,140731257908428,140731257908428,140731257908825,140731257908825,140731257908825,140731257908825,140731257908825,140731257908825,140731257908825,140731257908825,140731257908825,
140731257908533,140731257908533,140731257908533,140731257908533,140731257908533,140731257908533,140731257908533,140731257908533,140731257908533,140731257908890,140731257908890,140731257908890,140731257908890,140731257908890,140731257908890,140731257908890,140731257908890,140731257908890,
140731257908553,140731257908553,140731257908553,140731257908553,140731257908553,140731257908553,140731257908553,140731257908553,140731257908553,140731257908905,140731257908905,140731257908905,140731257908905,140731257908905,140731257908905,140731257908905,140731257908905,140731257908905,
140731257908606,140731257908606,140731257908606,140731257908606,140731257908606,140731257908606,140731257908606,140731257908606,140731257908606,140731257908937,140731257908937,140731257908937,140731257908937,140731257908937,140731257908937,140731257908937,140731257908937,140731257908937,
140731257908642,140731257908642,140731257908642,140731257908642,140731257908642,140731257908642,140731257908642,140731257908642,140731257908642,140731257909120,140731257909120,140731257909120,140731257909120,140731257909120,140731257909120,140731257909120,140731257909120,140731257909120,
140731257908670,140731257908670,140731257908670,140731257908670,140731257908670,140731257908670,140731257908670,140731257908670,140731257908670,140731257909152,140731257909152,140731257909152,140731257909152,140731257909152,140731257909152,140731257909152,140731257909152,140731257909152,
140731257908759,140731257908759,140731257908759,140731257908759,140731257908759,140731257908759,140731257908759,140731257908759,140731257908759,0,0,0,0,0,0,0,0,0,
140731257908781,140731257908781,140731257908781,140731257908781,140731257908781,140731257908781,140731257908781,140731257908781,140731257908781,33,33,33,33,33,33,33,33,33,
140731257908801,140731257908801,140731257908801,140731257908801,140731257908801,140731257908801,140731257908801,140731257908801,140731257908801,140731258830848,140731258830848,140731258830848,140731258830848,140731258830848,140731258830848,140731258830848,140731258830848,140731258830848,
140731257908817,140731257908817,140731257908817,140731257908817,140731257908817,140731257908817,140731257908817,140731257908817,140731257908817,16,16,16,16,16,16,16,16,16,
140731257908825,140731257908825,140731257908825,140731257908825,140731257908825,140731257908825,140731257908825,140731257908825,140731257908825,3219913727,3219913727,3219913727,3219913727,3219913727,3219913727,3219913727,3219913727,3219913727,
140731257908890,140731257908890,140731257908890,140731257908890,140731257908890,140731257908890,140731257908890,140731257908890,140731257908890,6,6,6,6,6,6,6,6,6,
140731257908905,140731257908905,140731257908905,140731257908905,140731257908905,140731257908905,140731257908905,140731257908905,140731257908905,4096,4096,4096,4096,4096,4096,4096,4096,4096,
140731257908937,140731257908937,140731257908937,140731257908937,140731257908937,140731257908937,140731257908937,140731257908937,140731257908937,17,17,17,17,17,17,17,17,17,
140731257909120,140731257909120,140731257909120,140731257909120,140731257909120,140731257909120,140731257909120,140731257909120,140731257909120,100,100,100,100,100,100,100,100,100,
140731257909152,140731257909152,140731257909152,140731257909152,140731257909152,140731257909152,140731257909152,140731257909152,140731257909152,3,3,3,3,3,3,3,3,3,
0,0,0,0,0,0,0,0,0,94007467470912,94007467470912,94007467470912,94007467470912,94007467470912,94007467470912,94007467470912,94007467470912,94007467470912,
33,33,33,33,33,33,33,33,33,4,4,4,4,4,4,4,4,4,
140731258830848,140731258830848,140731258830848,140731258830848,140731258830848,140731258830848,140731258830848,140731258830848,140731258830848,56,56,56,56,56,56,56,56,56,
16,16,16,16,16,16,16,16,16,5,5,5,5,5,5,5,5,5,
3219913727,3219913727,3219913727,3219913727,3219913727,3219913727,3219913727,3219913727,3219913727,9,9,9,9,9,9,9,9,9,
6,6,6,6,6,6,6,6,6,7,7,7,7,7,7,7,7,7,
4096,4096,4096,4096,4096,4096,4096,4096,4096,140503401668608,140503401668608,140503401668608,140503401668608,140503401668608,140503401668608,140503401668608,140503401668608,140503401668608,
17,17,17,17,17,17,17,17,17,8,8,8,8,8,8,8,8,8,
100,100,100,100,100,100,100,100,100,0,0,0,0,0,0,0,0,0,
3,3,3,3,3,3,3,3,3,9,9,9,9,9,9,9,9,9,
94007467470912,94007467470912,94007467470912,94007467470912,94007467470912,94007467470912,94007467470912,94007467470912,94007467470912,94007467486832,94007467486832,94007467486832,94007467486832,94007467486832,94007467486832,94007467486832,94007467486832,94007467486832,
4,4,4,4,4,4,4,4,4,11,11,11,11,11,11,11,11,11,
56,56,56,56,56,56,56,56,56,20001,20001,20001,20001,20001,20001,20001,20001,20001,
5,5,5,5,5,5,5,5,5,12,12,12,12,12,12,12,12,12,
9,9,9,9,9,9,9,9,9,20001,20001,20001,20001,20001,20001,20001,20001,20001,
7,7,7,7,7,7,7,7,7,13,13,13,13,13,13,13,13,13,
140503401668608,140503401668608,140503401668608,140503401668608,140503401668608,140503401668608,140503401668608,140503401668608,140503401668608,3446,3446,3446,3446,3446,3446,3446,3446,3446,
8,8,8,8,8,8,8,8,8,14,14,14,14,14,14,14,14,14,
0,0,0,0,0,0,0,0,0,3446,3446,3446,3446,3446,3446,3446,3446,3446,
9,9,9,9,9,9,9,9,9,23,23,23,23,23,23,23,23,23,
94007467486832,94007467486832,94007467486832,94007467486832,94007467486832,94007467486832,94007467486832,94007467486832,94007467486832,0,0,0,0,0,0,0,0,0,
11,11,11,11,11,11,11,11,11,25,25,25,25,25,25,25,25,25,
20001,20001,20001,20001,20001,20001,20001,20001,20001,140731257899721,140731257899721,140731257899721,140731257899721,140731257899721,140731257899721,140731257899721,140731257899721,140731257899721,
12,12,12,12,12,12,12,12,12,26,26,26,26,26,26,26,26,26,
20001,20001,20001,20001,20001,20001,20001,20001,20001,0,0,0,0,0,0,0,0,0,
13,13,13,13,13,13,13,13,13,31,31,31,31,31,31,31,31,31,
3446,3446,3446,3446,3446,3446,3446,3446,3446,140731257909197,140731257909197,140731257909197,140731257909197,140731257909197,140731257909197,140731257909197,140731257909197,140731257909197,
14,14,14,14,14,14,14,14,14,15,15,15,15,15,15,15,15,15,
3446,3446,3446,3446,3446,3446,3446,3446,3446,140731257899737,140731257899737,140731257899737,140731257899737,140731257899737,140731257899737,140731257899737,140731257899737,140731257899737,
23,23,23,23,23,23,23,23,23,0,0,0,0,0,0,0,0,0,
0,0,0,0,0,0,0,0,0,0,0,0,0,0,0,0,0,0,
25,25,25,25,25,25,25,25,25,16742872059865366016,16742872059865366016,16742872059865366016,16742872059865366016,16742872059865366016,16742872059865366016,16742872059865366016,16742872059865366016,16742872059865366016,
140731257899721,140731257899721,140731257899721,140731257899721,140731257899721,140731257899721,140731257899721,140731257899721,140731257899721,10739248264755170507,10739248264755170507,10739248264755170507,10739248264755170507,10739248264755170507,10739248264755170507,10739248264755170507,10739248264755170507,10739248264755170507,
26,26,26,26,26,26,26,26,26,14696481348417688,14696481348417688,14696481348417688,14696481348417688,14696481348417688,14696481348417688,14696481348417688,14696481348417688,14696481348417688,
0,0,0,0,0,0,0,0,0,0,0,0,0,0,0,0,0,0,
31,31,31,31,31,31,31,31,31,0,0,0,0,0,0,0,0,0,
140731257909197,140731257909197,140731257909197,140731257909197,140731257909197,140731257909197,140731257909197,140731257909197,140731257909197,0,0,0,0,0,0,0,0,0,
15,15,15,15,15,15,15,15,15,0,0,0,0,0,0,0,0,0,
140731257899737,140731257899737,140731257899737,140731257899737,140731257899737,140731257899737,140731257899737,140731257899737,140731257899737,0,0,0,0,0,0,0,0,0,
0,0,0,0,0,0,0,0,0,0,0,0,0,0,0,0,0,0,
0,0,0,0,0,0,0,0,0,0,0,0,0,0,0,0,0,0,
16742872059865366016,16742872059865366016,16742872059865366016,16742872059865366016,16742872059865366016,16742872059865366016,16742872059865366016,16742872059865366016,16742872059865366016,0,0,0,0,0,0,0,0,0,
10739248264755170507,10739248264755170507,10739248264755170507,10739248264755170507,10739248264755170507,10739248264755170507,10739248264755170507,10739248264755170507,10739248264755170507,0,0,0,0,0,0,0,0,0,
14696481348417688,14696481348417688,14696481348417688,14696481348417688,14696481348417688,14696481348417688,14696481348417688,14696481348417688,14696481348417688,0,0,0,0,0,0,0,0,0,
0,0,0,0,0,0,0,0,0,0,0,0,0,0,0,0,0,0,
0,0,0,0,0,0,0,0,0,0,0,0,0,0,0,0,0,0,
0,0,0,0,0,0,0,0,0,0,0,0,0,0,0,0,0,0,
0,0,0,0,0,0,0,0,0,0,0,0,0,0,0,0,0,0,
0,0,0,0,0,0,0,0,0,0,0,0,0,0,0,0,0,0,
0,0,0,0,0,0,0,0,0,0,0,0,0,0,0,0,0,0,
0,0,0,0,0,0,0,0,0,0,0,0,0,0,0,0,0,0,
0,0,0,0,0,0,0,0,0,0,0,0,0,0,0,0,0,0,
0,0,0,0,0,0,0,0,0,0,0,0,0,0,0,0,0,0,
0,0,0,0,0,0,0,0,0,0,0,0,0,0,0,0,0,0,
0,0,0,0,0,0,0,0,0,0,0,0,0,0,0,0,0,0,
0,0,0,0,0,0,0,0,0,0,0,0,0,0,0,0,0,0,
0,0,0,0,0,0,0,0,0,0,0,0,0,0,0,0,0,0,
0,0,0,0,0,0,0,0,0,0,0,0,0,0,0,0,0,0,
0,0,0,0,0,0,0,0,0,0,0,0,0,0,0,0,0,0,
0,0,0,0,0,0,0,0,0,0,0,0,0,0,0,0,0,0,
0,0,0,0,0,0,0,0,0,0,0,0,0,0,0,0,0,0,
0,0,0,0,0,0,0,0,0,0,0,0,0,0,0,0,0,0,
0,0,0,0,0,0,0,0,0,0,0,0,0,0,0,0,0,0,
0,0,0,0,0,0,0,0,0,0,0,0,0,0,0,0,0,0,
0,0,0,0,0,0,0,0,0,0,0,0,0,0,0,0,0,0,
0,0,0,0,0,0,0,0,0,0,0,0,0,0,0,0,0,0,
0,0,0,0,0,0,0,0,0,0,0,0,0,0,0,0,0,0,
0,0,0,0,0,0,0,0,0,0,0,0,0,0,0,0,0,0,
0,0,0,0,0,0,0,0,0,0,0,0,0,0,0,0,0,0,
0,0,0,0,0,0,0,0,0,0,0,0,0,0,0,0,0,0,
0,0,0,0,0,0,0,0,0,0,0,0,0,0,0,0,0,0,
0,0,0,0,0,0,0,0,0,0,0,0,0,0,0,0,0,0,
0,0,0,0,0,0,0,0,0,0,0,0,0,0,0,0,0,0,
0,0,0,0,0,0,0,0,0,0,0,0,0,0,0,0,0,0,
0,0,0,0,0,0,0,0,0,0,0,0,0,0,0,0,0,0,
0,0,0,0,0,0,0,0,0,0,0,0,0,0,0,0,0,0,
0,0,0,0,0,0,0,0,0,0,0,0,0,0,0,0,0,0,
0,0,0,0,0,0,0,0,0,0,0,0,0,0,0,0,0,0,
0,0,0,0,0,0,0,0,0,0,0,0,0,0,0,0,0,0,
0,0,0,0,0,0,0,0,0,0,0,0,0,0,0,0,0,0,
0,0,0,0,0,0,0,0,0,0,0,0,0,0,0,0,0,0,
0,0,0,0,0,0,0,0,0,0,0,0,0,0,0,0,0,0,
0,0,0,0,0,0,0,0,0,0,0,0,0,0,0,0,0,0,
0,0,0,0,0,0,0,0,0,0,0,0,0,0,0,0,0,0,
0,0,0,0,0,0,0,0,0,0,0,0,0,0,0,0,0,0,
0,0,0,0,0,0,0,0,0,0,0,0,0,0,0,0,0,0,
0,0,0,0,0,0,0,0,0,0,0,0,0,0,0,0,0,0,
0,0,0,0,0,0,0,0,0,0,0,0,0,0,0,0,0,0,
0,0,0,0,0,0,0,0,0,0,0,0,0,0,0,0,0,0,
0,0,0,0,0,0,0,0,0,0,0,0,0,0,0,0,0,0,
0,0,0,0,0,0,0,0,0,0,0,0,0,0,0,0,0,0,
0,0,0,0,0,0,0,0,0,0,0,0,0,0,0,0,0,0,
0,0,0,0,0,0,0,0,0,0,0,0,0,0,0,0,0,0,
0,0,0,0,0,0,0,0,0,0,0,0,0,0,0,0,0,0,
0,0,0,0,0,0,0,0,0,0,0,0,0,0,0,0,0,0,
0,0,0,0,0,0,0,0,0,0,0,0,0,0,0,0,0,0,
0,0,0,0,0,0,0,0,0,0,0,0,0,0,0,0,0,0,
0,0,0,0,0,0,0,0,0,0,0,0,0,0,0,0,0,0,
0,0,0,0,0,0,0,0,0,0,0,0,0,0,0,0,0,0,
0,0,0,0,0,0,0,0,0,0,0,0,0,0,0,0,0,0,
0,0,0,0,0,0,0,0,0,0,0,0,0,0,0,0,0,0,
0,0,0,0,0,0,0,0,0,0,0,0,0,0,0,0,0,0,
0,0,0,0,0,0,0,0,0,0,0,0,0,0,0,0,0,0,
0,0,0,0,0,0,0,0,0,0,0,0,0,0,0,0,0,0,
0,0,0,0,0,0,0,0,0,0,0,0,0,0,0,0,0,0,
0,0,0,0,0,0,0,0,0,0,0,0,0,0,0,0,0,0,
0,0,0,0,0,0,0,0,0,0,0,0,0,0,0,0,0,0,
0,0,0,0,0,0,0,0,0,0,0,0,0,0,0,0,0,0,
0,0,0,0,0,0,0,0,0,0,0,0,0,0,0,0,0,0,
0,0,0,0,0,0,0,0,0,0,0,0,0,0,0,0,0,0,
0,0,0,0,0,0,0,0,0,0,0,0,0,0,0,0,0,0,
0,0,0,0,0,0,0,0,0,0,0,0,0,0,0,0,0,0,
0,0,0,0,0,0,0,0,0,0,0,0,0,0,0,0,0,0,
0,0,0,0,0,0,0,0,0,0,0,0,0,0,0,0,0,0,
0,0,0,0,0,0,0,0,0,0,0,0,0,0,0,0,0,0,
0,0,0,0,0,0,0,0,0,0,0,0,0,0,0,0,0,0,
0,0,0,0,0,0,0,0,0,0,0,0,0,0,0,0,0,0,
0,0,0,0,0,0,0,0,0,0,0,0,0,0,0,0,0,0,
0,0,0,0,0,0,0,0,0,0,0,0,0,0,0,0,0,0,
0,0,0,0,0,0,0,0,0,0,0,0,0,0,0,0,0,0,
0,0,0,0,0,0,0,0,0,0,0,0,0,0,0,0,0,0,
0,0,0,0,0,0,0,0,0,0,0,0,0,0,0,0,0,0,
0,0,0,0,0,0,0,0,0,0,0,0,0,0,0,0,0,0,
0,0,0,0,0,0,0,0,0,0,0,0,0,0,0,0,0,0,
0,0,0,0,0,0,0,0,0,0,0,0,0,0,0,0,0,0,
0,0,0,0,0,0,0,0,0,0,0,0,0,0,0,0,0,0,
0,0,0,0,0,0,0,0,0,0,0,0,0,0,0,0,0,0,
0,0,0,0,0,0,0,0,0,0,0,0,0,0,0,0,0,0,
0,0,0,0,0,0,0,0,0,0,0,0,0,0,0,0,0,0,
0,0,0,0,0,0,0,0,0,0,0,0,0,0,0,0,0,0,
0,0,0,0,0,0,0,0,0,0,0,0,0,0,0,0,0,0,
0,0,0,0,0,0,0,0,0,0,0,0,0,0,0,0,0,0,
0,0,0,0,0,0,0,0,0,0,0,0,0,0,0,0,0,0,
0,0,0,0,0,0,0,0,0,0,0,0,0,0,0,0,0,0,
0,0,0,0,0,0,0,0,0,0,0,0,0,0,0,0,0,0,
0,0,0,0,0,0,0,0,0,0,0,0,0,0,0,0,0,0,
0,0,0,0,0,0,0,0,0,0,0,0,0,0,0,0,0,0,
0,0,0,0,0,0,0,0,0,0,0,0,0,0,0,0,0,0,
0,0,0,0,0,0,0,0,0,0,0,0,0,0,0,0,0,0,
0,0,0,0,0,0,0,0,0,0,0,0,0,0,0,0,0,0,
0,0,0,0,0,0,0,0,0,0,0,0,0,0,0,0,0,0,
0,0,0,0,0,0,0,0,0,0,0,0,0,0,0,0,0,0,
0,0,0,0,0,0,0,0,0,0,0,0,0,0,0,0,0,0,
0,0,0,0,0,0,0,0,0,0,0,0,0,0,0,0,0,0,
0,0,0,0,0,0,0,0,0,0,0,0,0,0,0,0,0,0,
0,0,0,0,0,0,0,0,0,0,0,0,0,0,0,0,0,0,
0,0,0,0,0,0,0,0,0,0,0,0,0,0,0,0,0,0,
0,0,0,0,0,0,0,0,0,0,0,0,0,0,0,0,0,0,
0,0,0,0,0,0,0,0,0,0,0,0,0,0,0,0,0,0,
0,0,0,0,0,0,0,0,0,0,0,0,0,0,0,0,0,0,
0,0,0,0,0,0,0,0,0,0,0,0,0,0,0,0,0,0,
0,0,0,0,0,0,0,0,0,0,0,0,0,0,0,0,0,0,
0,0,0,0,0,0,0,0,0,0,0,0,0,0,0,0,0,0,
0,0,0,0,0,0,0,0,0,0,0,0,0,0,0,0,0,0,
0,0,0,0,0,0,0,0,0,0,0,0,0,0,0,0,0,0,
0,0,0,0,0,0,0,0,0,0,0,0,0,0,0,0,0,0,
0,0,0,0,0,0,0,0,0,0,0,0,0,0,0,0,0,0,
0,0,0,0,0,0,0,0,0,0,0,0,0,0,0,0,0,0,
0,0,0,0,0,0,0,0,0,0,0,0,0,0,0,0,0,0,
0,0,0,0,0,0,0,0,0,0,0,0,0,0,0,0,0,0,
0,0,0,0,0,0,0,0,0,0,0,0,0,0,0,0,0,0,
0,0,0,0,0,0,0,0,0,0,0,0,0,0,0,0,0,0,
0,0,0,0,0,0,0,0,0,0,0,0,0,0,0,0,0,0,
0,0,0,0,0,0,0,0,0,0,0,0,0,0,0,0,0,0,
0,0,0,0,0,0,0,0,0,0,0,0,0,0,0,0,0,0,
0,0,0,0,0,0,0,0,0,0,0,0,0,0,0,0,0,0,
0,0,0,0,0,0,0,0,0,0,0,0,0,0,0,0,0,0,
0,0,0,0,0,0,0,0,0,0,0,0,0,0,0,0,0,0,
0,0,0,0,0,0,0,0,0,0,0,0,0,0,0,0,0,0,
0,0,0,0,0,0,0,0,0,0,0,0,0,0,0,0,0,0,
0,0,0,0,0,0,0,0,0,0,0,0,0,0,0,0,0,0,
0,0,0,0,0,0,0,0,0,0,0,0,0,0,0,0,0,0,
0,0,0,0,0,0,0,0,0,0,0,0,0,0,0,0,0,0,
0,0,0,0,0,0,0,0,0,0,0,0,0,0,0,0,0,0,
0,0,0,0,0,0,0,0,0,0,0,0,0,0,0,0,0,0,
0,0,0,0,0,0,0,0,0,0,0,0,0,0,0,0,0,0,
0,0,0,0,0,0,0,0,0,0,0,0,0,0,0,0,0,0,
0,0,0,0,0,0,0,0,0,0,0,0,0,0,0,0,0,0,
0,0,0,0,0,0,0,0,0,0,0,0,0,0,0,0,0,0,
0,0,0,0,0,0,0,0,0,0,0,0,0,0,0,0,0,0,
0,0,0,0,0,0,0,0,0,0,0,0,0,0,0,0,0,0,
0,0,0,0,0,0,0,0,0,0,0,0,0,0,0,0,0,0,
0,0,0,0,0,0,0,0,0,0,0,0,0,0,0,0,0,0,
0,0,0,0,0,0,0,0,0,0,0,0,0,0,0,0,0,0,
0,0,0,0,0,0,0,0,0,0,0,0,0,0,0,0,0,0,
0,0,0,0,0,0,0,0,0,0,0,0,0,0,0,0,0,0,
0,0,0,0,0,0,0,0,0,0,0,0,0,0,0,0,0,0,
0,0,0,0,0,0,0,0,0,0,0,0,0,0,0,0,0,0,
0,0,0,0,0,0,0,0,0,0,0,0,0,0,0,0,0,0,
0,0,0,0,0,0,0,0,0,0,0,0,0,0,0,0,0,0,
0,0,0,0,0,0,0,0,0,0,0,0,0,0,0,0,0,0,
0,0,0,0,0,0,0,0,0,0,0,0,0,0,0,0,0,0,
0,0,0,0,0,0,0,0,0,0,0,0,0,0,0,0,0,0,
0,0,0,0,0,0,0,0,0,0,0,0,0,0,0,0,0,0,
0,0,0,0,0,0,0,0,0,0,0,0,0,0,0,0,0,0,
0,0,0,0,0,0,0,0,0,0,0,0,0,0,0,0,0,0,
0,0,0,0,0,0,0,0,0,0,0,0,0,0,0,0,0,0,
0,0,0,0,0,0,0,0,0,0,0,0,0,0,0,0,0,0,
0,0,0,0,0,0,0,0,0,0,0,0,0,0,0,0,0,0,
0,0,0,0,0,0,0,0,0,0,0,0,0,0,0,0,0,0,
0,0,0,0,0,0,0,0,0,0,0,0,0,0,0,0,0,0,
0,0,0,0,0,0,0,0,0,0,0,0,0,0,0,0,0,0,
0,0,0,0,0,0,0,0,0,0,0,0,0,0,0,0,0,0,
0,0,0,0,0,0,0,0,0,0,0,0,0,0,0,0,0,0,
0,0,0,0,0,0,0,0,0,0,0,0,0,0,0,0,0,0,
0,0,0,0,0,0,0,0,0,0,0,0,0,0,0,0,0,0,
0,0,0,0,0,0,0,0,0,0,0,0,0,0,0,0,0,0,
0,0,0,0,0,0,0,0,0,0,0,0,0,0,0,0,0,0,
0,0,0,0,0,0,0,0,0,0,0,0,0,0,0,0,0,0,
0,0,0,0,0,0,0,0,0,0,0,0,0,0,0,0,0,0,
0,0,0,0,0,0,0,0,0,0,0,0,0,0,0,0,0,0,
0,0,0,0,0,0,0,0,0,0,0,0,0,0,0,0,0,0,
0,0,0,0,0,0,0,0,0,0,0,0,0,0,0,0,0,0,
0,0,0,0,0,0,0,0,0,0,0,0,0,0,0,0,0,0,
0,0,0,0,0,0,0,0,0,0,0,0,0,0,0,0,0,0,
0,0,0,0,0,0,0,0,0,0,0,0,0,0,0,0,0,0,
0,0,0,0,0,0,0,0,0,0,0,0,0,0,0,0,0,0,
0,0,0,0,0,0,0,0,0,0,0,0,0,0,0,0,0,0,
0,0,0,0,0,0,0,0,0,0,0,0,0,0,0,0,0,0,
0,0,0,0,0,0,0,0,0,0,0,0,0,0,0,0,0,0,
0,0,0,0,0,0,0,0,0,0,0,0,0,0,0,0,0,0,
0,0,0,0,0,0,0,0,0,0,0,0,0,0,0,0,0,0,
0,0,0,0,0,0,0,0,0,0,0,0,0,0,0,0,0,0,
0,0,0,0,0,0,0,0,0,0,0,0,0,0,0,0,0,0,
0,0,0,0,0,0,0,0,0,0,0,0,0,0,0,0,0,0,
0,0,0,0,0,0,0,0,0,0,0,0,0,0,0,0,0,0,
0,0,0,0,0,0,0,0,0,0,0,0,0,0,0,0,0,0,
0,0,0,0,0,0,0,0,0,0,0,0,0,0,0,0,0,0,
0,0,0,0,0,0,0,0,0,0,0,0,0,0,0,0,0,0,
0,0,0,0,0,0,0,0,0,0,0,0,0,0,0,0,0,0,
0,0,0,0,0,0,0,0,0,0,0,0,0,0,0,0,0,0,
0,0,0,0,0,0,0,0,0,0,0,0,0,0,0,0,0,0,
0,0,0,0,0,0,0,0,0,0,0,0,0,0,0,0,0,0,
0,0,0,0,0,0,0,0,0,0,0,0,0,0,0,0,0,0,
0,0,0,0,0,0,0,0,0,0,0,0,0,0,0,0,0,0,
0,0,0,0,0,0,0,0,0,0,0,0,0,0,0,0,0,0,
0,0,0,0,0,0,0,0,0,0,0,0,0,0,0,0,0,0,
0,0,0,0,0,0,0,0,0,0,0,0,0,0,0,0,0,0,
0,0,0,0,0,0,0,0,0,0,0,0,0,0,0,0,0,0,
0,0,0,0,0,0,0,0,0,0,0,0,0,0,0,0,0,0,
0,0,0,0,0,0,0,0,0,0,0,0,0,0,0,0,0,0,
0,0,0,0,0,0,0,0,0,0,0,0,0,0,0,0,0,0,
0,0,0,0,0,0,0,0,0,0,0,0,0,0,0,0,0,0,
0,0,0,0,0,0,0,0,0,0,0,0,0,0,0,0,0,0,
0,0,0,0,0,0,0,0,0,0,0,0,0,0,0,0,0,0,
0,0,0,0,0,0,0,0,0,0,0,0,0,0,0,0,0,0,
0,0,0,0,0,0,0,0,0,0,0,0,0,0,0,0,0,0,
0,0,0,0,0,0,0,0,0,0,0,0,0,0,0,0,0,0,
0,0,0,0,0,0,0,0,0,0,0,0,0,0,0,0,0,0,
0,0,0,0,0,0,0,0,0,0,0,0,0,0,0,0,0,0,
0,0,0,0,0,0,0,0,0,0,0,0,0,0,0,0,0,0,
0,0,0,0,0,0,0,0,0,0,0,0,0,0,0,0,0,0,
0,0,0,0,0,0,0,0,0,0,0,0,0,0,0,0,0,0,
0,0,0,0,0,0,0,0,0,0,0,0,0,0,0,0,0,0,
0,0,0,0,0,0,0,0,0,0,0,0,0,0,0,0,0,0,
0,0,0,0,0,0,0,0,0,0,0,0,0,0,0,0,0,0,
0,0,0,0,0,0,0,0,0,0,0,0,0,0,0,0,0,0,
0,0,0,0,0,0,0,0,0,0,0,0,0,0,0,0,0,0,
0,0,0,0,0,0,0,0,0,0,0,0,0,0,0,0,0,0,
0,0,0,0,0,0,0,0,0,0,0,0,0,0,0,0,0,0,
0,0,0,0,0,0,0,0,0,0,0,0,0,0,0,0,0,0,
0,0,0,0,0,0,0,0,0,0,0,0,0,0,0,0,0,0,
0,0,0,0,0,0,0,0,0,0,0,0,0,0,0,0,0,0,
0,0,0,0,0,0,0,0,0,0,0,0,0,0,0,0,0,0,
0,0,0,0,0,0,0,0,0,0,0,0,0,0,0,0,0,0,
0,0,0,0,0,0,0,0,0,0,0,0,0,0,0,0,0,0,
0,0,0,0,0,0,0,0,0,0,0,0,0,0,0,0,0,0,
0,0,0,0,0,0,0,0,0,0,0,0,0,0,0,0,0,0,
0,0,0,0,0,0,0,0,0,0,0,0,0,0,0,0,0,0,
0,0,0,0,0,0,0,0,0,0,0,0,0,0,0,0,0,0,
0,0,0,0,0,0,0,0,0,0,0,0,0,0,0,0,0,0,
0,0,0,0,0,0,0,0,0,0,0,0,0,0,0,0,0,0,
0,0,0,0,0,0,0,0,0,0,0,0,0,0,0,0,0,0,
0,0,0,0,0,0,0,0,0,0,0,0,0,0,0,0,0,0,
0,0,0,0,0,0,0,0,0,0,0,0,0,0,0,0,0,0,
0,0,0,0,0,0,0,0,0,0,0,0,0,0,0,0,0,0,
0,0,0,0,0,0,0,0,0,0,0,0,0,0,0,0,0,0,
0,0,0,0,0,0,0,0,0,0,0,0,0,0,0,0,0,0,
0,0,0,0,0,0,0,0,0,0,0,0,0,0,0,0,0,0,
0,0,0,0,0,0,0,0,0,0,0,0,0,0,0,0,0,0,
0,0,0,0,0,0,0,0,0,0,0,0,0,0,0,0,0,0,
0,0,0,0,0,0,0,0,0,0,0,0,0,0,0,0,0,0,
0,0,0,0,0,0,0,0,0,0,0,0,0,0,0,0,0,0,
0,0,0,0,0,0,0,0,0,0,0,0,0,0,0,0,0,0,
0,0,0,0,0,0,0,0,0,0,0,0,0,0,0,0,0,0,
0,0,0,0,0,0,0,0,0,0,0,0,0,0,0,0,0,0,
0,0,0,0,0,0,0,0,0,0,0,0,0,0,0,0,0,0,
0,0,0,0,0,0,0,0,0,0,0,0,0,0,0,0,0,0,
0,0,0,0,0,0,0,0,0,0,0,0,0,0,0,0,0,0,
0,0,0,0,0,0,0,0,0,0,0,0,0,0,0,0,0,0,
0,0,0,0,0,0,0,0,0,0,0,0,0,0,0,0,0,0,
0,0,0,0,0,0,0,0,0,0,0,0,0,0,0,0,0,0,
0,0,0,0,0,0,0,0,0,0,0,0,0,0,0,0,0,0,
0,0,0,0,0,0,0,0,0,0,0,0,0,0,0,0,0,0,
0,0,0,0,0,0,0,0,0,0,0,0,0,0,0,0,0,0,
0,0,0,0,0,0,0,0,0,0,0,0,0,0,0,0,0,0,
0,0,0,0,0,0,0,0,0,0,0,0,0,0,0,0,0,0,
0,0,0,0,0,0,0,0,0,0,0,0,0,0,0,0,0,0,
0,0,0,0,0,0,0,0,0,0,0,0,0,0,0,0,0,0,
0,0,0,0,0,0,0,0,0,0,0,0,0,0,0,0,0,0,
0,0,0,0,0,0,0,0,0,0,0,0,0,0,0,0,0,0,
0,0,0,0,0,0,0,0,0,0,0,0,0,0,0,0,0,0,
0,0,0,0,0,0,0,0,0,0,0,0,0,0,0,0,0,0,
0,0,0,0,0,0,0,0,0,0,0,0,0,0,0,0,0,0,
0,0,0,0,0,0,0,0,0,0,0,0,0,0,0,0,0,0,
0,0,0,0,0,0,0,0,0,0,0,0,0,0,0,0,0,0,
0,0,0,0,0,0,0,0,0,0,0,0,0,0,0,0,0,0,
0,0,0,0,0,0,0,0,0,0,0,0,0,0,0,0,0,0,
0,0,0,0,0,0,0,0,0,0,0,0,0,0,0,0,0,0,
0,0,0,0,0,0,0,0,0,0,0,0,0,0,0,0,0,0,
0,0,0,0,0,0,0,0,0,0,0,0,0,0,0,0,0,0,
0,0,0,0,0,0,0,0,0,0,0,0,0,0,0,0,0,0,
0,0,0,0,0,0,0,0,0,0,0,0,0,0,0,0,0,0,
0,0,0,0,0,0,0,0,0,0,0,0,0,0,0,0,0,0,
0,0,0,0,0,0,0,0,0,0,0,0,0,0,0,0,0,0,
0,0,0,0,0,0,0,0,0,0,0,0,0,0,0,0,0,0,
0,0,0,0,0,0,0,0,0,0,0,0,0,0,0,0,0,0,
0,0,0,0,0,0,0,0,0,0,0,0,0,0,0,0,0,0,
0,0,0,0,0,0,0,0,0,0,0,0,0,0,0,0,0,0,
0,0,0,0,0,0,0,0,0,0,0,0,0,0,0,0,0,0,
0,0,0,0,0,0,0,0,0,0,0,0,0,0,0,0,0,0,
0,0,0,0,0,0,0,0,0,0,0,0,0,0,0,0,0,0,
0,0,0,0,0,0,0,0,0,0,0,0,0,0,0,0,0,0,
0,0,0,0,0,0,0,0,0,0,0,0,0,0,0,0,0,0,
0,0,0,0,0,0,0,0,0,0,0,0,0,0,0,0,0,0,
0,0,0,0,0,0,0,0,0,0,0,0,0,0,0,0,0,0,
0,0,0,0,0,0,0,0,0,0,0,0,0,0,0,0,0,0,
0,0,0,0,0,0,0,0,0,0,0,0,0,0,0,0,0,0,
0,0,0,0,0,0,0,0,0,0,0,0,0,0,0,0,0,0,
0,0,0,0,0,0,0,0,0,0,0,0,0,0,0,0,0,0,
0,0,0,0,0,0,0,0,0,0,0,0,0,0,0,0,0,0,
0,0,0,0,0,0,0,0,0,0,0,0,0,0,0,0,0,0,
0,0,0,0,0,0,0,0,0,0,0,0,0,0,0,0,0,0,
0,0,0,0,0,0,0,0,0,0,0,0,0,0,0,0,0,0,
0,0,0,0,0,0,0,0,0,0,0,0,0,0,0,0,0,0,
0,0,0,0,0,0,0,0,0,0,0,0,0,0,0,0,0,0,
0,0,0,0,0,0,0,0,0,0,0,0,0,0,0,0,0,0,
0,0,0,0,0,0,0,0,0,0,0,0,0,0,0,0,0,0,
0,0,0,0,0,0,0,0,0,0,0,0,0,0,0,0,0,0,
0,0,0,0,0,0,0,0,0,0,0,0,0,0,0,0,0,0,
0,0,0,0,0,0,0,0,0,0,0,0,0,0,0,0,0,0,
0,0,0,0,0,0,0,0,0,0,0,0,0,0,0,0,0,0,
0,0,0,0,0,0,0,0,0,0,0,0,0,0,0,0,0,0,
0,0,0,0,0,0,0,0,0,0,0,0,0,0,0,0,0,0,
0,0,0,0,0,0,0,0,0,0,0,0,0,0,0,0,0,0,
0,0,0,0,0,0,0,0,0,0,0,0,0,0,0,0,0,0,
0,0,0,0,0,0,0,0,0,0,0,0,0,0,0,0,0,0,
0,0,0,0,0,0,0,0,0,0,0,0,0,0,0,0,0,0,
0,0,0,0,0,0,0,0,0,0,0,0,0,0,0,0,0,0,
0,0,0,0,0,0,0,0,0,0,0,0,0,0,0,0,0,0,
0,0,0,0,0,0,0,0,0,0,0,0,0,0,0,0,0,0,
0,0,0,0,0,0,0,0,0,0,0,0,0,0,0,0,0,0,
0,0,0,0,0,0,0,0,0,0,0,0,0,0,0,0,0,0,
0,0,0,0,0,0,0,0,0,0,0,0,0,0,0,0,0,0,
0,0,0,0,0,0,0,0,0,0,0,0,0,0,0,0,0,0,
0,0,0,0,0,0,0,0,0,0,0,0,0,0,0,0,0,0,
0,0,0,0,0,0,0,0,0,0,0,0,0,0,0,0,0,0,
0,0,0,0,0,0,0,0,0,0,0,0,0,0,0,0,0,0,
0,0,0,0,0,0,0,0,0,0,0,0,0,0,0,0,0,0,
0,0,0,0,0,0,0,0,0,0,0,0,0,0,0,0,0,0,
0,0,0,0,0,0,0,0,0,0,0,0,0,0,0,0,0,0,
0,0,0,0,0,0,0,0,0,0,0,0,0,0,0,0,0,0,
0,0,0,0,0,0,0,0,0,0,0,0,0,0,0,0,0,0,
0,0,0,0,0,0,0,0,0,0,0,0,0,0,0,0,0,0,
0,0,0,0,0,0,0,0,0,0,0,0,0,0,0,0,0,0,
0,0,0,0,0,0,0,0,0,0,0,0,0,0,0,0,0,0,
0,0,0,0,0,0,0,0,0,0,0,0,0,0,0,0,0,0,
0,0,0,0,0,0,0,0,0,0,0,0,0,0,0,0,0,0,
0,0,0,0,0,0,0,0,0,0,0,0,0,0,0,0,0,0,
0,0,0,0,0,0,0,0,0,0,0,0,0,0,0,0,0,0,
0,0,0,0,0,0,0,0,0,0,0,0,0,0,0,0,0,0,
0,0,0,0,0,0,0,0,0,0,0,0,0,0,0,0,0,0,
0,0,0,0,0,0,0,0,0,0,0,0,0,0,0,0,0,0,
0,0,0,0,0,0,0,0,0,0,0,0,0,0,0,0,0,0,
0,0,0,0,0,0,0,0,0,0,0,0,0,0,0,0,0,0,
0,0,0,0,0,0,0,0,0,0,0,0,0,0,0,0,0,0,
0,0,0,0,0,0,0,0,0,0,0,0,0,0,0,0,0,0,
0,0,0,0,0,0,0,0,0,0,0,0,0,0,0,0,0,0,
0,0,0,0,0,0,0,0,0,0,0,0,0,0,0,0,0,0,
0,0,0,0,0,0,0,0,0,0,0,0,0,0,0,0,0,0,
0,0,0,0,0,0,0,0,0,0,0,0,0,0,0,0,0,0,
0,0,0,0,0,0,0,0,0,0,0,0,0,0,0,0,0,0,
0,0,0,0,0,0,0,0,0,0,0,0,0,0,0,0,0,0,
0,0,0,0,0,0,0,0,0,0,0,0,0,0,0,0,0,0,
0,0,0,0,0,0,0,0,0,0,0,0,0,0,0,0,0,0,
0,0,0,0,0,0,0,0,0,0,0,0,0,0,0,0,0,0,
0,0,0,0,0,0,0,0,0,0,0,0,0,0,0,0,0,0,
0,0,0,0,0,0,0,0,0,0,0,0,0,0,0,0,0,0,
0,0,0,0,0,0,0,0,0,0,0,0,0,0,0,0,0,0,
0,0,0,0,0,0,0,0,0,0,0,0,0,0,0,0,0,0,
0,0,0,0,0,0,0,0,0,0,0,0,0,0,0,0,0,0,
0,0,0,0,0,0,0,0,0,0,0,0,0,0,0,0,0,0,
0,0,0,0,0,0,0,0,0,0,0,0,0,0,0,0,0,0,
0,0,0,0,0,0,0,0,0,0,0,0,0,0,0,0,0,0,
0,0,0,0,0,0,0,0,0,0,0,0,0,0,0,0,0,0,
0,0,0,0,0,0,0,0,0,0,0,0,0,0,0,0,0,0,
0,0,0,0,0,0,0,0,0,0,0,0,0,0,0,0,0,0,
0,0,0,0,0,0,0,0,0,0,0,0,0,0,0,0,0,0,
0,0,0,0,0,0,0,0,0,0,0,0,0,0,0,0,0,0,
0,0,0,0,0,0,0,0,0,0,0,0,0,0,0,0,0,0,
0,0,0,0,0,0,0,0,0,0,0,0,0,0,0,0,0,0,
0,0,0,0,0,0,0,0,0,0,0,0,0,0,0,0,0,0,
0,0,0,0,0,0,0,0,0,0,0,0,0,0,0,0,0,0,
0,0,0,0,0,0,0,0,0,0,0,0,0,0,0,0,0,0,
0,0,0,0,0,0,0,0,0,0,0,0,0,0,0,0,0,0,
0,0,0,0,0,0,0,0,0,0,0,0,0,0,0,0,0,0,
0,0,0,0,0,0,0,0,0,0,0,0,0,0,0,0,0,0,
0,0,0,0,0,0,0,0,0,0,0,0,0,0,0,0,0,0,
0,0,0,0,0,0,0,0,0,0,0,0,0,0,0,0,0,0,
0,0,0,0,0,0,0,0,0,0,0,0,0,0,0,0,0,0,
0,0,0,0,0,0,0,0,0,0,0,0,0,0,0,0,0,0,
0,0,0,0,0,0,0,0,0,0,0,0,0,0,0,0,0,0,
0,0,0,0,0,0,0,0,0,0,0,0,0,0,0,0,0,0,
0,0,0,0,0,0,0,0,0,0,0,0,0,0,0,0,0,0,
0,0,0,0,0,0,0,0,0,0,0,0,0,0,0,0,0,0,
0,0,0,0,0,0,0,0,0,0,0,0,0,0,0,0,0,0,
0,0,0,0,0,0,0,0,0,0,0,0,0,0,0,0,0,0,
0,0,0,0,0,0,0,0,0,0,0,0,0,0,0,0,0,0,
0,0,0,0,0,0,0,0,0,0,0,0,0,0,0,0,0,0,
0,0,0,0,0,0,0,0,0,0,0,0,0,0,0,0,0,0,
0,0,0,0,0,0,0,0,0,0,0,0,0,0,0,0,0,0,
0,0,0,0,0,0,0,0,0,0,0,0,0,0,0,0,0,0,
0,0,0,0,0,0,0,0,0,0,0,0,0,0,0,0,0,0,
0,0,0,0,0,0,0,0,0,0,0,0,0,0,0,0,0,0,
0,0,0,0,0,0,0,0,0,0,0,0,0,0,0,0,0,0,
0,0,0,0,0,0,0,0,0,0,0,0,0,0,0,0,0,0,
0,0,0,0,0,0,0,0,0,0,0,0,0,0,0,0,0,0,
0,0,0,0,0,0,0,0,0,0,0,0,0,0,0,0,0,0,
0,0,0,0,0,0,0,0,0,0,0,0,0,0,0,0,0,0,
0,0,0,0,0,0,0,0,0,0,0,0,0,0,0,0,0,0,
0,0,0,0,0,0,0,0,0,0,0,0,0,0,0,0,0,0,
0,0,0,0,0,0,0,0,0,0,0,0,0,0,0,0,0,0,
0,0,0,0,0,0,0,0,0,0,0,0,0,0,0,0,0,0,
0,0,0,0,0,0,0,0,0,0,0,0,0,0,0,0,0,0,
0,0,0,0,0,0,0,0,0,0,0,0,0,0,0,0,0,0,
0,0,0,0,0,0,0,0,0,0,0,0,0,0,0,0,0,0,
0,0,0,0,0,0,0,0,0,0,0,0,0,0,0,0,0,0,
0,0,0,0,0,0,0,0,0,0,0,0,0,0,0,0,0,0,
0,0,0,0,0,0,0,0,0,0,0,0,0,0,0,0,0,0,
0,0,0,0,0,0,0,0,0,0,0,0,0,0,0,0,0,0,
0,0,0,0,0,0,0,0,0,0,0,0,0,0,0,0,0,0,
0,0,0,0,0,0,0,0,0,0,0,0,0,0,0,0,0,0,
0,0,0,0,0,0,0,0,0,0,0,0,0,0,0,0,0,0,
0,0,0,0,0,0,0,0,0,0,0,0,0,0,0,0,0,0,
0,0,0,0,0,0,0,0,0,0,0,0,0,0,0,0,0,0,
0,0,0,0,0,0,0,0,0,0,0,0,0,0,0,0,0,0,
0,0,0,0,0,0,0,0,0,0,0,0,0,0,0,0,0,0,
0,0,0,0,0,0,0,0,0,0,0,0,0,0,0,0,0,0,
0,0,0,0,0,0,0,0,0,0,0,0,0,0,0,0,0,0,
0,0,0,0,0,0,0,0,0,0,0,0,0,0,0,0,0,0,
0,0,0,0,0,0,0,0,0,0,0,0,0,0,0,0,0,0,
0,0,0,0,0,0,0,0,0,0,0,0,0,0,0,0,0,0,
0,0,0,0,0,0,0,0,0,0,0,0,0,0,0,0,0,0,
0,0,0,0,0,0,0,0,0,0,0,0,0,0,0,0,0,0,
0,0,0,0,0,0,0,0,0,0,0,0,0,0,0,0,0,0,
0,0,0,0,0,0,0,0,0,0,0,0,0,0,0,0,0,0,
0,0,0,0,0,0,0,0,0,0,0,0,0,0,0,0,0,0,
0,0,0,0,0,0,0,0,0,0,0,0,0,0,0,0,0,0,
0,0,0,0,0,0,0,0,0,0,0,0,0,0,0,0,0,0,
0,0,0,0,0,0,0,0,0,0,0,0,0,0,0,0,0,0,
0,0,0,0,0,0,0,0,0,0,0,0,0,0,0,0,0,0,
0,0,0,0,0,0,0,0,0,0,0,0,0,0,0,0,0,0,
0,0,0,0,0,0,0,0,0,0,0,0,0,0,0,0,0,0,
0,0,0,0,0,0,0,0,0,0,0,0,0,0,0,0,0,0,
0,0,0,0,0,0,0,0,0,0,0,0,0,0,0,0,0,0,
0,0,0,0,0,0,0,0,0,0,0,0,0,0,0,0,0,0,
0,0,0,0,0,0,0,0,0,0,0,0,0,0,0,0,0,0,
0,0,0,0,0,0,0,0,0,0,0,0,0,0,0,0,0,0,
0,0,0,0,0,0,0,0,0,0,0,0,0,0,0,0,0,0,
0,0,0,0,0,0,0,0,0,0,0,0,0,0,0,0,0,0,
0,0,0,0,0,0,0,0,0,0,0,0,0,0,0,0,0,0,
0,0,0,0,0,0,0,0,0,0,0,0,0,0,0,0,0,0,
0,0,0,0,0,0,0,0,0,0,0,0,0,0,0,0,0,0,
0,0,0,0,0,0,0,0,0,0,0,0,0,0,0,0,0,0,
0,0,0,0,0,0,0,0,0,0,0,0,0,0,0,0,0,0,
0,0,0,0,0,0,0,0,0,0,0,0,0,0,0,0,0,0,
0,0,0,0,0,0,0,0,0,0,0,0,0,0,0,0,0,0,
0,0,0,0,0,0,0,0,0,0,0,0,0,0,0,0,0,0,
0,0,0,0,0,0,0,0,0,0,0,0,0,0,0,0,0,0,
0,0,0,0,0,0,0,0,0,0,0,0,0,0,0,0,0,0,
0,0,0,0,0,0,0,0,0,0,0,0,0,0,0,0,0,0,
0,0,0,0,0,0,0,0,0,0,0,0,0,0,0,0,0,0,
0,0,0,0,0,0,0,0,0,0,0,0,0,0,0,0,0,0,
0,0,0,0,0,0,0,0,0,0,0,0,0,0,0,0,0,0,
0,0,0,0,0,0,0,0,0,0,0,0,0,0,0,0,0,0,
0,0,0,0,0,0,0,0,0,0,0,0,0,0,0,0,0,0,
0,0,0,0,0,0,0,0,0,0,0,0,0,0,0,0,0,0,
0,0,0,0,0,0,0,0,0,0,0,0,0,0,0,0,0,0,
0,0,0,0,0,0,0,0,0,0,0,0,0,0,0,0,0,0,
0,0,0,0,0,0,0,0,0,0,0,0,0,0,0,0,0,0,
0,0,0,0,0,0,0,0,0,0,0,0,0,0,0,0,0,0,
0,0,0,0,0,0,0,0,0,0,0,0,0,0,0,0,0,0,
0,0,0,0,0,0,0,0,0,0,0,0,0,0,0,0,0,0,
0,0,0,0,0,0,0,0,0,0,0,0,0,0,0,0,0,0,
0,0,0,0,0,0,0,0,0,0,0,0,0,0,0,0,0,0,
0,0,0,0,0,0,0,0,0,0,0,0,0,0,0,0,0,0,
0,0,0,0,0,0,0,0,0,0,0,0,0,0,0,0,0,0,
0,0,0,0,0,0,0,0,0,0,0,0,0,0,0,0,0,0,
0,0,0,0,0,0,0,0,0,0,0,0,0,0,0,0,0,0,
0,0,0,0,0,0,0,0,0,0,0,0,0,0,0,0,0,0,
0,0,0,0,0,0,0,0,0,0,0,0,0,0,0,0,0,0,
0,0,0,0,0,0,0,0,0,0,0,0,0,0,0,0,0,0,
0,0,0,0,0,0,0,0,0,0,0,0,0,0,0,0,0,0,
0,0,0,0,0,0,0,0,0,0,0,0,0,0,0,0,0,0,
0,0,0,0,0,0,0,0,0,0,0,0,0,0,0,0,0,0,
0,0,0,0,0,0,0,0,0,0,0,0,0,0,0,0,0,0,
0,0,0,0,0,0,0,0,0,0,0,0,0,0,0,0,0,0,
0,0,0,0,0,0,0,0,0,0,0,0,0,0,0,0,0,0,
0,0,0,0,0,0,0,0,0,0,0,0,0,0,0,0,0,0,
0,0,0,0,0,0,0,0,0,0,0,0,0,0,0,0,0,0,
0,0,0,0,0,0,0,0,0,0,0,0,0,0,0,0,0,0,
0,0,0,0,0,0,0,0,0,0,0,0,0,0,0,0,0,0,
0,0,0,0,0,0,0,0,0,0,0,0,0,0,0,0,0,0,
0,0,0,0,0,0,0,0,0,0,0,0,0,0,0,0,0,0,
0,0,0,0,0,0,0,0,0,0,0,0,0,0,0,0,0,0,
0,0,0,0,0,0,0,0,0,0,0,0,0,0,0,0,0,0,
0,0,0,0,0,0,0,0,0,0,0,0,0,0,0,0,0,0,
0,0,0,0,0,0,0,0,0,0,0,0,0,0,0,0,0,0,
0,0,0,0,0,0,0,0,0,0,0,0,0,0,0,0,0,0,
0,0,0,0,0,0,0,0,0,0,0,0,0,0,0,0,0,0,
0,0,0,0,0,0,0,0,0,0,0,0,0,0,0,0,0,0,
0,0,0,0,0,0,0,0,0,0,0,0,0,0,0,0,0,0,
0,0,0,0,0,0,0,0,0,0,0,0,0,0,0,0,0,0,
0,0,0,0,0,0,0,0,0,0,0,0,0,0,0,0,0,0,
0,0,0,0,0,0,0,0,0,0,0,0,0,0,0,0,0,0,
0,0,0,0,0,0,0,0,0,0,0,0,0,0,0,0,0,0,
0,0,0,0,0,0,0,0,0,0,0,0,0,0,0,0,0,0,
0,0,0,0,0,0,0,0,0,0,0,0,0,0,0,0,0,0,
0,0,0,0,0,0,0,0,0,0,0,0,0,0,0,0,0,0,
0,0,0,0,0,0,0,0,0,0,0,0,0,0,0,0,0,0,
0,0,0,0,0,0,0,0,0,0,0,0,0,0,0,0,0,0,
0,0,0,0,0,0,0,0,0,0,0,0,0,0,0,0,0,0,
0,0,0,0,0,0,0,0,0,0,0,0,0,0,0,0,0,0,
0,0,0,0,0,0,0,0,0,0,0,0,0,0,0,0,0,0,
0,0,0,0,0,0,0,0,0,0,0,0,0,0,0,0,0,0,
0,0,0,0,0,0,0,0,0,0,0,0,0,0,0,0,0,0,
0,0,0,0,0,0,0,0,0,0,0,0,0,0,0,0,0,0,
0,0,0,0,0,0,0,0,0,0,0,0,0,0,0,0,0,0,
0,0,0,0,0,0,0,0,0,0,0,0,0,0,0,0,0,0,
0,0,0,0,0,0,0,0,0,0,0,0,0,0,0,0,0,0,
0,0,0,0,0,0,0,0,0,0,0,0,0,0,0,0,0,0,
0,0,0,0,0,0,0,0,0,0,0,0,0,0,0,0,0,0,
0,0,0,0,0,0,0,0,0,0,0,0,0,0,0,0,0,0,
0,0,0,0,0,0,0,0,0,0,0,0,0,0,0,0,0,0,
0,0,0,0,0,0,0,0,0,0,0,0,0,0,0,0,0,0,
0,0,0,0,0,0,0,0,0,0,0,0,0,0,0,0,0,0,
0,0,0,0,0,0,0,0,0,0,0,0,0,0,0,0,0,0,
0,0,0,0,0,0,0,0,0,0,0,0,0,0,0,0,0,0,
0,0,0,0,0,0,0,0,0,0,0,0,0,0,0,0,0,0,
0,0,0,0,0,0,0,0,0,0,0,0,0,0,0,0,0,0,
0,0,0,0,0,0,0,0,0,0,0,0,0,0,0,0,0,0,
0,0,0,0,0,0,0,0,0,0,0,0,0,0,0,0,0,0,
0,0,0,0,0,0,0,0,0,0,0,0,0,0,0,0,0,0,
0,0,0,0,0,0,0,0,0,0,0,0,0,0,0,0,0,0,
0,0,0,0,0,0,0,0,0,0,0,0,0,0,0,0,0,0,
0,0,0,0,0,0,0,0,0,0,0,0,0,0,0,0,0,0,
0,0,0,0,0,0,0,0,0,0,0,0,0,0,0,0,0,0,
0,0,0,0,0,0,0,0,0,0,0,0,0,0,0,0,0,0,
0,0,0,0,0,0,0,0,0,0,0,0,0,0,0,0,0,0,
0,0,0,0,0,0,0,0,0,0,0,0,0,0,0,0,0,0,
0,0,0,0,0,0,0,0,0,0,0,0,0,0,0,0,0,0,
0,0,0,0,0,0,0,0,0,0,0,0,0,0,0,0,0,0,
0,0,0,0,0,0,0,0,0,0,0,0,0,0,0,0,0,0,
0,0,0,0,0,0,0,0,0,0,0,0,0,0,0,0,0,0,
0,0,0,0,0,0,0,0,0,0,0,0,0,0,0,0,0,0,
0,0,0,0,0,0,0,0,0,0,0,0,0,0,0,0,0,0,
0,0,0,0,0,0,0,0,0,0,0,0,0,0,0,0,0,0,
0,0,0,0,0,0,0,0,0,0,0,0,0,0,0,0,0,0,
0,0,0,0,0,0,0,0,0,0,0,0,0,0,0,0,0,0,
0,0,0,0,0,0,0,0,0,0,0,0,0,0,0,0,0,0,
0,0,0,0,0,0,0,0,0,0,0,0,0,0,0,0,0,0,
0,0,0,0,0,0,0,0,0,0,0,0,0,0,0,0,0,0,
0,0,0,0,0,0,0,0,0,0,0,0,0,0,0,0,0,0,
0,0,0,0,0,0,0,0,0,0,0,0,0,0,0,0,0,0,
0,0,0,0,0,0,0,0,0,0,0,0,0,0,0,0,0,0,
0,0,0,0,0,0,0,0,0,0,0,0,0,0,0,0,0,0,
0,0,0,0,0,0,0,0,0,0,0,0,0,0,0,0,0,0,
0,0,0,0,0,0,0,0,0,0,0,0,0,0,0,0,0,0,
0,0,0,0,0,0,0,0,0,0,0,0,0,0,0,0,0,0,
0,0,0,0,0,0,0,0,0,0,0,0,0,0,0,0,0,0,
0,0,0,0,0,0,0,0,0,0,0,0,0,0,0,0,0,0,
0,0,0,0,0,0,0,0,0,0,0,0,0,0,0,0,0,0,
0,0,0,0,0,0,0,0,0,0,0,0,0,0,0,0,0,0,
0,0,0,0,0,0,0,0,0,0,0,0,0,0,0,0,0,0,
0,0,0,0,0,0,0,0,0,0,0,0,0,0,0,0,0,0,
0,0,0,0,0,0,0,0,0,0,0,0,0,0,0,0,0,0,
0,0,0,0,0,0,0,0,0,0,0,0,0,0,0,0,0,0,
0,0,0,0,0,0,0,0,0,0,0,0,0,0,0,0,0,0,
0,0,0,0,0,0,0,0,0,0,0,0,0,0,0,0,0,0,
0,0,0,0,0,0,0,0,0,0,0,0,0,0,0,0,0,0,
0,0,0,0,0,0,0,0,0,0,0,0,0,0,0,0,0,0,
0,0,0,0,0,0,0,0,0,0,0,0,0,0,0,0,0,0,
0,0,0,0,0,0,0,0,0,0,0,0,0,0,0,0,0,0,
0,0,0,0,0,0,0,0,0,0,0,0,0,0,0,0,0,0,
0,0,0,0,0,0,0,0,0,0,0,0,0,0,0,0,0,0,
0,0,0,0,0,0,0,0,0,0,0,0,0,0,0,0,0,0,
