38,38,38,38,38,38,38,38,38,41,41,41,41,41,41,41,41,41,
1372204,1372204,1372204,1372204,1372204,1372204,1372204,1372204,1372204,7158571,7158571,7158571,7158571,7158571,7158571,7158571,7158571,7158571,
7,7,7,7,7,7,7,7,7,9,9,9,9,9,9,9,9,9,
7,7,7,7,7,7,7,7,7,7,7,7,7,7,7,7,7,7,
961918,961918,961918,961918,961918,961918,961918,961918,961918,973867,973867,973867,973867,973867,973867,973867,973867,973867,
926222,926222,926222,926222,926222,926222,926222,926222,926222,964433,964433,964433,964433,964433,964433,964433,964433,964433,
944435,944435,944435,944435,944435,944435,944435,944435,944435,961857,961857,961857,961857,961857,961857,961857,961857,961857,
34754795,34754795,34754795,34754795,34754795,34754795,34754795,34754795,34754795,49768478,49768478,49768478,49768478,49768478,49768478,49768478,49768478,49768478,
934181,934181,934181,934181,934181,934181,934181,934181,934181,945070,945070,945070,945070,945070,945070,945070,945070,945070,
0,0,0,0,0,0,0,0,0,0,0,0,0,0,0,0,0,0,
49,49,49,49,49,49,49,49,49,140212750161104,140212750161104,140212750161104,140212750161104,140212750161104,140212750161104,140212750161104,140212750161104,140212750161104,
9459902,9459902,9459902,9459902,9459902,9459902,9459902,9459902,9459902,140212750160664,140212750160664,140212750160664,140212750160664,140212750160664,140212750160664,140212750160664,140212750160664,140212750160664,
7,7,7,7,7,7,7,7,7,94854668125040,94854668125040,94854668125040,94854668125040,94854668125040,94854668125040,94854668125040,94854668125040,94854668125040,
4,4,4,4,4,4,4,4,4,94854668125040,94854668125040,94854668125040,94854668125040,94854668125040,94854668125040,94854668125040,94854668125040,94854668125040,
980796,980796,980796,980796,980796,980796,980796,980796,980796,94854668125040,94854668125040,94854668125040,94854668125040,94854668125040,94854668125040,94854668125040,94854668125040,94854668125040,
973074,973074,973074,973074,973074,973074,973074,973074,973074,94854668125040,94854668125040,94854668125040,94854668125040,94854668125040,94854668125040,94854668125040,94854668125040,94854668125040,
973858,973858,973858,973858,973858,973858,973858,973858,973858,94854668125040,94854668125040,94854668125040,94854668125040,94854668125040,94854668125040,94854668125040,94854668125040,94854668125040,
24407495,24407495,24407495,24407495,24407495,24407495,24407495,24407495,24407495,94854668133231,94854668133231,94854668133231,94854668133231,94854668133231,94854668133231,94854668133231,94854668133231,94854668133231,
971000,971000,971000,971000,971000,971000,971000,971000,971000,140212750194336,140212750194336,140212750194336,140212750194336,140212750194336,140212750194336,140212750194336,140212750194336,140212750194336,
0,0,0,0,0,0,0,0,0,0,0,0,0,0,0,0,0,0,
140212750161104,140212750161104,140212750161104,140212750161104,140212750161104,140212750161104,140212750161104,140212750161104,140212750161104,0,0,0,0,0,0,0,0,0,
140212750160664,140212750160664,140212750160664,140212750160664,140212750160664,140212750160664,140212750160664,140212750160664,140212750160664,0,0,0,0,0,0,0,0,0,
94854668125040,94854668125040,94854668125040,94854668125040,94854668125040,94854668125040,94854668125040,94854668125040,94854668125040,0,0,0,0,0,0,0,0,0,
94854668125040,94854668125040,94854668125040,94854668125040,94854668125040,94854668125040,94854668125040,94854668125040,94854668125040,0,0,0,0,0,0,0,0,0,
94854668125040,94854668125040,94854668125040,94854668125040,94854668125040,94854668125040,94854668125040,94854668125040,94854668125040,94867628513008,94867628513008,94867628513008,94867628513008,94867628513008,94867628513008,94867628513008,94867628513008,94867628513008,
94854668125040,94854668125040,94854668125040,94854668125040,94854668125040,94854668125040,94854668125040,94854668125040,94854668125040,1,1,1,1,1,1,1,1,1,
94854668125040,94854668125040,94854668125040,94854668125040,94854668125040,94854668125040,94854668125040,94854668125040,94854668125040,48,48,48,48,48,48,48,48,48,
94854668133231,94854668133231,94854668133231,94854668133231,94854668133231,94854668133231,94854668133231,94854668133231,94854668133231,0,0,0,0,0,0,0,0,0,
140212750194336,140212750194336,140212750194336,140212750194336,140212750194336,140212750194336,140212750194336,140212750194336,140212750194336,0,0,0,0,0,0,0,0,0,
0,0,0,0,0,0,0,0,0,0,0,0,0,0,0,0,0,0,
0,0,0,0,0,0,0,0,0,94854668125040,94854668125040,94854668125040,94854668125040,94854668125040,94854668125040,94854668125040,94854668125040,94854668125040,
0,0,0,0,0,0,0,0,0,8192,8192,8192,8192,8192,8192,8192,8192,8192,
0,0,0,0,0,0,0,0,0,65537,65537,65537,65537,65537,65537,65537,65537,65537,
0,0,0,0,0,0,0,0,0,0,0,0,0,0,0,0,0,0,
94867628513008,94867628513008,94867628513008,94867628513008,94867628513008,94867628513008,94867628513008,94867628513008,94867628513008,0,0,0,0,0,0,0,0,0,
1,1,1,1,1,1,1,1,1,3788032,3788032,3788032,3788032,3788032,3788032,3788032,3788032,3788032,
48,48,48,48,48,48,48,48,48,140212750192688,140212750192688,140212750192688,140212750192688,140212750192688,140212750192688,140212750192688,140212750192688,140212750192688,
0,0,0,0,0,0,0,0,0,0,0,0,0,0,0,0,0,0,
0,0,0,0,0,0,0,0,0,0,0,0,0,0,0,0,0,0,
0,0,0,0,0,0,0,0,0,0,0,0,0,0,0,0,0,0,
94854668125040,94854668125040,94854668125040,94854668125040,94854668125040,94854668125040,94854668125040,94854668125040,94854668125040,0,0,0,0,0,0,0,0,0,
8192,8192,8192,8192,8192,8192,8192,8192,8192,140212750161144,140212750161144,140212750161144,140212750161144,140212750161144,140212750161144,140212750161144,140212750161144,140212750161144,
65537,65537,65537,65537,65537,65537,65537,65537,65537,6,6,6,6,6,6,6,6,6,
0,0,0,0,0,0,0,0,0,0,0,0,0,0,0,0,0,0,
0,0,0,0,0,0,0,0,0,4098,4098,4098,4098,4098,4098,4098,4098,4098,
3788032,3788032,3788032,3788032,3788032,3788032,3788032,3788032,3788032,140209207377920,140209207377920,140209207377920,140209207377920,140209207377920,140209207377920,140209207377920,140209207377920,140209207377920,
140212750192688,140212750192688,140212750192688,140212750192688,140212750192688,140212750192688,140212750192688,140212750192688,140212750192688,0,0,0,0,0,0,0,0,0,
0,0,0,0,0,0,0,0,0,0,0,0,0,0,0,0,0,0,
0,0,0,0,0,0,0,0,0,0,0,0,0,0,0,0,0,0,
0,0,0,0,0,0,0,0,0,0,0,0,0,0,0,0,0,0,
0,0,0,0,0,0,0,0,0,0,0,0,0,0,0,0,0,0,
140212750161144,140212750161144,140212750161144,140212750161144,140212750161144,140212750161144,140212750161144,140212750161144,140212750161144,0,0,0,0,0,0,0,0,0,
6,6,6,6,6,6,6,6,6,0,0,0,0,0,0,0,0,0,
0,0,0,0,0,0,0,0,0,0,0,0,0,0,0,0,0,0,
4098,4098,4098,4098,4098,4098,4098,4098,4098,0,0,0,0,0,0,0,0,0,
140209207377920,140209207377920,140209207377920,140209207377920,140209207377920,140209207377920,140209207377920,140209207377920,140209207377920,0,0,0,0,0,0,0,0,0,
0,0,0,0,0,0,0,0,0,0,0,0,0,0,0,0,0,0,
0,0,0,0,0,0,0,0,0,0,0,0,0,0,0,0,0,0,
0,0,0,0,0,0,0,0,0,0,0,0,0,0,0,0,0,0,
0,0,0,0,0,0,0,0,0,0,0,0,0,0,0,0,0,0,
0,0,0,0,0,0,0,0,0,0,0,0,0,0,0,0,0,0,
0,0,0,0,0,0,0,0,0,0,0,0,0,0,0,0,0,0,
0,0,0,0,0,0,0,0,0,0,0,0,0,0,0,0,0,0,
0,0,0,0,0,0,0,0,0,0,0,0,0,0,0,0,0,0,
0,0,0,0,0,0,0,0,0,0,0,0,0,0,0,0,0,0,
0,0,0,0,0,0,0,0,0,140209207377928,140209207377928,140209207377928,140209207377928,140209207377928,140209207377928,140209207377928,140209207377928,140209207377928,
0,0,0,0,0,0,0,0,0,140731202080600,140731202080600,140731202080600,140731202080600,140731202080600,140731202080600,140731202080600,140731202080600,140731202080600,
0,0,0,0,0,0,0,0,0,140212750194336,140212750194336,140212750194336,140212750194336,140212750194336,140212750194336,140212750194336,140212750194336,140212750194336,
0,0,0,0,0,0,0,0,0,0,0,0,0,0,0,0,0,0,
0,0,0,0,0,0,0,0,0,140212750188832,140212750188832,140212750188832,140212750188832,140212750188832,140212750188832,140212750188832,140212750188832,140212750188832,
0,0,0,0,0,0,0,0,0,140731202080296,140731202080296,140731202080296,140731202080296,140731202080296,140731202080296,140731202080296,140731202080296,140731202080296,
0,0,0,0,0,0,0,0,0,140212750192832,140212750192832,140212750192832,140212750192832,140212750192832,140212750192832,140212750192832,140212750192832,140212750192832,
0,0,0,0,0,0,0,0,0,140212750192720,140212750192720,140212750192720,140212750192720,140212750192720,140212750192720,140212750192720,140212750192720,140212750192720,
0,0,0,0,0,0,0,0,0,140212750192736,140212750192736,140212750192736,140212750192736,140212750192736,140212750192736,140212750192736,140212750192736,140212750192736,
0,0,0,0,0,0,0,0,0,140212750161104,140212750161104,140212750161104,140212750161104,140212750161104,140212750161104,140212750161104,140212750161104,140212750161104,
140209207377928,140209207377928,140209207377928,140209207377928,140209207377928,140209207377928,140209207377928,140209207377928,140209207377928,140212750160664,140212750160664,140212750160664,140212750160664,140212750160664,140212750160664,140212750160664,140212750160664,140212750160664,
140731202080600,140731202080600,140731202080600,140731202080600,140731202080600,140731202080600,140731202080600,140731202080600,140731202080600,94867786841840,94867786841840,94867786841840,94867786841840,94867786841840,94867786841840,94867786841840,94867786841840,94867786841840,
140212750194336,140212750194336,140212750194336,140212750194336,140212750194336,140212750194336,140212750194336,140212750194336,140212750194336,94867786841840,94867786841840,94867786841840,94867786841840,94867786841840,94867786841840,94867786841840,94867786841840,94867786841840,
0,0,0,0,0,0,0,0,0,94867786841840,94867786841840,94867786841840,94867786841840,94867786841840,94867786841840,94867786841840,94867786841840,94867786841840,
140212750188832,140212750188832,140212750188832,140212750188832,140212750188832,140212750188832,140212750188832,140212750188832,140212750188832,94867786841840,94867786841840,94867786841840,94867786841840,94867786841840,94867786841840,94867786841840,94867786841840,94867786841840,
140731202080296,140731202080296,140731202080296,140731202080296,140731202080296,140731202080296,140731202080296,140731202080296,140731202080296,94867786841840,94867786841840,94867786841840,94867786841840,94867786841840,94867786841840,94867786841840,94867786841840,94867786841840,
140212750192832,140212750192832,140212750192832,140212750192832,140212750192832,140212750192832,140212750192832,140212750192832,140212750192832,94867786850031,94867786850031,94867786850031,94867786850031,94867786850031,94867786850031,94867786850031,94867786850031,94867786850031,
140212750192720,140212750192720,140212750192720,140212750192720,140212750192720,140212750192720,140212750192720,140212750192720,140212750192720,140212750194336,140212750194336,140212750194336,140212750194336,140212750194336,140212750194336,140212750194336,140212750194336,140212750194336,
140212750192736,140212750192736,140212750192736,140212750192736,140212750192736,140212750192736,140212750192736,140212750192736,140212750192736,0,0,0,0,0,0,0,0,0,
140212750161104,140212750161104,140212750161104,140212750161104,140212750161104,140212750161104,140212750161104,140212750161104,140212750161104,0,0,0,0,0,0,0,0,0,
140212750160664,140212750160664,140212750160664,140212750160664,140212750160664,140212750160664,140212750160664,140212750160664,140212750160664,0,0,0,0,0,0,0,0,0,
94867786841840,94867786841840,94867786841840,94867786841840,94867786841840,94867786841840,94867786841840,94867786841840,94867786841840,0,0,0,0,0,0,0,0,0,
94867786841840,94867786841840,94867786841840,94867786841840,94867786841840,94867786841840,94867786841840,94867786841840,94867786841840,0,0,0,0,0,0,0,0,0,
94867786841840,94867786841840,94867786841840,94867786841840,94867786841840,94867786841840,94867786841840,94867786841840,94867786841840,94854668488800,94854668488800,94854668488800,94854668488800,94854668488800,94854668488800,94854668488800,94854668488800,94854668488800,
94867786841840,94867786841840,94867786841840,94867786841840,94867786841840,94867786841840,94867786841840,94867786841840,94867786841840,2090266625,2090266625,2090266625,2090266625,2090266625,2090266625,2090266625,2090266625,2090266625,
94867786841840,94867786841840,94867786841840,94867786841840,94867786841840,94867786841840,94867786841840,94867786841840,94867786841840,17,17,17,17,17,17,17,17,17,
94867786850031,94867786850031,94867786850031,94867786850031,94867786850031,94867786850031,94867786850031,94867786850031,94867786850031,0,0,0,0,0,0,0,0,0,
140212750194336,140212750194336,140212750194336,140212750194336,140212750194336,140212750194336,140212750194336,140212750194336,140212750194336,0,0,0,0,0,0,0,0,0,
0,0,0,0,0,0,0,0,0,140209207377920,140209207377920,140209207377920,140209207377920,140209207377920,140209207377920,140209207377920,140209207377920,140209207377920,
0,0,0,0,0,0,0,0,0,94867786841840,94867786841840,94867786841840,94867786841840,94867786841840,94867786841840,94867786841840,94867786841840,94867786841840,
0,0,0,0,0,0,0,0,0,8192,8192,8192,8192,8192,8192,8192,8192,8192,
0,0,0,0,0,0,0,0,0,65537,65537,65537,65537,65537,65537,65537,65537,65537,
0,0,0,0,0,0,0,0,0,0,0,0,0,0,0,0,0,0,
94854668488800,94854668488800,94854668488800,94854668488800,94854668488800,94854668488800,94854668488800,94854668488800,94854668488800,0,0,0,0,0,0,0,0,0,
2090266625,2090266625,2090266625,2090266625,2090266625,2090266625,2090266625,2090266625,2090266625,0,0,0,0,0,0,0,0,0,
17,17,17,17,17,17,17,17,17,140212750192688,140212750192688,140212750192688,140212750192688,140212750192688,140212750192688,140212750192688,140212750192688,140212750192688,
0,0,0,0,0,0,0,0,0,0,0,0,0,0,0,0,0,0,
0,0,0,0,0,0,0,0,0,0,0,0,0,0,0,0,0,0,
140209207377920,140209207377920,140209207377920,140209207377920,140209207377920,140209207377920,140209207377920,140209207377920,140209207377920,0,0,0,0,0,0,0,0,0,
94867786841840,94867786841840,94867786841840,94867786841840,94867786841840,94867786841840,94867786841840,94867786841840,94867786841840,0,0,0,0,0,0,0,0,0,
8192,8192,8192,8192,8192,8192,8192,8192,8192,140212750161144,140212750161144,140212750161144,140212750161144,140212750161144,140212750161144,140212750161144,140212750161144,140212750161144,
65537,65537,65537,65537,65537,65537,65537,65537,65537,6,6,6,6,6,6,6,6,6,
0,0,0,0,0,0,0,0,0,0,0,0,0,0,0,0,0,0,
0,0,0,0,0,0,0,0,0,4098,4098,4098,4098,4098,4098,4098,4098,4098,
0,0,0,0,0,0,0,0,0,0,0,0,0,0,0,0,0,0,
140212750192688,140212750192688,140212750192688,140212750192688,140212750192688,140212750192688,140212750192688,140212750192688,140212750192688,0,0,0,0,0,0,0,0,0,
0,0,0,0,0,0,0,0,0,0,0,0,0,0,0,0,0,0,
0,0,0,0,0,0,0,0,0,0,0,0,0,0,0,0,0,0,
0,0,0,0,0,0,0,0,0,0,0,0,0,0,0,0,0,0,
0,0,0,0,0,0,0,0,0,0,0,0,0,0,0,0,0,0,
140212750161144,140212750161144,140212750161144,140212750161144,140212750161144,140212750161144,140212750161144,140212750161144,140212750161144,0,0,0,0,0,0,0,0,0,
6,6,6,6,6,6,6,6,6,0,0,0,0,0,0,0,0,0,
0,0,0,0,0,0,0,0,0,0,0,0,0,0,0,0,0,0,
4098,4098,4098,4098,4098,4098,4098,4098,4098,0,0,0,0,0,0,0,0,0,
0,0,0,0,0,0,0,0,0,0,0,0,0,0,0,0,0,0,
0,0,0,0,0,0,0,0,0,0,0,0,0,0,0,0,0,0,
0,0,0,0,0,0,0,0,0,0,0,0,0,0,0,0,0,0,
0,0,0,0,0,0,0,0,0,0,0,0,0,0,0,0,0,0,
0,0,0,0,0,0,0,0,0,0,0,0,0,0,0,0,0,0,
0,0,0,0,0,0,0,0,0,0,0,0,0,0,0,0,0,0,
0,0,0,0,0,0,0,0,0,0,0,0,0,0,0,0,0,0,
0,0,0,0,0,0,0,0,0,0,0,0,0,0,0,0,0,0,
0,0,0,0,0,0,0,0,0,0,0,0,0,0,0,0,0,0,
0,0,0,0,0,0,0,0,0,0,0,0,0,0,0,0,0,0,
0,0,0,0,0,0,0,0,0,8,8,8,8,8,8,8,8,8,
0,0,0,0,0,0,0,0,0,140731202081112,140731202081112,140731202081112,140731202081112,140731202081112,140731202081112,140731202081112,140731202081112,140731202081112,
0,0,0,0,0,0,0,0,0,140212750194336,140212750194336,140212750194336,140212750194336,140212750194336,140212750194336,140212750194336,140212750194336,140212750194336,
0,0,0,0,0,0,0,0,0,0,0,0,0,0,0,0,0,0,
0,0,0,0,0,0,0,0,0,140212750254368,140212750254368,140212750254368,140212750254368,140212750254368,140212750254368,140212750254368,140212750254368,140212750254368,
0,0,0,0,0,0,0,0,0,140731202080808,140731202080808,140731202080808,140731202080808,140731202080808,140731202080808,140731202080808,140731202080808,140731202080808,
0,0,0,0,0,0,0,0,0,140212750192832,140212750192832,140212750192832,140212750192832,140212750192832,140212750192832,140212750192832,140212750192832,140212750192832,
0,0,0,0,0,0,0,0,0,140212750192720,140212750192720,140212750192720,140212750192720,140212750192720,140212750192720,140212750192720,140212750192720,140212750192720,
0,0,0,0,0,0,0,0,0,140212750192736,140212750192736,140212750192736,140212750192736,140212750192736,140212750192736,140212750192736,140212750192736,140212750192736,
0,0,0,0,0,0,0,0,0,140212750161104,140212750161104,140212750161104,140212750161104,140212750161104,140212750161104,140212750161104,140212750161104,140212750161104,
8,8,8,8,8,8,8,8,8,140212750160664,140212750160664,140212750160664,140212750160664,140212750160664,140212750160664,140212750160664,140212750160664,140212750160664,
140731202081112,140731202081112,140731202081112,140731202081112,140731202081112,140731202081112,140731202081112,140731202081112,140731202081112,94867786850048,94867786850048,94867786850048,94867786850048,94867786850048,94867786850048,94867786850048,94867786850048,94867786850048,
140212750194336,140212750194336,140212750194336,140212750194336,140212750194336,140212750194336,140212750194336,140212750194336,140212750194336,94867786850048,94867786850048,94867786850048,94867786850048,94867786850048,94867786850048,94867786850048,94867786850048,94867786850048,
0,0,0,0,0,0,0,0,0,94867786850048,94867786850048,94867786850048,94867786850048,94867786850048,94867786850048,94867786850048,94867786850048,94867786850048,
140212750254368,140212750254368,140212750254368,140212750254368,140212750254368,140212750254368,140212750254368,140212750254368,140212750254368,94867786850048,94867786850048,94867786850048,94867786850048,94867786850048,94867786850048,94867786850048,94867786850048,94867786850048,
140731202080808,140731202080808,140731202080808,140731202080808,140731202080808,140731202080808,140731202080808,140731202080808,140731202080808,94867786850192,94867786850207,94867786850222,94867786850237,94867786850252,94867786850267,94867786850282,94867786850297,94867786850312,
140212750192832,140212750192832,140212750192832,140212750192832,140212750192832,140212750192832,140212750192832,140212750192832,140212750192832,94867786858239,94867786858239,94867786858239,94867786858239,94867786858239,94867786858239,94867786858239,94867786858239,94867786858239,
140212750192720,140212750192720,140212750192720,140212750192720,140212750192720,140212750192720,140212750192720,140212750192720,140212750192720,140212750194336,140212750194336,140212750194336,140212750194336,140212750194336,140212750194336,140212750194336,140212750194336,140212750194336,
140212750192736,140212750192736,140212750192736,140212750192736,140212750192736,140212750192736,140212750192736,140212750192736,140212750192736,0,0,0,0,0,0,0,0,0,
140212750161104,140212750161104,140212750161104,140212750161104,140212750161104,140212750161104,140212750161104,140212750161104,140212750161104,0,0,0,0,0,0,0,0,0,
140212750160664,140212750160664,140212750160664,140212750160664,140212750160664,140212750160664,140212750160664,140212750160664,140212750160664,0,0,0,0,0,0,0,0,0,
94867786850048,94867786850048,94867786850048,94867786850048,94867786850048,94867786850048,94867786850048,94867786850048,94867786850048,0,0,0,0,0,0,0,0,0,
94867786850048,94867786850048,94867786850048,94867786850048,94867786850048,94867786850048,94867786850048,94867786850048,94867786850048,0,0,0,0,0,0,0,0,0,
94867786850048,94867786850048,94867786850048,94867786850048,94867786850048,94867786850048,94867786850048,94867786850048,94867786850048,94854668471568,94854668471568,94854668471568,94854668471568,94854668471568,94854668471568,94854668471568,94854668471568,94854668471568,
94867786850048,94867786850048,94867786850048,94867786850048,94867786850048,94867786850048,94867786850048,94867786850048,94867786850048,1,1,1,1,1,1,1,1,1,
94867786850048,94867786850063,94867786850078,94867786850093,94867786850108,94867786850123,94867786850138,94867786850153,94867786850168,17,17,17,17,17,17,17,17,17,
94867786858239,94867786858239,94867786858239,94867786858239,94867786858239,94867786858239,94867786858239,94867786858239,94867786858239,0,0,0,0,0,0,0,0,0,
140212750194336,140212750194336,140212750194336,140212750194336,140212750194336,140212750194336,140212750194336,140212750194336,140212750194336,0,0,0,0,0,0,0,0,0,
0,0,0,0,0,0,0,0,0,140209207377920,140209207377920,140209207377920,140209207377920,140209207377920,140209207377920,140209207377920,140209207377920,140209207377920,
0,0,0,0,0,0,0,0,0,94867786850048,94867786850048,94867786850048,94867786850048,94867786850048,94867786850048,94867786850048,94867786850048,94867786850048,
0,0,0,0,0,0,0,0,0,8192,8192,8192,8192,8192,8192,8192,8192,8192,
0,0,0,0,0,0,0,0,0,140209207443457,140209207443457,140209207443457,140209207443457,140209207443457,140209207443457,140209207443457,140209207443457,140209207443457,
0,0,0,0,0,0,0,0,0,0,0,0,0,0,0,0,0,0,
94854668471568,94854668471568,94854668471568,94854668471568,94854668471568,94854668471568,94854668471568,94854668471568,94854668471568,0,0,0,0,0,0,0,0,0,
1,1,1,1,1,1,1,1,1,0,0,0,0,0,0,0,0,0,
17,17,17,17,17,17,17,17,17,140212750192688,140212750192688,140212750192688,140212750192688,140212750192688,140212750192688,140212750192688,140212750192688,140212750192688,
0,0,0,0,0,0,0,0,0,0,0,0,0,0,0,0,0,0,
0,0,0,0,0,0,0,0,0,0,0,0,0,0,0,0,0,0,
140209207377920,140209207377920,140209207377920,140209207377920,140209207377920,140209207377920,140209207377920,140209207377920,140209207377920,0,0,0,0,0,0,0,0,0,
94867786850048,94867786850048,94867786850048,94867786850048,94867786850048,94867786850048,94867786850048,94867786850048,94867786850048,0,0,0,0,0,0,0,0,0,
8192,8192,8192,8192,8192,8192,8192,8192,8192,140212750161144,140212750161144,140212750161144,140212750161144,140212750161144,140212750161144,140212750161144,140212750161144,140212750161144,
140209207443457,140209207443457,140209207443457,140209207443457,140209207443457,140209207443457,140209207443457,140209207443457,140209207443457,6,6,6,6,6,6,6,6,6,
0,0,0,0,0,0,0,0,0,0,0,0,0,0,0,0,0,0,
0,0,0,0,0,0,0,0,0,4098,4098,4098,4098,4098,4098,4098,4098,4098,
0,0,0,0,0,0,0,0,0,0,0,0,0,0,0,0,0,0,
140212750192688,140212750192688,140212750192688,140212750192688,140212750192688,140212750192688,140212750192688,140212750192688,140212750192688,0,0,0,0,0,0,0,0,0,
0,0,0,0,0,0,0,0,0,0,0,0,0,0,0,0,0,0,
0,0,0,0,0,0,0,0,0,0,0,0,0,0,0,0,0,0,
0,0,0,0,0,0,0,0,0,0,0,0,0,0,0,0,0,0,
0,0,0,0,0,0,0,0,0,0,0,0,0,0,0,0,0,0,
140212750161144,140212750161144,140212750161144,140212750161144,140212750161144,140212750161144,140212750161144,140212750161144,140212750161144,0,0,0,0,0,0,0,0,0,
6,6,6,6,6,6,6,6,6,0,0,0,0,0,0,0,0,0,
0,0,0,0,0,0,0,0,0,0,0,0,0,0,0,0,0,0,
4098,4098,4098,4098,4098,4098,4098,4098,4098,0,0,0,0,0,0,0,0,0,
0,0,0,0,0,0,0,0,0,0,0,0,0,0,0,0,0,0,
0,0,0,0,0,0,0,0,0,0,0,0,0,0,0,0,0,0,
0,0,0,0,0,0,0,0,0,0,0,0,0,0,0,0,0,0,
0,0,0,0,0,0,0,0,0,0,0,0,0,0,0,0,0,0,
0,0,0,0,0,0,0,0,0,0,0,0,0,0,0,0,0,0,
0,0,0,0,0,0,0,0,0,0,0,0,0,0,0,0,0,0,
0,0,0,0,0,0,0,0,0,0,0,0,0,0,0,0,0,0,
0,0,0,0,0,0,0,0,0,0,0,0,0,0,0,0,0,0,
0,0,0,0,0,0,0,0,0,0,0,0,0,0,0,0,0,0,
0,0,0,0,0,0,0,0,0,0,0,0,0,0,0,0,0,0,
0,0,0,0,0,0,0,0,0,8,8,8,8,8,8,8,8,8,
0,0,0,0,0,0,0,0,0,140731202081624,140731202081624,140731202081624,140731202081624,140731202081624,140731202081624,140731202081624,140731202081624,140731202081624,
0,0,0,0,0,0,0,0,0,140212750194336,140212750194336,140212750194336,140212750194336,140212750194336,140212750194336,140212750194336,140212750194336,140212750194336,
0,0,0,0,0,0,0,0,0,0,0,0,0,0,0,0,0,0,
0,0,0,0,0,0,0,0,0,288,288,288,288,288,288,288,288,288,
0,0,0,0,0,0,0,0,0,140731202081320,140731202081320,140731202081320,140731202081320,140731202081320,140731202081320,140731202081320,140731202081320,140731202081320,
0,0,0,0,0,0,0,0,0,140212750192832,140212750192832,140212750192832,140212750192832,140212750192832,140212750192832,140212750192832,140212750192832,140212750192832,
0,0,0,0,0,0,0,0,0,140212750192720,140212750192720,140212750192720,140212750192720,140212750192720,140212750192720,140212750192720,140212750192720,140212750192720,
0,0,0,0,0,0,0,0,0,140212750192736,140212750192736,140212750192736,140212750192736,140212750192736,140212750192736,140212750192736,140212750192736,140212750192736,
0,0,0,0,0,0,0,0,0,140212750160912,140212750160912,140212750160912,140212750160912,140212750160912,140212750160912,140212750160912,140212750160912,140212750160912,
8,8,8,8,8,8,8,8,8,0,0,0,0,0,0,0,0,0,
140731202081624,140731202081624,140731202081624,140731202081624,140731202081624,140731202081624,140731202081624,140731202081624,140731202081624,140212750160664,140212750160664,140212750160664,140212750160664,140212750160664,140212750160664,140212750160664,140212750160664,140212750160664,
140212750194336,140212750194336,140212750194336,140212750194336,140212750194336,140212750194336,140212750194336,140212750194336,140212750194336,0,0,0,0,0,0,0,0,0,
0,0,0,0,0,0,0,0,0,0,0,0,0,0,0,0,0,0,
288,288,288,288,288,288,288,288,288,0,0,0,0,0,0,0,0,0,
140731202081320,140731202081320,140731202081320,140731202081320,140731202081320,140731202081320,140731202081320,140731202081320,140731202081320,0,0,0,0,0,0,0,0,0,
140212750192832,140212750192832,140212750192832,140212750192832,140212750192832,140212750192832,140212750192832,140212750192832,140212750192832,0,0,0,0,0,0,0,0,0,
140212750192720,140212750192720,140212750192720,140212750192720,140212750192720,140212750192720,140212750192720,140212750192720,140212750192720,0,0,0,0,0,0,0,0,0,
140212750192736,140212750192736,140212750192736,140212750192736,140212750192736,140212750192736,140212750192736,140212750192736,140212750192736,140212750194336,140212750194336,140212750194336,140212750194336,140212750194336,140212750194336,140212750194336,140212750194336,140212750194336,
140212750160912,140212750160912,140212750160912,140212750160912,140212750160912,140212750160912,140212750160912,140212750160912,140212750160912,0,0,0,0,0,0,0,0,0,
0,0,0,0,0,0,0,0,0,0,0,0,0,0,0,0,0,0,
140212750160664,140212750160664,140212750160664,140212750160664,140212750160664,140212750160664,140212750160664,140212750160664,140212750160664,0,0,0,0,0,0,0,0,0,
0,0,0,0,0,0,0,0,0,0,0,0,0,0,0,0,0,0,
0,0,0,0,0,0,0,0,0,0,0,0,0,0,0,0,0,0,
0,0,0,0,0,0,0,0,0,0,0,0,0,0,0,0,0,0,
0,0,0,0,0,0,0,0,0,1,1,1,1,1,1,1,1,1,
0,0,0,0,0,0,0,0,0,0,0,0,0,0,0,0,0,0,
0,0,0,0,0,0,0,0,0,0,0,0,0,0,0,0,0,0,
140212750194336,140212750194336,140212750194336,140212750194336,140212750194336,140212750194336,140212750194336,140212750194336,140212750194336,0,0,0,0,0,0,0,0,0,
0,0,0,0,0,0,0,0,0,0,0,0,0,0,0,0,0,0,
0,0,0,0,0,0,0,0,0,0,0,0,0,0,0,0,0,0,
0,0,0,0,0,0,0,0,0,8192,8192,8192,8192,8192,8192,8192,8192,8192,
0,0,0,0,0,0,0,0,0,0,0,0,0,0,0,0,0,0,
0,0,0,0,0,0,0,0,0,0,0,0,0,0,0,0,0,0,
0,0,0,0,0,0,0,0,0,0,0,0,0,0,0,0,0,0,
1,1,1,1,1,1,1,1,1,0,0,0,0,0,0,0,0,0,
0,0,0,0,0,0,0,0,0,140212750192688,140212750192688,140212750192688,140212750192688,140212750192688,140212750192688,140212750192688,140212750192688,140212750192688,
0,0,0,0,0,0,0,0,0,0,0,0,0,0,0,0,0,0,
0,0,0,0,0,0,0,0,0,0,0,0,0,0,0,0,0,0,
0,0,0,0,0,0,0,0,0,0,0,0,0,0,0,0,0,0,
0,0,0,0,0,0,0,0,0,0,0,0,0,0,0,0,0,0,
8192,8192,8192,8192,8192,8192,8192,8192,8192,140212750160952,140212750160952,140212750160952,140212750160952,140212750160952,140212750160952,140212750160952,140212750160952,140212750160952,
0,0,0,0,0,0,0,0,0,6,6,6,6,6,6,6,6,6,
0,0,0,0,0,0,0,0,0,0,0,0,0,0,0,0,0,0,
0,0,0,0,0,0,0,0,0,4098,4098,4098,4098,4098,4098,4098,4098,4098,
0,0,0,0,0,0,0,0,0,0,0,0,0,0,0,0,0,0,
140212750192688,140212750192688,140212750192688,140212750192688,140212750192688,140212750192688,140212750192688,140212750192688,140212750192688,0,0,0,0,0,0,0,0,0,
0,0,0,0,0,0,0,0,0,0,0,0,0,0,0,0,0,0,
0,0,0,0,0,0,0,0,0,0,0,0,0,0,0,0,0,0,
0,0,0,0,0,0,0,0,0,0,0,0,0,0,0,0,0,0,
0,0,0,0,0,0,0,0,0,0,0,0,0,0,0,0,0,0,
140212750160952,140212750160952,140212750160952,140212750160952,140212750160952,140212750160952,140212750160952,140212750160952,140212750160952,0,0,0,0,0,0,0,0,0,
6,6,6,6,6,6,6,6,6,0,0,0,0,0,0,0,0,0,
0,0,0,0,0,0,0,0,0,0,0,0,0,0,0,0,0,0,
4098,4098,4098,4098,4098,4098,4098,4098,4098,0,0,0,0,0,0,0,0,0,
0,0,0,0,0,0,0,0,0,0,0,0,0,0,0,0,0,0,
0,0,0,0,0,0,0,0,0,0,0,0,0,0,0,0,0,0,
0,0,0,0,0,0,0,0,0,0,0,0,0,0,0,0,0,0,
0,0,0,0,0,0,0,0,0,0,0,0,0,0,0,0,0,0,
0,0,0,0,0,0,0,0,0,0,0,0,0,0,0,0,0,0,
0,0,0,0,0,0,0,0,0,0,0,0,0,0,0,0,0,0,
0,0,0,0,0,0,0,0,0,0,0,0,0,0,0,0,0,0,
0,0,0,0,0,0,0,0,0,0,0,0,0,0,0,0,0,0,
0,0,0,0,0,0,0,0,0,0,0,0,0,0,0,0,0,0,
0,0,0,0,0,0,0,0,0,0,0,0,0,0,0,0,0,0,
0,0,0,0,0,0,0,0,0,140728898420744,140728898420744,140728898420744,140728898420744,140728898420744,140728898420744,140728898420744,140728898420744,140728898420744,
0,0,0,0,0,0,0,0,0,140731202082144,140731202082144,140731202082144,140731202082144,140731202082144,140731202082144,140731202082144,140731202082144,140731202082144,
0,0,0,0,0,0,0,0,0,140212750194336,140212750194336,140212750194336,140212750194336,140212750194336,140212750194336,140212750194336,140212750194336,140212750194336,
0,0,0,0,0,0,0,0,0,0,0,0,0,0,0,0,0,0,
0,0,0,0,0,0,0,0,0,140731202076672,140731202076672,140731202076672,140731202076672,140731202076672,140731202076672,140731202076672,140731202076672,140731202076672,
0,0,0,0,0,0,0,0,0,140731202081840,140731202081840,140731202081840,140731202081840,140731202081840,140731202081840,140731202081840,140731202081840,140731202081840,
0,0,0,0,0,0,0,0,0,140212750192832,140212750192832,140212750192832,140212750192832,140212750192832,140212750192832,140212750192832,140212750192832,140212750192832,
0,0,0,0,0,0,0,0,0,140212750192720,140212750192720,140212750192720,140212750192720,140212750192720,140212750192720,140212750192720,140212750192720,140212750192720,
0,0,0,0,0,0,0,0,0,140212750192736,140212750192736,140212750192736,140212750192736,140212750192736,140212750192736,140212750192736,140212750192736,140212750192736,
0,0,0,0,0,0,0,0,0,14187801269619107072,14187801269619107072,14187801269619107072,14187801269619107072,14187801269619107072,14187801269619107072,14187801269619107072,14187801269619107072,14187801269619107072,
140728898420744,140728898420744,140728898420744,140728898420744,140728898420744,140728898420744,140728898420744,140728898420744,140728898420744,94854668123833,94854668123833,94854668123833,94854668123833,94854668123833,94854668123833,94854668123833,94854668123833,94854668123833,
140731202082144,140731202082144,140731202082144,140731202082144,140731202082144,140731202082144,140731202082144,140731202082144,140731202082144,32,32,32,32,32,32,32,32,32,
140212750194336,140212750194336,140212750194336,140212750194336,140212750194336,140212750194336,140212750194336,140212750194336,140212750194336,94854643376408,94854643376408,94854643376408,94854643376408,94854643376408,94854643376408,94854643376408,94854643376408,94854643376408,
0,0,0,0,0,0,0,0,0,9,9,9,9,9,9,9,9,9,
140731202076672,140731202076672,140731202076672,140731202076672,140731202076672,140731202076672,140731202076672,140731202076672,140731202076672,94854643376392,94854643376392,94854643376392,94854643376392,94854643376392,94854643376392,94854643376392,94854643376392,94854643376392,
140731202081840,140731202081840,140731202081840,140731202081840,140731202081840,140731202081840,140731202081840,140731202081840,140731202081840,9,9,9,9,9,9,9,9,9,
140212750192832,140212750192832,140212750192832,140212750192832,140212750192832,140212750192832,140212750192832,140212750192832,140212750192832,140731202082640,140731202082640,140731202082640,140731202082640,140731202082640,140731202082640,140731202082640,140731202082640,140731202082640,
140212750192720,140212750192720,140212750192720,140212750192720,140212750192720,140212750192720,140212750192720,140212750192720,140212750192720,94854643259164,94854643259164,94854643259164,94854643259164,94854643259164,94854643259164,94854643259164,94854643259164,94854643259164,
140212750192736,140212750192736,140212750192736,140212750192736,140212750192736,140212750192736,140212750192736,140212750192736,140212750192736,94854668123760,94854668123760,94854668123760,94854668123760,94854668123760,94854668123760,94854668123760,94854668123760,94854668123760,
14187801269619107072,14187801269619107072,14187801269619107072,14187801269619107072,14187801269619107072,14187801269619107072,14187801269619107072,14187801269619107072,14187801269619107072,94854668123769,94854668123769,94854668123769,94854668123769,94854668123769,94854668123769,94854668123769,94854668123769,94854668123769,
94854668123833,94854668123833,94854668123833,94854668123833,94854668123833,94854668123833,94854668123833,94854668123833,94854668123833,94854668123769,94854668123769,94854668123769,94854668123769,94854668123769,94854668123769,94854668123769,94854668123769,94854668123769,
32,32,32,32,32,32,32,32,32,94854643265150,94854643265150,94854643265150,94854643265150,94854643265150,94854643265150,94854643265150,94854643265150,94854643265150,
94854643376408,94854643376408,94854643376408,94854643376408,94854643376408,94854643376408,94854643376408,94854643376408,94854643376408,94854668123792,94854668123792,94854668123792,94854668123792,94854668123792,94854668123792,94854668123792,94854668123792,94854668123792,
9,9,9,9,9,9,9,9,9,94854668123801,94854668123801,94854668123801,94854668123801,94854668123801,94854668123801,94854668123801,94854668123801,94854668123801,
94854643376392,94854643376392,94854643376392,94854643376392,94854643376392,94854643376392,94854643376392,94854643376392,94854643376392,94854668123801,94854668123801,94854668123801,94854668123801,94854668123801,94854668123801,94854668123801,94854668123801,94854668123801,
9,9,9,9,9,9,9,9,9,140212742072072,140212742072072,140212742072072,140212742072072,140212742072072,140212742072072,140212742072072,140212742072072,140212742072072,
140731202082640,140731202082640,140731202082640,140731202082640,140731202082640,140731202082640,140731202082640,140731202082640,140731202082640,94854668123856,94854668123856,94854668123856,94854668123856,94854668123856,94854668123856,94854668123856,94854668123856,94854668123856,
94854643259164,94854643259164,94854643259164,94854643259164,94854643259164,94854643259164,94854643259164,94854643259164,94854643259164,94854668123865,94854668123865,94854668123865,94854668123865,94854668123865,94854668123865,94854668123865,94854668123865,94854668123865,
94854668123760,94854668123760,94854668123760,94854668123760,94854668123760,94854668123760,94854668123760,94854668123760,94854668123760,94854668123865,94854668123865,94854668123865,94854668123865,94854668123865,94854668123865,94854668123865,94854668123865,94854668123865,
94854668123769,94854668123769,94854668123769,94854668123769,94854668123769,94854668123769,94854668123769,94854668123769,94854668123769,1,1,1,1,1,1,1,1,1,
94854668123769,94854668123769,94854668123769,94854668123769,94854668123769,94854668123769,94854668123769,94854668123769,94854668123769,94854668123824,94854668123824,94854668123824,94854668123824,94854668123824,94854668123824,94854668123824,94854668123824,94854668123824,
94854643265150,94854643265150,94854643265150,94854643265150,94854643265150,94854643265150,94854643265150,94854643265150,94854643265150,94854668123833,94854668123833,94854668123833,94854668123833,94854668123833,94854668123833,94854668123833,94854668123833,94854668123833,
94854668123792,94854668123792,94854668123792,94854668123792,94854668123792,94854668123792,94854668123792,94854668123792,94854668123792,94854668123833,94854668123833,94854668123833,94854668123833,94854668123833,94854668123833,94854668123833,94854668123833,94854668123833,
94854668123801,94854668123801,94854668123801,94854668123801,94854668123801,94854668123801,94854668123801,94854668123801,94854668123801,94854643259724,94854643259724,94854643259724,94854643259724,94854643259724,94854643259724,94854643259724,94854643259724,94854643259724,
94854668123801,94854668123801,94854668123801,94854668123801,94854668123801,94854668123801,94854668123801,94854668123801,94854668123801,94854645524912,94854645524912,94854645524912,94854645524912,94854645524912,94854645524912,94854645524912,94854645524912,94854645524912,
140212742072072,140212742072072,140212742072072,140212742072072,140212742072072,140212742072072,140212742072072,140212742072072,140212742072072,140211359146000,140211359146000,140211359146000,140211359146000,140211359146000,140211359146000,140211359146000,140211359146000,140211359146000,
94854668123856,94854668123856,94854668123856,94854668123856,94854668123856,94854668123856,94854668123856,94854668123856,94854668123856,11000000000,11000000000,11000000000,11000000000,11000000000,11000000000,11000000000,11000000000,11000000000,
94854668123865,94854668123865,94854668123865,94854668123865,94854668123865,94854668123865,94854668123865,94854668123865,94854668123865,250000000,250000000,250000000,250000000,250000000,250000000,250000000,250000000,250000000,
94854668123865,94854668123865,94854668123865,94854668123865,94854668123865,94854668123865,94854668123865,94854668123865,94854668123865,2,2,2,2,2,2,2,2,2,
1,1,1,1,1,1,1,1,1,14187801269619107072,14187801269619107072,14187801269619107072,14187801269619107072,14187801269619107072,14187801269619107072,14187801269619107072,14187801269619107072,14187801269619107072,
94854668123824,94854668123824,94854668123824,94854668123824,94854668123824,94854668123824,94854668123824,94854668123824,94854668123824,140212750269248,140212750269248,140212750269248,140212750269248,140212750269248,140212750269248,140212750269248,140212750269248,140212750269248,
94854668123833,94854668123833,94854668123833,94854668123833,94854668123833,94854668123833,94854668123833,94854668123833,94854668123833,0,0,0,0,0,0,0,0,0,
94854668123833,94854668123833,94854668123833,94854668123833,94854668123833,94854668123833,94854668123833,94854668123833,94854668123833,94854643248752,94854643248752,94854643248752,94854643248752,94854643248752,94854643248752,94854643248752,94854643248752,94854643248752,
94854643259724,94854643259724,94854643259724,94854643259724,94854643259724,94854643259724,94854643259724,94854643259724,94854643259724,140731202082864,140731202082864,140731202082864,140731202082864,140731202082864,140731202082864,140731202082864,140731202082864,140731202082864,
94854645524912,94854645524912,94854645524912,94854645524912,94854645524912,94854645524912,94854645524912,94854645524912,94854645524912,0,0,0,0,0,0,0,0,0,
140211359146000,140211359146000,140211359146000,140211359146000,140211359146000,140211359146000,140211359146000,140211359146000,140211359146000,0,0,0,0,0,0,0,0,0,
11000000000,11000000000,11000000000,11000000000,11000000000,11000000000,11000000000,11000000000,11000000000,94854643368656,94854643368656,94854643368656,94854643368656,94854643368656,94854643368656,94854643368656,94854643368656,94854643368656,
250000000,250000000,250000000,250000000,250000000,250000000,250000000,250000000,250000000,140212738079879,140212738079879,140212738079879,140212738079879,140212738079879,140212738079879,140212738079879,140212738079879,140212738079879,
2,2,2,2,2,2,2,2,2,18446744073709551504,18446744073709551504,18446744073709551504,18446744073709551504,18446744073709551504,18446744073709551504,18446744073709551504,18446744073709551504,18446744073709551504,
14187801269619107072,14187801269619107072,14187801269619107072,14187801269619107072,14187801269619107072,14187801269619107072,14187801269619107072,14187801269619107072,14187801269619107072,140731202082872,140731202082872,140731202082872,140731202082872,140731202082872,140731202082872,140731202082872,140731202082872,140731202082872,
140212750269248,140212750269248,140212750269248,140212750269248,140212750269248,140212750269248,140212750269248,140212750269248,140212750269248,8589934480,8589934480,8589934480,8589934480,8589934480,8589934480,8589934480,8589934480,8589934480,
0,0,0,0,0,0,0,0,0,94854643258736,94854643258736,94854643258736,94854643258736,94854643258736,94854643258736,94854643258736,94854643258736,94854643258736,
94854643248752,94854643248752,94854643248752,94854643248752,94854643248752,94854643248752,94854643248752,94854643248752,94854643248752,0,0,0,0,0,0,0,0,0,
140731202082864,140731202082864,140731202082864,140731202082864,140731202082864,140731202082864,140731202082864,140731202082864,140731202082864,5466030417922972419,5466030417922972419,5466030417922972419,5466030417922972419,5466030417922972419,5466030417922972419,5466030417922972419,5466030417922972419,5466030417922972419,
0,0,0,0,0,0,0,0,0,94854643248752,94854643248752,94854643248752,94854643248752,94854643248752,94854643248752,94854643248752,94854643248752,94854643248752,
0,0,0,0,0,0,0,0,0,140731202082864,140731202082864,140731202082864,140731202082864,140731202082864,140731202082864,140731202082864,140731202082864,140731202082864,
94854643368656,94854643368656,94854643368656,94854643368656,94854643368656,94854643368656,94854643368656,94854643368656,94854643368656,0,0,0,0,0,0,0,0,0,
140212738079879,140212738079879,140212738079879,140212738079879,140212738079879,140212738079879,140212738079879,140212738079879,140212738079879,0,0,0,0,0,0,0,0,0,
18446744073709551504,18446744073709551504,18446744073709551504,18446744073709551504,18446744073709551504,18446744073709551504,18446744073709551504,18446744073709551504,18446744073709551504,1777810864035289859,1777810864035289859,1777810864035289859,1777810864035289859,1777810864035289859,1777810864035289859,1777810864035289859,1777810864035289859,1777810864035289859,
140731202082872,140731202082872,140731202082872,140731202082872,140731202082872,140731202082872,140731202082872,140731202082872,140731202082872,1754921668206746371,1754921668206746371,1754921668206746371,1754921668206746371,1754921668206746371,1754921668206746371,1754921668206746371,1754921668206746371,1754921668206746371,
8589934480,8589934480,8589934480,8589934480,8589934480,8589934480,8589934480,8589934480,8589934480,0,0,0,0,0,0,0,0,0,
94854643258736,94854643258736,94854643258736,94854643258736,94854643258736,94854643258736,94854643258736,94854643258736,94854643258736,0,0,0,0,0,0,0,0,0,
0,0,0,0,0,0,0,0,0,0,0,0,0,0,0,0,0,0,
5466030417922972419,5466030417922972419,5466030417922972419,5466030417922972419,5466030417922972419,5466030417922972419,5466030417922972419,5466030417922972419,5466030417922972419,140212750268627,140212750268627,140212750268627,140212750268627,140212750268627,140212750268627,140212750268627,140212750268627,140212750268627,
94854643248752,94854643248752,94854643248752,94854643248752,94854643248752,94854643248752,94854643248752,94854643248752,94854643248752,140212750135992,140212750135992,140212750135992,140212750135992,140212750135992,140212750135992,140212750135992,140212750135992,140212750135992,
140731202082864,140731202082864,140731202082864,140731202082864,140731202082864,140731202082864,140731202082864,140731202082864,140731202082864,140212744276912,140212744276912,140212744276912,140212744276912,140212744276912,140212744276912,140212744276912,140212744276912,140212744276912,
0,0,0,0,0,0,0,0,0,0,0,0,0,0,0,0,0,0,
0,0,0,0,0,0,0,0,0,0,0,0,0,0,0,0,0,0,
1777810864035289859,1777810864035289859,1777810864035289859,1777810864035289859,1777810864035289859,1777810864035289859,1777810864035289859,1777810864035289859,1777810864035289859,0,0,0,0,0,0,0,0,0,
1754921668206746371,1754921668206746371,1754921668206746371,1754921668206746371,1754921668206746371,1754921668206746371,1754921668206746371,1754921668206746371,1754921668206746371,94854643248752,94854643248752,94854643248752,94854643248752,94854643248752,94854643248752,94854643248752,94854643248752,94854643248752,
0,0,0,0,0,0,0,0,0,140731202082864,140731202082864,140731202082864,140731202082864,140731202082864,140731202082864,140731202082864,140731202082864,140731202082864,
0,0,0,0,0,0,0,0,0,94854643248794,94854643248794,94854643248794,94854643248794,94854643248794,94854643248794,94854643248794,94854643248794,94854643248794,
0,0,0,0,0,0,0,0,0,140731202082856,140731202082856,140731202082856,140731202082856,140731202082856,140731202082856,140731202082856,140731202082856,140731202082856,
140212750268627,140212750268627,140212750268627,140212750268627,140212750268627,140212750268627,140212750268627,140212750268627,140212750268627,28,28,28,28,28,28,28,28,28,
140212750135992,140212750135992,140212750135992,140212750135992,140212750135992,140212750135992,140212750135992,140212750135992,140212750135992,1,1,1,1,1,1,1,1,1,
140212744276912,140212744276912,140212744276912,140212744276912,140212744276912,140212744276912,140212744276912,140212744276912,140212744276912,140731202090346,140731202090346,140731202090346,140731202090346,140731202090346,140731202090346,140731202090346,140731202090346,140731202090346,
0,0,0,0,0,0,0,0,0,0,0,0,0,0,0,0,0,0,
0,0,0,0,0,0,0,0,0,140731202090389,140731202090389,140731202090389,140731202090389,140731202090389,140731202090389,140731202090389,140731202090389,140731202090389,
0,0,0,0,0,0,0,0,0,140731202091905,140731202091905,140731202091905,140731202091905,140731202091905,140731202091905,140731202091905,140731202091905,140731202091905,
94854643248752,94854643248752,94854643248752,94854643248752,94854643248752,94854643248752,94854643248752,94854643248752,94854643248752,140731202091927,140731202091927,140731202091927,140731202091927,140731202091927,140731202091927,140731202091927,140731202091927,140731202091927,
140731202082864,140731202082864,140731202082864,140731202082864,140731202082864,140731202082864,140731202082864,140731202082864,140731202082864,140731202091983,140731202091983,140731202091983,140731202091983,140731202091983,140731202091983,140731202091983,140731202091983,140731202091983,
94854643248794,94854643248794,94854643248794,94854643248794,94854643248794,94854643248794,94854643248794,94854643248794,94854643248794,140731202092017,140731202092017,140731202092017,140731202092017,140731202092017,140731202092017,140731202092017,140731202092017,140731202092017,
140731202082856,140731202082856,140731202082856,140731202082856,140731202082856,140731202082856,140731202082856,140731202082856,140731202082856,140731202092034,140731202092034,140731202092034,140731202092034,140731202092034,140731202092034,140731202092034,140731202092034,140731202092034,
28,28,28,28,28,28,28,28,28,140731202092067,140731202092067,140731202092067,140731202092067,140731202092067,140731202092067,140731202092067,140731202092067,140731202092067,
1,1,1,1,1,1,1,1,1,140731202092087,140731202092087,140731202092087,140731202092087,140731202092087,140731202092087,140731202092087,140731202092087,140731202092087,
140731202090346,140731202090346,140731202090346,140731202090346,140731202090346,140731202090346,140731202090346,140731202090346,140731202090346,140731202092102,140731202092102,140731202092102,140731202092102,140731202092102,140731202092102,140731202092102,140731202092102,140731202092102,
0,0,0,0,0,0,0,0,0,140731202092118,140731202092118,140731202092118,140731202092118,140731202092118,140731202092118,140731202092118,140731202092118,140731202092118,
140731202090389,140731202090389,140731202090389,140731202090389,140731202090389,140731202090389,140731202090389,140731202090389,140731202090389,140731202092131,140731202092131,140731202092131,140731202092131,140731202092131,140731202092131,140731202092131,140731202092131,140731202092131,
140731202091905,140731202091905,140731202091905,140731202091905,140731202091905,140731202091905,140731202091905,140731202091905,140731202091905,140731202092151,140731202092151,140731202092151,140731202092151,140731202092151,140731202092151,140731202092151,140731202092151,140731202092151,
140731202091927,140731202091927,140731202091927,140731202091927,140731202091927,140731202091927,140731202091927,140731202091927,140731202091927,140731202092163,140731202092163,140731202092163,140731202092163,140731202092163,140731202092163,140731202092163,140731202092163,140731202092163,
140731202091983,140731202091983,140731202091983,140731202091983,140731202091983,140731202091983,140731202091983,140731202091983,140731202091983,140731202092181,140731202092181,140731202092181,140731202092181,140731202092181,140731202092181,140731202092181,140731202092181,140731202092181,
140731202092017,140731202092017,140731202092017,140731202092017,140731202092017,140731202092017,140731202092017,140731202092017,140731202092017,140731202092217,140731202092217,140731202092217,140731202092217,140731202092217,140731202092217,140731202092217,140731202092217,140731202092217,
140731202092034,140731202092034,140731202092034,140731202092034,140731202092034,140731202092034,140731202092034,140731202092034,140731202092034,140731202092236,140731202092236,140731202092236,140731202092236,140731202092236,140731202092236,140731202092236,140731202092236,140731202092236,
140731202092067,140731202092067,140731202092067,140731202092067,140731202092067,140731202092067,140731202092067,140731202092067,140731202092067,140731202092341,140731202092341,140731202092341,140731202092341,140731202092341,140731202092341,140731202092341,140731202092341,140731202092341,
140731202092087,140731202092087,140731202092087,140731202092087,140731202092087,140731202092087,140731202092087,140731202092087,140731202092087,140731202092361,140731202092361,140731202092361,140731202092361,140731202092361,140731202092361,140731202092361,140731202092361,140731202092361,
140731202092102,140731202092102,140731202092102,140731202092102,140731202092102,140731202092102,140731202092102,140731202092102,140731202092102,140731202092414,140731202092414,140731202092414,140731202092414,140731202092414,140731202092414,140731202092414,140731202092414,140731202092414,
140731202092118,140731202092118,140731202092118,140731202092118,140731202092118,140731202092118,140731202092118,140731202092118,140731202092118,140731202092450,140731202092450,140731202092450,140731202092450,140731202092450,140731202092450,140731202092450,140731202092450,140731202092450,
140731202092131,140731202092131,140731202092131,140731202092131,140731202092131,140731202092131,140731202092131,140731202092131,140731202092131,140731202092478,140731202092478,140731202092478,140731202092478,140731202092478,140731202092478,140731202092478,140731202092478,140731202092478,
140731202092151,140731202092151,140731202092151,140731202092151,140731202092151,140731202092151,140731202092151,140731202092151,140731202092151,140731202092567,140731202092567,140731202092567,140731202092567,140731202092567,140731202092567,140731202092567,140731202092567,140731202092567,
140731202092163,140731202092163,140731202092163,140731202092163,140731202092163,140731202092163,140731202092163,140731202092163,140731202092163,140731202092589,140731202092589,140731202092589,140731202092589,140731202092589,140731202092589,140731202092589,140731202092589,140731202092589,
140731202092181,140731202092181,140731202092181,140731202092181,140731202092181,140731202092181,140731202092181,140731202092181,140731202092181,140731202092609,140731202092609,140731202092609,140731202092609,140731202092609,140731202092609,140731202092609,140731202092609,140731202092609,
140731202092217,140731202092217,140731202092217,140731202092217,140731202092217,140731202092217,140731202092217,140731202092217,140731202092217,140731202092625,140731202092625,140731202092625,140731202092625,140731202092625,140731202092625,140731202092625,140731202092625,140731202092625,
140731202092236,140731202092236,140731202092236,140731202092236,140731202092236,140731202092236,140731202092236,140731202092236,140731202092236,140731202092633,140731202092633,140731202092633,140731202092633,140731202092633,140731202092633,140731202092633,140731202092633,140731202092633,
140731202092341,140731202092341,140731202092341,140731202092341,140731202092341,140731202092341,140731202092341,140731202092341,140731202092341,140731202092698,140731202092698,140731202092698,140731202092698,140731202092698,140731202092698,140731202092698,140731202092698,140731202092698,
140731202092361,140731202092361,140731202092361,140731202092361,140731202092361,140731202092361,140731202092361,140731202092361,140731202092361,140731202092713,140731202092713,140731202092713,140731202092713,140731202092713,140731202092713,140731202092713,140731202092713,140731202092713,
140731202092414,140731202092414,140731202092414,140731202092414,140731202092414,140731202092414,140731202092414,140731202092414,140731202092414,140731202092745,140731202092745,140731202092745,140731202092745,140731202092745,140731202092745,140731202092745,140731202092745,140731202092745,
140731202092450,140731202092450,140731202092450,140731202092450,140731202092450,140731202092450,140731202092450,140731202092450,140731202092450,140731202092928,140731202092928,140731202092928,140731202092928,140731202092928,140731202092928,140731202092928,140731202092928,140731202092928,
140731202092478,140731202092478,140731202092478,140731202092478,140731202092478,140731202092478,140731202092478,140731202092478,140731202092478,140731202092960,140731202092960,140731202092960,140731202092960,140731202092960,140731202092960,140731202092960,140731202092960,140731202092960,
140731202092567,140731202092567,140731202092567,140731202092567,140731202092567,140731202092567,140731202092567,140731202092567,140731202092567,0,0,0,0,0,0,0,0,0,
140731202092589,140731202092589,140731202092589,140731202092589,140731202092589,140731202092589,140731202092589,140731202092589,140731202092589,33,33,33,33,33,33,33,33,33,
140731202092609,140731202092609,140731202092609,140731202092609,140731202092609,140731202092609,140731202092609,140731202092609,140731202092609,140731202396160,140731202396160,140731202396160,140731202396160,140731202396160,140731202396160,140731202396160,140731202396160,140731202396160,
140731202092625,140731202092625,140731202092625,140731202092625,140731202092625,140731202092625,140731202092625,140731202092625,140731202092625,16,16,16,16,16,16,16,16,16,
140731202092633,140731202092633,140731202092633,140731202092633,140731202092633,140731202092633,140731202092633,140731202092633,140731202092633,3219913727,3219913727,3219913727,3219913727,3219913727,3219913727,3219913727,3219913727,3219913727,
140731202092698,140731202092698,140731202092698,140731202092698,140731202092698,140731202092698,140731202092698,140731202092698,140731202092698,6,6,6,6,6,6,6,6,6,
140731202092713,140731202092713,140731202092713,140731202092713,140731202092713,140731202092713,140731202092713,140731202092713,140731202092713,4096,4096,4096,4096,4096,4096,4096,4096,4096,
140731202092745,140731202092745,140731202092745,140731202092745,140731202092745,140731202092745,140731202092745,140731202092745,140731202092745,17,17,17,17,17,17,17,17,17,
140731202092928,140731202092928,140731202092928,140731202092928,140731202092928,140731202092928,140731202092928,140731202092928,140731202092928,100,100,100,100,100,100,100,100,100,
140731202092960,140731202092960,140731202092960,140731202092960,140731202092960,140731202092960,140731202092960,140731202092960,140731202092960,3,3,3,3,3,3,3,3,3,
0,0,0,0,0,0,0,0,0,94854643232832,94854643232832,94854643232832,94854643232832,94854643232832,94854643232832,94854643232832,94854643232832,94854643232832,
33,33,33,33,33,33,33,33,33,4,4,4,4,4,4,4,4,4,
140731202396160,140731202396160,140731202396160,140731202396160,140731202396160,140731202396160,140731202396160,140731202396160,140731202396160,56,56,56,56,56,56,56,56,56,
16,16,16,16,16,16,16,16,16,5,5,5,5,5,5,5,5,5,
3219913727,3219913727,3219913727,3219913727,3219913727,3219913727,3219913727,3219913727,3219913727,9,9,9,9,9,9,9,9,9,
6,6,6,6,6,6,6,6,6,7,7,7,7,7,7,7,7,7,
4096,4096,4096,4096,4096,4096,4096,4096,4096,140212750200832,140212750200832,140212750200832,140212750200832,140212750200832,140212750200832,140212750200832,140212750200832,140212750200832,
17,17,17,17,17,17,17,17,17,8,8,8,8,8,8,8,8,8,
100,100,100,100,100,100,100,100,100,0,0,0,0,0,0,0,0,0,
3,3,3,3,3,3,3,3,3,9,9,9,9,9,9,9,9,9,
94854643232832,94854643232832,94854643232832,94854643232832,94854643232832,94854643232832,94854643232832,94854643232832,94854643232832,94854643248752,94854643248752,94854643248752,94854643248752,94854643248752,94854643248752,94854643248752,94854643248752,94854643248752,
4,4,4,4,4,4,4,4,4,11,11,11,11,11,11,11,11,11,
56,56,56,56,56,56,56,56,56,20001,20001,20001,20001,20001,20001,20001,20001,20001,
5,5,5,5,5,5,5,5,5,12,12,12,12,12,12,12,12,12,
9,9,9,9,9,9,9,9,9,20001,20001,20001,20001,20001,20001,20001,20001,20001,
7,7,7,7,7,7,7,7,7,13,13,13,13,13,13,13,13,13,
140212750200832,140212750200832,140212750200832,140212750200832,140212750200832,140212750200832,140212750200832,140212750200832,140212750200832,3446,3446,3446,3446,3446,3446,3446,3446,3446,
8,8,8,8,8,8,8,8,8,14,14,14,14,14,14,14,14,14,
0,0,0,0,0,0,0,0,0,3446,3446,3446,3446,3446,3446,3446,3446,3446,
9,9,9,9,9,9,9,9,9,23,23,23,23,23,23,23,23,23,
94854643248752,94854643248752,94854643248752,94854643248752,94854643248752,94854643248752,94854643248752,94854643248752,94854643248752,0,0,0,0,0,0,0,0,0,
11,11,11,11,11,11,11,11,11,25,25,25,25,25,25,25,25,25,
20001,20001,20001,20001,20001,20001,20001,20001,20001,140731202083465,140731202083465,140731202083465,140731202083465,140731202083465,140731202083465,140731202083465,140731202083465,140731202083465,
12,12,12,12,12,12,12,12,12,26,26,26,26,26,26,26,26,26,
20001,20001,20001,20001,20001,20001,20001,20001,20001,0,0,0,0,0,0,0,0,0,
13,13,13,13,13,13,13,13,13,31,31,31,31,31,31,31,31,31,
3446,3446,3446,3446,3446,3446,3446,3446,3446,140731202093005,140731202093005,140731202093005,140731202093005,140731202093005,140731202093005,140731202093005,140731202093005,140731202093005,
14,14,14,14,14,14,14,14,14,15,15,15,15,15,15,15,15,15,
3446,3446,3446,3446,3446,3446,3446,3446,3446,140731202083481,140731202083481,140731202083481,140731202083481,140731202083481,140731202083481,140731202083481,140731202083481,140731202083481,
23,23,23,23,23,23,23,23,23,0,0,0,0,0,0,0,0,0,
0,0,0,0,0,0,0,0,0,0,0,0,0,0,0,0,0,0,
25,25,25,25,25,25,25,25,25,16515286575419312896,16515286575419312896,16515286575419312896,16515286575419312896,16515286575419312896,16515286575419312896,16515286575419312896,16515286575419312896,16515286575419312896,
140731202083465,140731202083465,140731202083465,140731202083465,140731202083465,140731202083465,140731202083465,140731202083465,140731202083465,9364013384664953796,9364013384664953796,9364013384664953796,9364013384664953796,9364013384664953796,9364013384664953796,9364013384664953796,9364013384664953796,9364013384664953796,
26,26,26,26,26,26,26,26,26,14696481348417709,14696481348417709,14696481348417709,14696481348417709,14696481348417709,14696481348417709,14696481348417709,14696481348417709,14696481348417709,
0,0,0,0,0,0,0,0,0,0,0,0,0,0,0,0,0,0,
31,31,31,31,31,31,31,31,31,0,0,0,0,0,0,0,0,0,
140731202093005,140731202093005,140731202093005,140731202093005,140731202093005,140731202093005,140731202093005,140731202093005,140731202093005,0,0,0,0,0,0,0,0,0,
15,15,15,15,15,15,15,15,15,0,0,0,0,0,0,0,0,0,
140731202083481,140731202083481,140731202083481,140731202083481,140731202083481,140731202083481,140731202083481,140731202083481,140731202083481,0,0,0,0,0,0,0,0,0,
0,0,0,0,0,0,0,0,0,0,0,0,0,0,0,0,0,0,
0,0,0,0,0,0,0,0,0,0,0,0,0,0,0,0,0,0,
16515286575419312896,16515286575419312896,16515286575419312896,16515286575419312896,16515286575419312896,16515286575419312896,16515286575419312896,16515286575419312896,16515286575419312896,0,0,0,0,0,0,0,0,0,
9364013384664953796,9364013384664953796,9364013384664953796,9364013384664953796,9364013384664953796,9364013384664953796,9364013384664953796,9364013384664953796,9364013384664953796,0,0,0,0,0,0,0,0,0,
14696481348417709,14696481348417709,14696481348417709,14696481348417709,14696481348417709,14696481348417709,14696481348417709,14696481348417709,14696481348417709,0,0,0,0,0,0,0,0,0,
0,0,0,0,0,0,0,0,0,0,0,0,0,0,0,0,0,0,
0,0,0,0,0,0,0,0,0,0,0,0,0,0,0,0,0,0,
0,0,0,0,0,0,0,0,0,0,0,0,0,0,0,0,0,0,
0,0,0,0,0,0,0,0,0,0,0,0,0,0,0,0,0,0,
0,0,0,0,0,0,0,0,0,0,0,0,0,0,0,0,0,0,
0,0,0,0,0,0,0,0,0,0,0,0,0,0,0,0,0,0,
0,0,0,0,0,0,0,0,0,0,0,0,0,0,0,0,0,0,
0,0,0,0,0,0,0,0,0,0,0,0,0,0,0,0,0,0,
0,0,0,0,0,0,0,0,0,0,0,0,0,0,0,0,0,0,
0,0,0,0,0,0,0,0,0,0,0,0,0,0,0,0,0,0,
0,0,0,0,0,0,0,0,0,0,0,0,0,0,0,0,0,0,
0,0,0,0,0,0,0,0,0,0,0,0,0,0,0,0,0,0,
0,0,0,0,0,0,0,0,0,0,0,0,0,0,0,0,0,0,
0,0,0,0,0,0,0,0,0,0,0,0,0,0,0,0,0,0,
0,0,0,0,0,0,0,0,0,0,0,0,0,0,0,0,0,0,
0,0,0,0,0,0,0,0,0,0,0,0,0,0,0,0,0,0,
0,0,0,0,0,0,0,0,0,0,0,0,0,0,0,0,0,0,
0,0,0,0,0,0,0,0,0,0,0,0,0,0,0,0,0,0,
0,0,0,0,0,0,0,0,0,0,0,0,0,0,0,0,0,0,
0,0,0,0,0,0,0,0,0,0,0,0,0,0,0,0,0,0,
0,0,0,0,0,0,0,0,0,0,0,0,0,0,0,0,0,0,
0,0,0,0,0,0,0,0,0,0,0,0,0,0,0,0,0,0,
0,0,0,0,0,0,0,0,0,0,0,0,0,0,0,0,0,0,
0,0,0,0,0,0,0,0,0,0,0,0,0,0,0,0,0,0,
0,0,0,0,0,0,0,0,0,0,0,0,0,0,0,0,0,0,
0,0,0,0,0,0,0,0,0,0,0,0,0,0,0,0,0,0,
0,0,0,0,0,0,0,0,0,0,0,0,0,0,0,0,0,0,
0,0,0,0,0,0,0,0,0,0,0,0,0,0,0,0,0,0,
0,0,0,0,0,0,0,0,0,0,0,0,0,0,0,0,0,0,
0,0,0,0,0,0,0,0,0,0,0,0,0,0,0,0,0,0,
0,0,0,0,0,0,0,0,0,0,0,0,0,0,0,0,0,0,
0,0,0,0,0,0,0,0,0,0,0,0,0,0,0,0,0,0,
0,0,0,0,0,0,0,0,0,0,0,0,0,0,0,0,0,0,
0,0,0,0,0,0,0,0,0,0,0,0,0,0,0,0,0,0,
0,0,0,0,0,0,0,0,0,0,0,0,0,0,0,0,0,0,
0,0,0,0,0,0,0,0,0,0,0,0,0,0,0,0,0,0,
0,0,0,0,0,0,0,0,0,0,0,0,0,0,0,0,0,0,
0,0,0,0,0,0,0,0,0,0,0,0,0,0,0,0,0,0,
0,0,0,0,0,0,0,0,0,0,0,0,0,0,0,0,0,0,
0,0,0,0,0,0,0,0,0,0,0,0,0,0,0,0,0,0,
0,0,0,0,0,0,0,0,0,0,0,0,0,0,0,0,0,0,
0,0,0,0,0,0,0,0,0,0,0,0,0,0,0,0,0,0,
0,0,0,0,0,0,0,0,0,0,0,0,0,0,0,0,0,0,
0,0,0,0,0,0,0,0,0,0,0,0,0,0,0,0,0,0,
0,0,0,0,0,0,0,0,0,0,0,0,0,0,0,0,0,0,
0,0,0,0,0,0,0,0,0,0,0,0,0,0,0,0,0,0,
0,0,0,0,0,0,0,0,0,0,0,0,0,0,0,0,0,0,
0,0,0,0,0,0,0,0,0,0,0,0,0,0,0,0,0,0,
0,0,0,0,0,0,0,0,0,0,0,0,0,0,0,0,0,0,
0,0,0,0,0,0,0,0,0,0,0,0,0,0,0,0,0,0,
0,0,0,0,0,0,0,0,0,0,0,0,0,0,0,0,0,0,
0,0,0,0,0,0,0,0,0,0,0,0,0,0,0,0,0,0,
0,0,0,0,0,0,0,0,0,0,0,0,0,0,0,0,0,0,
0,0,0,0,0,0,0,0,0,0,0,0,0,0,0,0,0,0,
0,0,0,0,0,0,0,0,0,0,0,0,0,0,0,0,0,0,
0,0,0,0,0,0,0,0,0,0,0,0,0,0,0,0,0,0,
0,0,0,0,0,0,0,0,0,0,0,0,0,0,0,0,0,0,
0,0,0,0,0,0,0,0,0,0,0,0,0,0,0,0,0,0,
0,0,0,0,0,0,0,0,0,0,0,0,0,0,0,0,0,0,
0,0,0,0,0,0,0,0,0,0,0,0,0,0,0,0,0,0,
0,0,0,0,0,0,0,0,0,0,0,0,0,0,0,0,0,0,
0,0,0,0,0,0,0,0,0,0,0,0,0,0,0,0,0,0,
0,0,0,0,0,0,0,0,0,0,0,0,0,0,0,0,0,0,
0,0,0,0,0,0,0,0,0,0,0,0,0,0,0,0,0,0,
0,0,0,0,0,0,0,0,0,0,0,0,0,0,0,0,0,0,
0,0,0,0,0,0,0,0,0,0,0,0,0,0,0,0,0,0,
0,0,0,0,0,0,0,0,0,0,0,0,0,0,0,0,0,0,
0,0,0,0,0,0,0,0,0,0,0,0,0,0,0,0,0,0,
0,0,0,0,0,0,0,0,0,0,0,0,0,0,0,0,0,0,
0,0,0,0,0,0,0,0,0,0,0,0,0,0,0,0,0,0,
0,0,0,0,0,0,0,0,0,0,0,0,0,0,0,0,0,0,
0,0,0,0,0,0,0,0,0,0,0,0,0,0,0,0,0,0,
0,0,0,0,0,0,0,0,0,0,0,0,0,0,0,0,0,0,
0,0,0,0,0,0,0,0,0,0,0,0,0,0,0,0,0,0,
0,0,0,0,0,0,0,0,0,0,0,0,0,0,0,0,0,0,
0,0,0,0,0,0,0,0,0,0,0,0,0,0,0,0,0,0,
0,0,0,0,0,0,0,0,0,0,0,0,0,0,0,0,0,0,
0,0,0,0,0,0,0,0,0,0,0,0,0,0,0,0,0,0,
0,0,0,0,0,0,0,0,0,0,0,0,0,0,0,0,0,0,
0,0,0,0,0,0,0,0,0,0,0,0,0,0,0,0,0,0,
0,0,0,0,0,0,0,0,0,0,0,0,0,0,0,0,0,0,
0,0,0,0,0,0,0,0,0,0,0,0,0,0,0,0,0,0,
0,0,0,0,0,0,0,0,0,0,0,0,0,0,0,0,0,0,
0,0,0,0,0,0,0,0,0,0,0,0,0,0,0,0,0,0,
0,0,0,0,0,0,0,0,0,0,0,0,0,0,0,0,0,0,
0,0,0,0,0,0,0,0,0,0,0,0,0,0,0,0,0,0,
0,0,0,0,0,0,0,0,0,0,0,0,0,0,0,0,0,0,
0,0,0,0,0,0,0,0,0,0,0,0,0,0,0,0,0,0,
0,0,0,0,0,0,0,0,0,0,0,0,0,0,0,0,0,0,
0,0,0,0,0,0,0,0,0,0,0,0,0,0,0,0,0,0,
0,0,0,0,0,0,0,0,0,0,0,0,0,0,0,0,0,0,
0,0,0,0,0,0,0,0,0,0,0,0,0,0,0,0,0,0,
0,0,0,0,0,0,0,0,0,0,0,0,0,0,0,0,0,0,
0,0,0,0,0,0,0,0,0,0,0,0,0,0,0,0,0,0,
0,0,0,0,0,0,0,0,0,0,0,0,0,0,0,0,0,0,
0,0,0,0,0,0,0,0,0,0,0,0,0,0,0,0,0,0,
0,0,0,0,0,0,0,0,0,0,0,0,0,0,0,0,0,0,
0,0,0,0,0,0,0,0,0,0,0,0,0,0,0,0,0,0,
0,0,0,0,0,0,0,0,0,0,0,0,0,0,0,0,0,0,
0,0,0,0,0,0,0,0,0,0,0,0,0,0,0,0,0,0,
0,0,0,0,0,0,0,0,0,0,0,0,0,0,0,0,0,0,
0,0,0,0,0,0,0,0,0,0,0,0,0,0,0,0,0,0,
0,0,0,0,0,0,0,0,0,0,0,0,0,0,0,0,0,0,
0,0,0,0,0,0,0,0,0,0,0,0,0,0,0,0,0,0,
0,0,0,0,0,0,0,0,0,0,0,0,0,0,0,0,0,0,
0,0,0,0,0,0,0,0,0,0,0,0,0,0,0,0,0,0,
0,0,0,0,0,0,0,0,0,0,0,0,0,0,0,0,0,0,
0,0,0,0,0,0,0,0,0,0,0,0,0,0,0,0,0,0,
0,0,0,0,0,0,0,0,0,0,0,0,0,0,0,0,0,0,
0,0,0,0,0,0,0,0,0,0,0,0,0,0,0,0,0,0,
0,0,0,0,0,0,0,0,0,0,0,0,0,0,0,0,0,0,
0,0,0,0,0,0,0,0,0,0,0,0,0,0,0,0,0,0,
0,0,0,0,0,0,0,0,0,0,0,0,0,0,0,0,0,0,
0,0,0,0,0,0,0,0,0,0,0,0,0,0,0,0,0,0,
0,0,0,0,0,0,0,0,0,0,0,0,0,0,0,0,0,0,
0,0,0,0,0,0,0,0,0,0,0,0,0,0,0,0,0,0,
0,0,0,0,0,0,0,0,0,0,0,0,0,0,0,0,0,0,
0,0,0,0,0,0,0,0,0,0,0,0,0,0,0,0,0,0,
0,0,0,0,0,0,0,0,0,0,0,0,0,0,0,0,0,0,
0,0,0,0,0,0,0,0,0,0,0,0,0,0,0,0,0,0,
0,0,0,0,0,0,0,0,0,0,0,0,0,0,0,0,0,0,
0,0,0,0,0,0,0,0,0,0,0,0,0,0,0,0,0,0,
0,0,0,0,0,0,0,0,0,0,0,0,0,0,0,0,0,0,
0,0,0,0,0,0,0,0,0,0,0,0,0,0,0,0,0,0,
0,0,0,0,0,0,0,0,0,0,0,0,0,0,0,0,0,0,
0,0,0,0,0,0,0,0,0,0,0,0,0,0,0,0,0,0,
0,0,0,0,0,0,0,0,0,0,0,0,0,0,0,0,0,0,
0,0,0,0,0,0,0,0,0,0,0,0,0,0,0,0,0,0,
0,0,0,0,0,0,0,0,0,0,0,0,0,0,0,0,0,0,
0,0,0,0,0,0,0,0,0,0,0,0,0,0,0,0,0,0,
0,0,0,0,0,0,0,0,0,0,0,0,0,0,0,0,0,0,
0,0,0,0,0,0,0,0,0,0,0,0,0,0,0,0,0,0,
0,0,0,0,0,0,0,0,0,0,0,0,0,0,0,0,0,0,
0,0,0,0,0,0,0,0,0,0,0,0,0,0,0,0,0,0,
0,0,0,0,0,0,0,0,0,0,0,0,0,0,0,0,0,0,
0,0,0,0,0,0,0,0,0,0,0,0,0,0,0,0,0,0,
0,0,0,0,0,0,0,0,0,0,0,0,0,0,0,0,0,0,
0,0,0,0,0,0,0,0,0,0,0,0,0,0,0,0,0,0,
0,0,0,0,0,0,0,0,0,0,0,0,0,0,0,0,0,0,
0,0,0,0,0,0,0,0,0,0,0,0,0,0,0,0,0,0,
0,0,0,0,0,0,0,0,0,0,0,0,0,0,0,0,0,0,
0,0,0,0,0,0,0,0,0,0,0,0,0,0,0,0,0,0,
0,0,0,0,0,0,0,0,0,0,0,0,0,0,0,0,0,0,
0,0,0,0,0,0,0,0,0,0,0,0,0,0,0,0,0,0,
0,0,0,0,0,0,0,0,0,0,0,0,0,0,0,0,0,0,
0,0,0,0,0,0,0,0,0,0,0,0,0,0,0,0,0,0,
0,0,0,0,0,0,0,0,0,0,0,0,0,0,0,0,0,0,
0,0,0,0,0,0,0,0,0,0,0,0,0,0,0,0,0,0,
0,0,0,0,0,0,0,0,0,0,0,0,0,0,0,0,0,0,
0,0,0,0,0,0,0,0,0,0,0,0,0,0,0,0,0,0,
0,0,0,0,0,0,0,0,0,0,0,0,0,0,0,0,0,0,
0,0,0,0,0,0,0,0,0,0,0,0,0,0,0,0,0,0,
0,0,0,0,0,0,0,0,0,0,0,0,0,0,0,0,0,0,
0,0,0,0,0,0,0,0,0,0,0,0,0,0,0,0,0,0,
0,0,0,0,0,0,0,0,0,0,0,0,0,0,0,0,0,0,
0,0,0,0,0,0,0,0,0,0,0,0,0,0,0,0,0,0,
0,0,0,0,0,0,0,0,0,0,0,0,0,0,0,0,0,0,
0,0,0,0,0,0,0,0,0,0,0,0,0,0,0,0,0,0,
0,0,0,0,0,0,0,0,0,0,0,0,0,0,0,0,0,0,
0,0,0,0,0,0,0,0,0,0,0,0,0,0,0,0,0,0,
0,0,0,0,0,0,0,0,0,0,0,0,0,0,0,0,0,0,
0,0,0,0,0,0,0,0,0,0,0,0,0,0,0,0,0,0,
0,0,0,0,0,0,0,0,0,0,0,0,0,0,0,0,0,0,
0,0,0,0,0,0,0,0,0,0,0,0,0,0,0,0,0,0,
0,0,0,0,0,0,0,0,0,0,0,0,0,0,0,0,0,0,
0,0,0,0,0,0,0,0,0,0,0,0,0,0,0,0,0,0,
0,0,0,0,0,0,0,0,0,0,0,0,0,0,0,0,0,0,
0,0,0,0,0,0,0,0,0,0,0,0,0,0,0,0,0,0,
0,0,0,0,0,0,0,0,0,0,0,0,0,0,0,0,0,0,
0,0,0,0,0,0,0,0,0,0,0,0,0,0,0,0,0,0,
0,0,0,0,0,0,0,0,0,0,0,0,0,0,0,0,0,0,
0,0,0,0,0,0,0,0,0,0,0,0,0,0,0,0,0,0,
0,0,0,0,0,0,0,0,0,0,0,0,0,0,0,0,0,0,
0,0,0,0,0,0,0,0,0,0,0,0,0,0,0,0,0,0,
0,0,0,0,0,0,0,0,0,0,0,0,0,0,0,0,0,0,
0,0,0,0,0,0,0,0,0,0,0,0,0,0,0,0,0,0,
0,0,0,0,0,0,0,0,0,0,0,0,0,0,0,0,0,0,
0,0,0,0,0,0,0,0,0,0,0,0,0,0,0,0,0,0,
0,0,0,0,0,0,0,0,0,0,0,0,0,0,0,0,0,0,
0,0,0,0,0,0,0,0,0,0,0,0,0,0,0,0,0,0,
0,0,0,0,0,0,0,0,0,0,0,0,0,0,0,0,0,0,
0,0,0,0,0,0,0,0,0,0,0,0,0,0,0,0,0,0,
0,0,0,0,0,0,0,0,0,0,0,0,0,0,0,0,0,0,
0,0,0,0,0,0,0,0,0,0,0,0,0,0,0,0,0,0,
0,0,0,0,0,0,0,0,0,0,0,0,0,0,0,0,0,0,
0,0,0,0,0,0,0,0,0,0,0,0,0,0,0,0,0,0,
0,0,0,0,0,0,0,0,0,0,0,0,0,0,0,0,0,0,
0,0,0,0,0,0,0,0,0,0,0,0,0,0,0,0,0,0,
0,0,0,0,0,0,0,0,0,0,0,0,0,0,0,0,0,0,
0,0,0,0,0,0,0,0,0,0,0,0,0,0,0,0,0,0,
0,0,0,0,0,0,0,0,0,0,0,0,0,0,0,0,0,0,
0,0,0,0,0,0,0,0,0,0,0,0,0,0,0,0,0,0,
0,0,0,0,0,0,0,0,0,0,0,0,0,0,0,0,0,0,
0,0,0,0,0,0,0,0,0,0,0,0,0,0,0,0,0,0,
0,0,0,0,0,0,0,0,0,0,0,0,0,0,0,0,0,0,
0,0,0,0,0,0,0,0,0,0,0,0,0,0,0,0,0,0,
0,0,0,0,0,0,0,0,0,0,0,0,0,0,0,0,0,0,
0,0,0,0,0,0,0,0,0,0,0,0,0,0,0,0,0,0,
0,0,0,0,0,0,0,0,0,0,0,0,0,0,0,0,0,0,
0,0,0,0,0,0,0,0,0,0,0,0,0,0,0,0,0,0,
0,0,0,0,0,0,0,0,0,0,0,0,0,0,0,0,0,0,
0,0,0,0,0,0,0,0,0,0,0,0,0,0,0,0,0,0,
0,0,0,0,0,0,0,0,0,0,0,0,0,0,0,0,0,0,
0,0,0,0,0,0,0,0,0,0,0,0,0,0,0,0,0,0,
0,0,0,0,0,0,0,0,0,0,0,0,0,0,0,0,0,0,
0,0,0,0,0,0,0,0,0,0,0,0,0,0,0,0,0,0,
0,0,0,0,0,0,0,0,0,0,0,0,0,0,0,0,0,0,
0,0,0,0,0,0,0,0,0,0,0,0,0,0,0,0,0,0,
0,0,0,0,0,0,0,0,0,0,0,0,0,0,0,0,0,0,
0,0,0,0,0,0,0,0,0,0,0,0,0,0,0,0,0,0,
0,0,0,0,0,0,0,0,0,0,0,0,0,0,0,0,0,0,
0,0,0,0,0,0,0,0,0,0,0,0,0,0,0,0,0,0,
0,0,0,0,0,0,0,0,0,0,0,0,0,0,0,0,0,0,
0,0,0,0,0,0,0,0,0,0,0,0,0,0,0,0,0,0,
0,0,0,0,0,0,0,0,0,0,0,0,0,0,0,0,0,0,
0,0,0,0,0,0,0,0,0,0,0,0,0,0,0,0,0,0,
0,0,0,0,0,0,0,0,0,0,0,0,0,0,0,0,0,0,
0,0,0,0,0,0,0,0,0,0,0,0,0,0,0,0,0,0,
0,0,0,0,0,0,0,0,0,0,0,0,0,0,0,0,0,0,
0,0,0,0,0,0,0,0,0,0,0,0,0,0,0,0,0,0,
0,0,0,0,0,0,0,0,0,0,0,0,0,0,0,0,0,0,
0,0,0,0,0,0,0,0,0,0,0,0,0,0,0,0,0,0,
0,0,0,0,0,0,0,0,0,0,0,0,0,0,0,0,0,0,
0,0,0,0,0,0,0,0,0,0,0,0,0,0,0,0,0,0,
0,0,0,0,0,0,0,0,0,0,0,0,0,0,0,0,0,0,
0,0,0,0,0,0,0,0,0,0,0,0,0,0,0,0,0,0,
0,0,0,0,0,0,0,0,0,0,0,0,0,0,0,0,0,0,
0,0,0,0,0,0,0,0,0,0,0,0,0,0,0,0,0,0,
0,0,0,0,0,0,0,0,0,0,0,0,0,0,0,0,0,0,
0,0,0,0,0,0,0,0,0,0,0,0,0,0,0,0,0,0,
0,0,0,0,0,0,0,0,0,0,0,0,0,0,0,0,0,0,
0,0,0,0,0,0,0,0,0,0,0,0,0,0,0,0,0,0,
0,0,0,0,0,0,0,0,0,0,0,0,0,0,0,0,0,0,
0,0,0,0,0,0,0,0,0,0,0,0,0,0,0,0,0,0,
0,0,0,0,0,0,0,0,0,0,0,0,0,0,0,0,0,0,
0,0,0,0,0,0,0,0,0,0,0,0,0,0,0,0,0,0,
